GW 1.48125
Task 41 100 0.41
Task 33 100 0.33
Task 44 200 0.22
Task 36 200 0.18
Task 25 200 0.125
Task 33 400 0.0825
Task 31 400 0.0775
Task 45 800 0.05625
GW 1.475
Task 90 100 0.9
Task 27 100 0.27
Task 11 200 0.055
Task 10 200 0.05
Task 10 200 0.05
Task 10 200 0.05
Task 20 400 0.05
Task 20 400 0.05
GW 0.3
Task 300 1000 0.3
-------------
001
-------------
GW 1.46
Task 88 100 0.88
Task 24 100 0.24
Task 8 100 0.08
Task 6 100 0.06
Task 10 200 0.05
Task 10 200 0.05
Task 40 800 0.05
Task 40 800 0.05
GW 1.47625
Task 66 100 0.66
Task 34 100 0.34
Task 24 200 0.12
Task 44 400 0.11
Task 28 400 0.07
Task 24 400 0.06
Task 24 400 0.06
Task 45 800 0.05625
GW 0.3
Task 300 1000 0.3
-------------
002
-------------
GW 1.4775
Task 89 100 0.89
Task 21 100 0.21
Task 8 100 0.08
Task 32 400 0.08
Task 50 800 0.0625
Task 42 800 0.0525
Task 41 800 0.05125
Task 41 800 0.05125
GW 1.48375
Task 53 100 0.53
Task 87 200 0.435
Task 35 200 0.175
Task 19 200 0.095
Task 17 200 0.085
Task 24 400 0.06
Task 43 800 0.05375
Task 40 800 0.05
GW 0.3
Task 300 1000 0.3
-------------
003
-------------
GW 1.485
Task 68 100 0.68
Task 95 200 0.475
Task 16 200 0.08
Task 10 200 0.05
Task 20 400 0.05
Task 20 400 0.05
Task 40 800 0.05
Task 40 800 0.05
GW 1.485
Task 71 100 0.71
Task 47 100 0.47
Task 5 100 0.05
Task 11 200 0.055
Task 10 200 0.05
Task 10 200 0.05
Task 10 200 0.05
Task 20 400 0.05
GW 0.3
Task 300 1000 0.3
-------------
004
-------------
GW 1.48625
Task 110 200 0.55
Task 55 200 0.275
Task 78 400 0.195
Task 70 400 0.175
Task 46 400 0.115
Task 58 800 0.0725
Task 43 800 0.05375
Task 40 800 0.05
GW 1.47875
Task 55 100 0.55
Task 77 200 0.385
Task 31 200 0.155
Task 31 200 0.155
Task 32 400 0.08
Task 21 400 0.0525
Task 41 800 0.05125
Task 40 800 0.05
GW 0.3
Task 300 1000 0.3
-------------
005
-------------
GW 1.48875
Task 56 100 0.56
Task 41 100 0.41
Task 35 200 0.175
Task 19 200 0.095
Task 36 400 0.09
Task 22 400 0.055
Task 43 800 0.05375
Task 40 800 0.05
GW 1.48625
Task 80 100 0.8
Task 27 100 0.27
Task 54 400 0.135
Task 27 400 0.0675
Task 25 400 0.0625
Task 41 800 0.05125
Task 40 800 0.05
Task 40 800 0.05
GW 0.3
Task 300 1000 0.3
-------------
006
-------------
GW 1.4925
Task 176 200 0.88
Task 45 200 0.225
Task 39 400 0.0975
Task 29 400 0.0725
Task 27 400 0.0675
Task 40 800 0.05
Task 40 800 0.05
Task 40 800 0.05
GW 1.485
Task 78 100 0.78
Task 23 100 0.23
Task 60 400 0.15
Task 41 400 0.1025
Task 27 400 0.0675
Task 42 800 0.0525
Task 41 800 0.05125
Task 41 800 0.05125
GW 0.3
Task 300 1000 0.3
-------------
007
-------------
GW 1.4825
Task 58 100 0.58
Task 90 200 0.45
Task 22 200 0.11
Task 39 400 0.0975
Task 38 400 0.095
Task 20 400 0.05
Task 40 800 0.05
Task 40 800 0.05
GW 1.485
Task 63 100 0.63
Task 47 100 0.47
Task 45 400 0.1125
Task 22 400 0.055
Task 45 800 0.05625
Task 45 800 0.05625
Task 43 800 0.05375
Task 41 800 0.05125
GW 0.3
Task 300 1000 0.3
-------------
008
-------------
GW 1.48625
Task 79 100 0.79
Task 61 200 0.305
Task 36 400 0.09
Task 28 400 0.07
Task 26 400 0.065
Task 48 800 0.06
Task 43 800 0.05375
Task 42 800 0.0525
GW 1.4875
Task 86 100 0.86
Task 24 100 0.24
Task 13 100 0.13
Task 11 200 0.055
Task 21 400 0.0525
Task 40 800 0.05
Task 40 800 0.05
Task 40 800 0.05
GW 0.3
Task 300 1000 0.3
-------------
009
-------------
GW 1.4675
Task 40 100 0.4
Task 36 100 0.36
Task 31 100 0.31
Task 15 100 0.15
Task 15 200 0.075
Task 13 200 0.065
Task 22 400 0.055
Task 21 400 0.0525
GW 1.48625
Task 71 100 0.71
Task 77 200 0.385
Task 20 200 0.1
Task 35 400 0.0875
Task 42 800 0.0525
Task 41 800 0.05125
Task 40 800 0.05
Task 40 800 0.05
GW 0.3
Task 300 1000 0.3
-------------
010
-------------
GW 1.48125
Task 61 100 0.61
Task 37 100 0.37
Task 13 100 0.13
Task 9 100 0.09
Task 18 200 0.09
Task 32 400 0.08
Task 49 800 0.06125
Task 40 800 0.05
GW 1.485
Task 67 100 0.67
Task 30 100 0.3
Task 26 100 0.26
Task 11 200 0.055
Task 10 200 0.05
Task 10 200 0.05
Task 40 800 0.05
Task 40 800 0.05
GW 0.3
Task 300 1000 0.3
-------------
011
-------------
GW 1.48375
Task 43 100 0.43
Task 80 200 0.4
Task 151 400 0.3775
Task 25 400 0.0625
Task 22 400 0.055
Task 45 800 0.05625
Task 42 800 0.0525
Task 40 800 0.05
GW 1.47625
Task 61 100 0.61
Task 27 100 0.27
Task 32 200 0.16
Task 27 200 0.135
Task 40 400 0.1
Task 31 400 0.0775
Task 51 800 0.06375
Task 48 800 0.06
GW 0.3
Task 300 1000 0.3
-------------
012
-------------
GW 1.48625
Task 61 100 0.61
Task 54 200 0.27
Task 61 400 0.1525
Task 50 400 0.125
Task 48 400 0.12
Task 76 800 0.095
Task 48 800 0.06
Task 43 800 0.05375
GW 1.48875
Task 171 200 0.855
Task 45 200 0.225
Task 58 400 0.145
Task 22 400 0.055
Task 22 400 0.055
Task 43 800 0.05375
Task 40 800 0.05
Task 40 800 0.05
GW 0.3
Task 300 1000 0.3
-------------
013
-------------
GW 1.48625
Task 98 100 0.98
Task 15 100 0.15
Task 15 200 0.075
Task 13 200 0.065
Task 12 200 0.06
Task 11 200 0.055
Task 10 200 0.05
Task 41 800 0.05125
GW 1.4925
Task 61 100 0.61
Task 222 400 0.555
Task 26 400 0.065
Task 24 400 0.06
Task 21 400 0.0525
Task 20 400 0.05
Task 40 800 0.05
Task 40 800 0.05
GW 0.3
Task 300 1000 0.3
-------------
014
-------------
GW 1.475
Task 84 100 0.84
Task 32 100 0.32
Task 13 200 0.065
Task 10 200 0.05
Task 10 200 0.05
Task 10 200 0.05
Task 20 400 0.05
Task 20 400 0.05
GW 1.49375
Task 57 100 0.57
Task 37 100 0.37
Task 40 200 0.2
Task 22 200 0.11
Task 15 200 0.075
Task 25 400 0.0625
Task 44 800 0.055
Task 41 800 0.05125
GW 0.3
Task 300 1000 0.3
-------------
015
-------------
GW 1.4925
Task 195 400 0.4875
Task 95 400 0.2375
Task 74 400 0.185
Task 72 400 0.18
Task 112 800 0.14
Task 95 800 0.11875
Task 61 800 0.07625
Task 54 800 0.0675
GW 1.485
Task 72 100 0.72
Task 30 100 0.3
Task 31 200 0.155
Task 16 200 0.08
Task 27 400 0.0675
Task 46 800 0.0575
Task 44 800 0.055
Task 40 800 0.05
GW 0.3
Task 300 1000 0.3
-------------
016
-------------
GW 1.47875
Task 85 100 0.85
Task 21 100 0.21
Task 19 200 0.095
Task 17 200 0.085
Task 13 200 0.065
Task 26 400 0.065
Task 22 400 0.055
Task 43 800 0.05375
GW 1.4825
Task 52 100 0.52
Task 33 100 0.33
Task 45 200 0.225
Task 23 200 0.115
Task 93 800 0.11625
Task 49 800 0.06125
Task 47 800 0.05875
Task 45 800 0.05625
GW 0.3
Task 300 1000 0.3
-------------
017
-------------
GW 1.475
Task 88 100 0.88
Task 18 100 0.18
Task 15 100 0.15
Task 13 200 0.065
Task 10 200 0.05
Task 10 200 0.05
Task 20 400 0.05
Task 40 800 0.05
GW 1.49
Task 69 100 0.69
Task 37 100 0.37
Task 41 400 0.1025
Task 65 800 0.08125
Task 61 800 0.07625
Task 47 800 0.05875
Task 45 800 0.05625
Task 44 800 0.055
GW 0.3
Task 300 1000 0.3
-------------
018
-------------
GW 1.475
Task 92 100 0.92
Task 16 100 0.16
Task 14 100 0.14
Task 11 200 0.055
Task 10 200 0.05
Task 40 800 0.05
Task 40 800 0.05
Task 40 800 0.05
GW 1.48125
Task 65 100 0.65
Task 37 100 0.37
Task 24 200 0.12
Task 20 200 0.1
Task 31 400 0.0775
Task 50 800 0.0625
Task 41 800 0.05125
Task 40 800 0.05
GW 0.3
Task 300 1000 0.3
-------------
019
-------------
GW 1.47875
Task 89 100 0.89
Task 19 100 0.19
Task 9 100 0.09
Task 8 100 0.08
Task 12 200 0.06
Task 12 200 0.06
Task 23 400 0.0575
Task 41 800 0.05125
GW 1.47
Task 58 100 0.58
Task 39 100 0.39
Task 23 100 0.23
Task 6 100 0.06
Task 6 100 0.06
Task 10 200 0.05
Task 10 200 0.05
Task 20 400 0.05
GW 0.3
Task 300 1000 0.3
-------------
020
-------------
GW 1.4775
Task 32 100 0.32
Task 60 200 0.3
Task 47 200 0.235
Task 41 200 0.205
Task 28 200 0.14
Task 48 400 0.12
Task 39 400 0.0975
Task 48 800 0.06
GW 1.475
Task 79 100 0.79
Task 19 100 0.19
Task 13 100 0.13
Task 41 400 0.1025
Task 36 400 0.09
Task 26 400 0.065
Task 45 800 0.05625
Task 41 800 0.05125
GW 0.3
Task 300 1000 0.3
-------------
021
-------------
GW 1.49
Task 56 100 0.56
Task 71 200 0.355
Task 120 400 0.3
Task 30 400 0.075
Task 20 400 0.05
Task 20 400 0.05
Task 20 400 0.05
Task 40 800 0.05
GW 1.485
Task 70 100 0.7
Task 73 200 0.365
Task 34 200 0.17
Task 10 200 0.05
Task 20 400 0.05
Task 40 800 0.05
Task 40 800 0.05
Task 40 800 0.05
GW 0.3
Task 300 1000 0.3
-------------
022
-------------
GW 1.48
Task 93 100 0.93
Task 20 100 0.2
Task 20 200 0.1
Task 10 200 0.05
Task 10 200 0.05
Task 20 400 0.05
Task 20 400 0.05
Task 20 400 0.05
GW 1.485
Task 59 100 0.59
Task 106 200 0.53
Task 15 200 0.075
Task 14 200 0.07
Task 27 400 0.0675
Task 21 400 0.0525
Task 20 400 0.05
Task 40 800 0.05
GW 0.3
Task 300 1000 0.3
-------------
023
-------------
GW 1.48125
Task 72 100 0.72
Task 28 100 0.28
Task 30 200 0.15
Task 29 400 0.0725
Task 53 800 0.06625
Task 52 800 0.065
Task 52 800 0.065
Task 50 800 0.0625
GW 1.48
Task 70 100 0.7
Task 46 100 0.46
Task 14 200 0.07
Task 10 200 0.05
Task 20 400 0.05
Task 40 800 0.05
Task 40 800 0.05
Task 40 800 0.05
GW 0.3
Task 300 1000 0.3
-------------
024
-------------
GW 1.48
Task 70 100 0.7
Task 36 100 0.36
Task 32 200 0.16
Task 11 200 0.055
Task 10 200 0.05
Task 21 400 0.0525
Task 21 400 0.0525
Task 40 800 0.05
GW 1.49
Task 85 100 0.85
Task 34 100 0.34
Task 10 200 0.05
Task 10 200 0.05
Task 10 200 0.05
Task 20 400 0.05
Task 20 400 0.05
Task 40 800 0.05
GW 0.3
Task 300 1000 0.3
-------------
025
-------------
GW 1.4875
Task 50 100 0.5
Task 80 200 0.4
Task 63 200 0.315
Task 26 400 0.065
Task 22 400 0.055
Task 41 800 0.05125
Task 41 800 0.05125
Task 40 800 0.05
GW 1.48
Task 50 100 0.5
Task 26 100 0.26
Task 42 200 0.21
Task 38 200 0.19
Task 18 200 0.09
Task 17 200 0.085
Task 32 400 0.08
Task 52 800 0.065
GW 0.3
Task 300 1000 0.3
-------------
026
-------------
GW 1.48625
Task 58 100 0.58
Task 32 100 0.32
Task 51 200 0.255
Task 50 400 0.125
Task 45 800 0.05625
Task 40 800 0.05
Task 40 800 0.05
Task 40 800 0.05
GW 1.485
Task 56 100 0.56
Task 72 200 0.36
Task 86 400 0.215
Task 46 400 0.115
Task 29 400 0.0725
Task 48 800 0.06
Task 42 800 0.0525
Task 40 800 0.05
GW 0.3
Task 300 1000 0.3
-------------
027
-------------
GW 1.48375
Task 51 100 0.51
Task 39 100 0.39
Task 19 100 0.19
Task 32 200 0.16
Task 14 200 0.07
Task 12 200 0.06
Task 43 800 0.05375
Task 40 800 0.05
GW 1.47875
Task 68 100 0.68
Task 24 100 0.24
Task 35 200 0.175
Task 21 200 0.105
Task 33 400 0.0825
Task 27 400 0.0675
Task 27 400 0.0675
Task 49 800 0.06125
GW 0.3
Task 300 1000 0.3
-------------
028
-------------
GW 1.48
Task 58 100 0.58
Task 46 100 0.46
Task 10 100 0.1
Task 19 200 0.095
Task 17 200 0.085
Task 22 400 0.055
Task 22 400 0.055
Task 20 400 0.05
GW 1.485
Task 86 100 0.86
Task 51 200 0.255
Task 18 200 0.09
Task 16 200 0.08
Task 20 400 0.05
Task 40 800 0.05
Task 40 800 0.05
Task 40 800 0.05
GW 0.3
Task 300 1000 0.3
-------------
029
-------------
GW 1.485
Task 53 100 0.53
Task 92 200 0.46
Task 70 400 0.175
Task 40 400 0.1
Task 25 400 0.0625
Task 43 800 0.05375
Task 43 800 0.05375
Task 40 800 0.05
GW 1.485
Task 50 100 0.5
Task 38 100 0.38
Task 110 400 0.275
Task 37 400 0.0925
Task 29 400 0.0725
Task 25 400 0.0625
Task 21 400 0.0525
Task 40 800 0.05
GW 0.3
Task 300 1000 0.3
-------------
030
-------------
GW 1.48375
Task 54 100 0.54
Task 48 100 0.48
Task 14 100 0.14
Task 16 200 0.08
Task 15 200 0.075
Task 24 400 0.06
Task 22 400 0.055
Task 43 800 0.05375
GW 1.495
Task 82 100 0.82
Task 75 200 0.375
Task 20 400 0.05
Task 20 400 0.05
Task 40 800 0.05
Task 40 800 0.05
Task 40 800 0.05
Task 40 800 0.05
GW 0.3
Task 300 1000 0.3
-------------
031
-------------
GW 1.475
Task 58 100 0.58
Task 57 100 0.57
Task 14 200 0.07
Task 11 200 0.055
Task 10 200 0.05
Task 20 400 0.05
Task 40 800 0.05
Task 40 800 0.05
GW 1.48375
Task 60 100 0.6
Task 42 100 0.42
Task 42 200 0.21
Task 21 400 0.0525
Task 20 400 0.05
Task 41 800 0.05125
Task 40 800 0.05
Task 40 800 0.05
GW 0.3
Task 300 1000 0.3
-------------
032
-------------
GW 1.4825
Task 112 200 0.56
Task 96 200 0.48
Task 20 200 0.1
Task 18 200 0.09
Task 29 400 0.0725
Task 27 400 0.0675
Task 24 400 0.06
Task 21 400 0.0525
GW 1.47
Task 77 100 0.77
Task 25 100 0.25
Task 11 100 0.11
Task 9 100 0.09
Task 14 200 0.07
Task 13 200 0.065
Task 12 200 0.06
Task 22 400 0.055
GW 0.3
Task 300 1000 0.3
-------------
033
-------------
GW 1.4775
Task 91 100 0.91
Task 15 100 0.15
Task 31 200 0.155
Task 24 400 0.06
Task 21 400 0.0525
Task 20 400 0.05
Task 20 400 0.05
Task 20 400 0.05
GW 1.48
Task 44 100 0.44
Task 38 100 0.38
Task 70 200 0.35
Task 28 400 0.07
Task 28 400 0.07
Task 50 800 0.0625
Task 44 800 0.055
Task 42 800 0.0525
GW 0.3
Task 300 1000 0.3
-------------
034
-------------
GW 1.46875
Task 90 100 0.9
Task 21 100 0.21
Task 8 100 0.08
Task 15 200 0.075
Task 10 200 0.05
Task 21 400 0.0525
Task 20 400 0.05
Task 41 800 0.05125
GW 1.4775
Task 47 100 0.47
Task 67 200 0.335
Task 44 200 0.22
Task 37 200 0.185
Task 23 200 0.115
Task 21 400 0.0525
Task 40 800 0.05
Task 40 800 0.05
GW 0.3
Task 300 1000 0.3
-------------
035
-------------
GW 1.47875
Task 95 100 0.95
Task 18 100 0.18
Task 18 200 0.09
Task 11 200 0.055
Task 21 400 0.0525
Task 41 800 0.05125
Task 40 800 0.05
Task 40 800 0.05
GW 1.48625
Task 64 100 0.64
Task 18 100 0.18
Task 33 200 0.165
Task 58 400 0.145
Task 46 400 0.115
Task 82 800 0.1025
Task 69 800 0.08625
Task 42 800 0.0525
GW 0.3
Task 300 1000 0.3
-------------
036
-------------
GW 1.4825
Task 83 100 0.83
Task 55 200 0.275
Task 20 200 0.1
Task 27 400 0.0675
Task 23 400 0.0575
Task 20 400 0.05
Task 41 800 0.05125
Task 41 800 0.05125
GW 1.475
Task 90 100 0.9
Task 26 100 0.26
Task 6 100 0.06
Task 5 100 0.05
Task 11 200 0.055
Task 10 200 0.05
Task 20 400 0.05
Task 40 800 0.05
GW 0.3
Task 300 1000 0.3
-------------
037
-------------
GW 1.4825
Task 53 100 0.53
Task 30 100 0.3
Task 16 100 0.16
Task 29 200 0.145
Task 52 400 0.13
Task 46 400 0.115
Task 21 400 0.0525
Task 40 800 0.05
GW 1.485
Task 51 100 0.51
Task 62 200 0.31
Task 45 200 0.225
Task 77 400 0.1925
Task 27 400 0.0675
Task 54 800 0.0675
Task 47 800 0.05875
Task 43 800 0.05375
GW 0.3
Task 300 1000 0.3
-------------
038
-------------
GW 1.48
Task 66 100 0.66
Task 77 200 0.385
Task 53 400 0.1325
Task 28 400 0.07
Task 27 400 0.0675
Task 23 400 0.0575
Task 44 800 0.055
Task 42 800 0.0525
GW 1.48875
Task 69 100 0.69
Task 30 100 0.3
Task 17 100 0.17
Task 25 200 0.125
Task 21 400 0.0525
Task 41 800 0.05125
Task 40 800 0.05
Task 40 800 0.05
GW 0.3
Task 300 1000 0.3
-------------
039
-------------
GW 1.48875
Task 70 100 0.7
Task 36 200 0.18
Task 36 200 0.18
Task 67 400 0.1675
Task 32 400 0.08
Task 25 400 0.0625
Task 50 800 0.0625
Task 45 800 0.05625
GW 1.49
Task 78 100 0.78
Task 95 400 0.2375
Task 63 400 0.1575
Task 31 400 0.0775
Task 27 400 0.0675
Task 25 400 0.0625
Task 23 400 0.0575
Task 40 800 0.05
GW 0.3
Task 300 1000 0.3
-------------
040
-------------
GW 1.475
Task 83 100 0.83
Task 20 100 0.2
Task 14 100 0.14
Task 18 200 0.09
Task 26 400 0.065
Task 20 400 0.05
Task 20 400 0.05
Task 40 800 0.05
GW 1.485
Task 172 200 0.86
Task 39 200 0.195
Task 24 200 0.12
Task 34 400 0.085
Task 30 400 0.075
Task 20 400 0.05
Task 40 800 0.05
Task 40 800 0.05
GW 0.3
Task 300 1000 0.3
-------------
041
-------------
GW 1.48875
Task 56 100 0.56
Task 55 200 0.275
Task 31 200 0.155
Task 24 200 0.12
Task 45 400 0.1125
Task 42 400 0.105
Task 69 800 0.08625
Task 60 800 0.075
GW 1.485
Task 56 100 0.56
Task 27 100 0.27
Task 19 100 0.19
Task 52 400 0.13
Task 42 400 0.105
Task 36 400 0.09
Task 56 800 0.07
Task 56 800 0.07
GW 0.3
Task 300 1000 0.3
-------------
042
-------------
GW 1.48875
Task 83 100 0.83
Task 31 100 0.31
Task 17 200 0.085
Task 12 200 0.06
Task 21 400 0.0525
Task 41 800 0.05125
Task 40 800 0.05
Task 40 800 0.05
GW 1.4925
Task 395 400 0.9875
Task 72 400 0.18
Task 49 800 0.06125
Task 44 800 0.055
Task 43 800 0.05375
Task 42 800 0.0525
Task 41 800 0.05125
Task 41 800 0.05125
GW 0.3
Task 300 1000 0.3
-------------
043
-------------
GW 1.49
Task 79 100 0.79
Task 56 200 0.28
Task 34 200 0.17
Task 10 200 0.05
Task 20 400 0.05
Task 20 400 0.05
Task 20 400 0.05
Task 40 800 0.05
GW 1.4875
Task 96 100 0.96
Task 20 100 0.2
Task 12 200 0.06
Task 12 200 0.06
Task 22 400 0.055
Task 41 800 0.05125
Task 41 800 0.05125
Task 40 800 0.05
GW 0.3
Task 300 1000 0.3
-------------
044
-------------
GW 1.4825
Task 68 100 0.68
Task 56 200 0.28
Task 41 200 0.205
Task 14 200 0.07
Task 14 200 0.07
Task 26 400 0.065
Task 23 400 0.0575
Task 44 800 0.055
GW 1.4775
Task 61 100 0.61
Task 41 100 0.41
Task 37 200 0.185
Task 24 400 0.06
Task 22 400 0.055
Task 21 400 0.0525
Task 43 800 0.05375
Task 41 800 0.05125
GW 0.3
Task 300 1000 0.3
-------------
045
-------------
GW 1.48125
Task 53 100 0.53
Task 33 100 0.33
Task 33 200 0.165
Task 25 200 0.125
Task 48 400 0.12
Task 31 400 0.0775
Task 59 800 0.07375
Task 48 800 0.06
GW 1.48375
Task 77 100 0.77
Task 29 100 0.29
Task 20 200 0.1
Task 18 200 0.09
Task 26 400 0.065
Task 52 800 0.065
Task 42 800 0.0525
Task 41 800 0.05125
GW 0.3
Task 300 1000 0.3
-------------
046
-------------
GW 1.485
Task 89 100 0.89
Task 17 100 0.17
Task 14 100 0.14
Task 16 200 0.08
Task 11 200 0.055
Task 20 400 0.05
Task 20 400 0.05
Task 20 400 0.05
GW 1.47
Task 73 100 0.73
Task 33 100 0.33
Task 16 100 0.16
Task 5 100 0.05
Task 10 200 0.05
Task 20 400 0.05
Task 40 800 0.05
Task 40 800 0.05
GW 0.3
Task 300 1000 0.3
-------------
047
-------------
GW 1.49125
Task 80 100 0.8
Task 15 100 0.15
Task 56 400 0.14
Task 42 400 0.105
Task 41 400 0.1025
Task 65 800 0.08125
Task 46 800 0.0575
Task 44 800 0.055
GW 1.46
Task 30 100 0.3
Task 29 100 0.29
Task 28 100 0.28
Task 22 100 0.22
Task 21 100 0.21
Task 11 200 0.055
Task 22 400 0.055
Task 40 800 0.05
GW 0.3
Task 300 1000 0.3
-------------
048
-------------
GW 1.4775
Task 49 100 0.49
Task 28 100 0.28
Task 24 100 0.24
Task 15 100 0.15
Task 20 200 0.1
Task 40 400 0.1
Task 53 800 0.06625
Task 41 800 0.05125
GW 1.47625
Task 76 100 0.76
Task 31 100 0.31
Task 22 200 0.11
Task 14 200 0.07
Task 27 400 0.0675
Task 44 800 0.055
Task 42 800 0.0525
Task 41 800 0.05125
GW 0.3
Task 300 1000 0.3
-------------
049
-------------
GW 1.485
Task 52 100 0.52
Task 103 200 0.515
Task 67 400 0.1675
Task 29 400 0.0725
Task 23 400 0.0575
Task 21 400 0.0525
Task 20 400 0.05
Task 40 800 0.05
GW 1.4875
Task 73 100 0.73
Task 41 100 0.41
Task 32 400 0.08
Task 25 400 0.0625
Task 21 400 0.0525
Task 21 400 0.0525
Task 20 400 0.05
Task 40 800 0.05
GW 0.3
Task 300 1000 0.3
-------------
050
-------------
GW 1.4825
Task 57 100 0.57
Task 81 200 0.405
Task 30 200 0.15
Task 60 400 0.15
Task 21 400 0.0525
Task 42 800 0.0525
Task 41 800 0.05125
Task 41 800 0.05125
GW 1.475
Task 83 100 0.83
Task 18 100 0.18
Task 32 200 0.16
Task 19 200 0.095
Task 11 200 0.055
Task 11 200 0.055
Task 10 200 0.05
Task 10 200 0.05
GW 0.3
Task 300 1000 0.3
-------------
051
-------------
GW 1.48375
Task 55 100 0.55
Task 87 200 0.435
Task 31 200 0.155
Task 18 200 0.09
Task 33 400 0.0825
Task 26 400 0.065
Task 43 800 0.05375
Task 42 800 0.0525
GW 1.48
Task 74 100 0.74
Task 76 200 0.38
Task 35 400 0.0875
Task 27 400 0.0675
Task 22 400 0.055
Task 20 400 0.05
Task 40 800 0.05
Task 40 800 0.05
GW 0.3
Task 300 1000 0.3
-------------
052
-------------
GW 1.49
Task 59 100 0.59
Task 35 100 0.35
Task 41 200 0.205
Task 19 200 0.095
Task 32 400 0.08
Task 51 800 0.06375
Task 44 800 0.055
Task 41 800 0.05125
GW 1.48
Task 91 100 0.91
Task 19 100 0.19
Task 19 200 0.095
Task 31 400 0.0775
Task 23 400 0.0575
Task 20 400 0.05
Task 20 400 0.05
Task 40 800 0.05
GW 0.3
Task 300 1000 0.3
-------------
053
-------------
GW 1.4925
Task 52 100 0.52
Task 65 200 0.325
Task 46 200 0.23
Task 56 400 0.14
Task 63 800 0.07875
Task 60 800 0.075
Task 52 800 0.065
Task 47 800 0.05875
GW 1.4825
Task 182 200 0.91
Task 43 200 0.215
Task 21 200 0.105
Task 21 400 0.0525
Task 20 400 0.05
Task 20 400 0.05
Task 40 800 0.05
Task 40 800 0.05
GW 0.3
Task 300 1000 0.3
-------------
054
-------------
GW 1.485
Task 44 100 0.44
Task 71 200 0.355
Task 45 200 0.225
Task 26 200 0.13
Task 46 400 0.115
Task 89 800 0.11125
Task 44 800 0.055
Task 43 800 0.05375
GW 1.47875
Task 50 100 0.5
Task 33 100 0.33
Task 34 200 0.17
Task 28 200 0.14
Task 48 400 0.12
Task 35 400 0.0875
Task 60 800 0.075
Task 45 800 0.05625
GW 0.3
Task 300 1000 0.3
-------------
055
-------------
GW 1.49
Task 93 100 0.93
Task 16 100 0.16
Task 30 200 0.15
Task 10 200 0.05
Task 20 400 0.05
Task 20 400 0.05
Task 20 400 0.05
Task 40 800 0.05
GW 1.4725
Task 59 100 0.59
Task 38 100 0.38
Task 19 100 0.19
Task 17 200 0.085
Task 13 200 0.065
Task 12 200 0.06
Task 42 800 0.0525
Task 40 800 0.05
GW 0.3
Task 300 1000 0.3
-------------
056
-------------
GW 1.48
Task 56 100 0.56
Task 43 100 0.43
Task 23 100 0.23
Task 11 200 0.055
Task 11 200 0.055
Task 20 400 0.05
Task 40 800 0.05
Task 40 800 0.05
GW 1.48
Task 68 100 0.68
Task 25 100 0.25
Task 23 100 0.23
Task 17 200 0.085
Task 15 200 0.075
Task 23 400 0.0575
Task 41 800 0.05125
Task 41 800 0.05125
GW 0.3
Task 300 1000 0.3
-------------
057
-------------
GW 1.485
Task 81 100 0.81
Task 21 100 0.21
Task 29 200 0.145
Task 21 200 0.105
Task 23 400 0.0575
Task 44 800 0.055
Task 42 800 0.0525
Task 40 800 0.05
GW 1.49
Task 57 100 0.57
Task 53 200 0.265
Task 44 200 0.22
Task 39 200 0.195
Task 62 800 0.0775
Task 50 800 0.0625
Task 40 800 0.05
Task 40 800 0.05
GW 0.3
Task 300 1000 0.3
-------------
058
-------------
GW 1.485
Task 87 100 0.87
Task 20 100 0.2
Task 16 100 0.16
Task 5 100 0.05
Task 11 200 0.055
Task 10 200 0.05
Task 20 400 0.05
Task 40 800 0.05
GW 1.48625
Task 52 100 0.52
Task 30 100 0.3
Task 92 400 0.23
Task 56 400 0.14
Task 34 400 0.085
Task 61 800 0.07625
Task 56 800 0.07
Task 52 800 0.065
GW 0.3
Task 300 1000 0.3
-------------
059
-------------
GW 1.48
Task 75 100 0.75
Task 37 100 0.37
Task 8 100 0.08
Task 7 100 0.07
Task 12 200 0.06
Task 10 200 0.05
Task 20 400 0.05
Task 40 800 0.05
GW 1.4925
Task 205 400 0.5125
Task 88 400 0.22
Task 82 400 0.205
Task 77 400 0.1925
Task 77 400 0.1925
Task 48 800 0.06
Task 44 800 0.055
Task 44 800 0.055
GW 0.3
Task 300 1000 0.3
-------------
060
-------------
GW 1.4825
Task 98 100 0.98
Task 16 100 0.16
Task 7 100 0.07
Task 12 200 0.06
Task 12 200 0.06
Task 21 400 0.0525
Task 40 800 0.05
Task 40 800 0.05
GW 1.485
Task 57 100 0.57
Task 35 100 0.35
Task 58 200 0.29
Task 15 200 0.075
Task 10 200 0.05
Task 10 200 0.05
Task 20 400 0.05
Task 40 800 0.05
GW 0.3
Task 300 1000 0.3
-------------
061
-------------
GW 1.4775
Task 86 100 0.86
Task 26 100 0.26
Task 16 200 0.08
Task 13 200 0.065
Task 23 400 0.0575
Task 22 400 0.055
Task 20 400 0.05
Task 20 400 0.05
GW 1.4725
Task 90 100 0.9
Task 15 100 0.15
Task 13 100 0.13
Task 14 200 0.07
Task 13 200 0.065
Task 11 200 0.055
Task 21 400 0.0525
Task 20 400 0.05
GW 0.3
Task 300 1000 0.3
-------------
062
-------------
GW 1.485
Task 72 100 0.72
Task 70 200 0.35
Task 33 200 0.165
Task 20 400 0.05
Task 20 400 0.05
Task 40 800 0.05
Task 40 800 0.05
Task 40 800 0.05
GW 1.4875
Task 147 200 0.735
Task 35 200 0.175
Task 30 200 0.15
Task 46 400 0.115
Task 39 400 0.0975
Task 36 400 0.09
Task 55 800 0.06875
Task 45 800 0.05625
GW 0.3
Task 300 1000 0.3
-------------
063
-------------
GW 1.49
Task 87 200 0.435
Task 68 200 0.34
Task 100 400 0.25
Task 96 400 0.24
Task 24 400 0.06
Task 22 400 0.055
Task 44 800 0.055
Task 44 800 0.055
GW 1.485
Task 88 200 0.44
Task 84 200 0.42
Task 40 200 0.2
Task 34 200 0.17
Task 16 200 0.08
Task 28 400 0.07
Task 21 400 0.0525
Task 42 800 0.0525
GW 0.3
Task 300 1000 0.3
-------------
064
-------------
GW 1.4775
Task 54 100 0.54
Task 31 100 0.31
Task 62 200 0.31
Task 18 200 0.09
Task 28 400 0.07
Task 21 400 0.0525
Task 21 400 0.0525
Task 42 800 0.0525
GW 1.485
Task 82 100 0.82
Task 18 100 0.18
Task 32 200 0.16
Task 40 400 0.1
Task 25 400 0.0625
Task 50 800 0.0625
Task 40 800 0.05
Task 40 800 0.05
GW 0.3
Task 300 1000 0.3
-------------
065
-------------
GW 1.48125
Task 95 100 0.95
Task 12 100 0.12
Task 23 200 0.115
Task 30 400 0.075
Task 24 400 0.06
Task 22 400 0.055
Task 44 800 0.055
Task 41 800 0.05125
GW 1.48875
Task 97 100 0.97
Task 29 200 0.145
Task 18 200 0.09
Task 16 200 0.08
Task 43 800 0.05375
Task 40 800 0.05
Task 40 800 0.05
Task 40 800 0.05
GW 0.3
Task 300 1000 0.3
-------------
066
-------------
GW 1.47875
Task 72 100 0.72
Task 25 100 0.25
Task 68 400 0.17
Task 33 400 0.0825
Task 33 400 0.0825
Task 52 800 0.065
Task 45 800 0.05625
Task 42 800 0.0525
GW 1.47125
Task 42 100 0.42
Task 38 100 0.38
Task 74 200 0.37
Task 13 200 0.065
Task 24 400 0.06
Task 49 800 0.06125
Task 48 800 0.06
Task 44 800 0.055
GW 0.3
Task 300 1000 0.3
-------------
067
-------------
GW 1.4825
Task 52 100 0.52
Task 24 100 0.24
Task 41 200 0.205
Task 80 400 0.2
Task 54 400 0.135
Task 30 400 0.075
Task 45 800 0.05625
Task 41 800 0.05125
GW 1.495
Task 46 100 0.46
Task 158 400 0.395
Task 234 800 0.2925
Task 116 800 0.145
Task 42 800 0.0525
Task 40 800 0.05
Task 40 800 0.05
Task 40 800 0.05
GW 0.3
Task 300 1000 0.3
-------------
068
-------------
GW 1.49125
Task 90 200 0.45
Task 80 200 0.4
Task 42 200 0.21
Task 36 200 0.18
Task 18 200 0.09
Task 23 400 0.0575
Task 43 800 0.05375
Task 40 800 0.05
GW 1.49125
Task 114 200 0.57
Task 65 200 0.325
Task 66 400 0.165
Task 54 400 0.135
Task 84 800 0.105
Task 73 800 0.09125
Task 40 800 0.05
Task 40 800 0.05
GW 0.3
Task 300 1000 0.3
-------------
069
-------------
GW 1.475
Task 40 100 0.4
Task 30 100 0.3
Task 23 100 0.23
Task 21 100 0.21
Task 26 200 0.13
Task 15 200 0.075
Task 27 400 0.0675
Task 25 400 0.0625
GW 1.49
Task 88 100 0.88
Task 19 100 0.19
Task 17 100 0.17
Task 10 200 0.05
Task 10 200 0.05
Task 20 400 0.05
Task 20 400 0.05
Task 40 800 0.05
GW 0.3
Task 300 1000 0.3
-------------
070
-------------
GW 1.4775
Task 82 100 0.82
Task 27 100 0.27
Task 10 100 0.1
Task 7 100 0.07
Task 11 200 0.055
Task 11 200 0.055
Task 22 400 0.055
Task 42 800 0.0525
GW 1.48875
Task 99 100 0.99
Task 10 100 0.1
Task 20 200 0.1
Task 31 400 0.0775
Task 27 400 0.0675
Task 21 400 0.0525
Task 41 800 0.05125
Task 40 800 0.05
GW 0.3
Task 300 1000 0.3
-------------
071
-------------
GW 1.4825
Task 68 100 0.68
Task 31 100 0.31
Task 14 100 0.14
Task 10 100 0.1
Task 20 200 0.1
Task 21 400 0.0525
Task 40 800 0.05
Task 40 800 0.05
GW 1.4825
Task 44 100 0.44
Task 35 100 0.35
Task 39 200 0.195
Task 33 200 0.165
Task 94 800 0.1175
Task 92 800 0.115
Task 40 800 0.05
Task 40 800 0.05
GW 0.3
Task 300 1000 0.3
-------------
072
-------------
GW 1.485
Task 64 100 0.64
Task 39 100 0.39
Task 23 200 0.115
Task 16 200 0.08
Task 32 400 0.08
Task 31 400 0.0775
Task 42 800 0.0525
Task 40 800 0.05
GW 1.4825
Task 69 100 0.69
Task 36 100 0.36
Task 21 200 0.105
Task 18 200 0.09
Task 17 200 0.085
Task 21 400 0.0525
Task 20 400 0.05
Task 40 800 0.05
GW 0.3
Task 300 1000 0.3
-------------
073
-------------
GW 1.48875
Task 92 100 0.92
Task 33 200 0.165
Task 34 400 0.085
Task 29 400 0.0725
Task 59 800 0.07375
Task 57 800 0.07125
Task 41 800 0.05125
Task 40 800 0.05
GW 1.4825
Task 55 100 0.55
Task 45 100 0.45
Task 13 100 0.13
Task 49 400 0.1225
Task 28 400 0.07
Task 22 400 0.055
Task 22 400 0.055
Task 20 400 0.05
GW 0.3
Task 300 1000 0.3
-------------
074
-------------
GW 1.4725
Task 86 100 0.86
Task 24 100 0.24
Task 9 100 0.09
Task 13 200 0.065
Task 25 400 0.0625
Task 21 400 0.0525
Task 21 400 0.0525
Task 20 400 0.05
GW 1.48
Task 84 100 0.84
Task 19 100 0.19
Task 13 100 0.13
Task 10 100 0.1
Task 14 200 0.07
Task 10 200 0.05
Task 10 200 0.05
Task 40 800 0.05
GW 0.3
Task 300 1000 0.3
-------------
075
-------------
GW 1.4875
Task 51 100 0.51
Task 38 100 0.38
Task 31 200 0.155
Task 58 400 0.145
Task 46 400 0.115
Task 55 800 0.06875
Task 51 800 0.06375
Task 40 800 0.05
GW 1.4825
Task 57 100 0.57
Task 38 100 0.38
Task 28 200 0.14
Task 21 200 0.105
Task 38 400 0.095
Task 56 800 0.07
Task 50 800 0.0625
Task 48 800 0.06
GW 0.3
Task 300 1000 0.3
-------------
076
-------------
GW 1.4875
Task 129 200 0.645
Task 71 200 0.355
Task 61 400 0.1525
Task 44 400 0.11
Task 29 400 0.0725
Task 21 400 0.0525
Task 20 400 0.05
Task 40 800 0.05
GW 1.4775
Task 46 100 0.46
Task 32 100 0.32
Task 25 100 0.25
Task 36 200 0.18
Task 45 400 0.1125
Task 22 400 0.055
Task 20 400 0.05
Task 40 800 0.05
GW 0.3
Task 300 1000 0.3
-------------
077
-------------
GW 1.4875
Task 83 100 0.83
Task 39 200 0.195
Task 40 400 0.1
Task 34 400 0.085
Task 34 400 0.085
Task 30 400 0.075
Task 52 800 0.065
Task 42 800 0.0525
GW 1.47
Task 86 100 0.86
Task 14 100 0.14
Task 13 100 0.13
Task 9 100 0.09
Task 18 200 0.09
Task 23 400 0.0575
Task 41 800 0.05125
Task 41 800 0.05125
GW 0.3
Task 300 1000 0.3
-------------
078
-------------
GW 1.475
Task 64 100 0.64
Task 41 100 0.41
Task 27 200 0.135
Task 18 200 0.09
Task 10 200 0.05
Task 10 200 0.05
Task 10 200 0.05
Task 20 400 0.05
GW 1.48
Task 92 100 0.92
Task 17 100 0.17
Task 13 100 0.13
Task 11 200 0.055
Task 11 200 0.055
Task 10 200 0.05
Task 20 400 0.05
Task 20 400 0.05
GW 0.3
Task 300 1000 0.3
-------------
079
-------------
GW 1.47625
Task 81 100 0.81
Task 25 100 0.25
Task 14 100 0.14
Task 12 200 0.06
Task 12 200 0.06
Task 11 200 0.055
Task 41 800 0.05125
Task 40 800 0.05
GW 1.4925
Task 78 100 0.78
Task 38 200 0.19
Task 71 400 0.1775
Task 74 800 0.0925
Task 56 800 0.07
Task 55 800 0.06875
Task 47 800 0.05875
Task 44 800 0.055
GW 0.3
Task 300 1000 0.3
-------------
080
-------------
GW 1.475
Task 71 100 0.71
Task 27 100 0.27
Task 25 200 0.125
Task 20 200 0.1
Task 16 200 0.08
Task 14 200 0.07
Task 12 200 0.06
Task 24 400 0.06
GW 1.48125
Task 151 200 0.755
Task 35 200 0.175
Task 33 200 0.165
Task 20 200 0.1
Task 39 400 0.0975
Task 29 400 0.0725
Task 50 800 0.0625
Task 43 800 0.05375
GW 0.3
Task 300 1000 0.3
-------------
081
-------------
GW 1.48875
Task 54 100 0.54
Task 92 200 0.46
Task 35 200 0.175
Task 42 400 0.105
Task 23 400 0.0575
Task 41 800 0.05125
Task 40 800 0.05
Task 40 800 0.05
GW 1.48875
Task 113 200 0.565
Task 52 200 0.26
Task 89 400 0.2225
Task 53 400 0.1325
Task 106 800 0.1325
Task 50 800 0.0625
Task 47 800 0.05875
Task 44 800 0.055
GW 0.3
Task 300 1000 0.3
-------------
082
-------------
GW 1.49
Task 49 100 0.49
Task 91 200 0.455
Task 97 400 0.2425
Task 32 400 0.08
Task 27 400 0.0675
Task 42 800 0.0525
Task 41 800 0.05125
Task 41 800 0.05125
GW 1.49
Task 97 100 0.97
Task 38 200 0.19
Task 16 200 0.08
Task 10 200 0.05
Task 10 200 0.05
Task 10 200 0.05
Task 20 400 0.05
Task 40 800 0.05
GW 0.3
Task 300 1000 0.3
-------------
083
-------------
GW 1.47625
Task 65 100 0.65
Task 44 100 0.44
Task 20 200 0.1
Task 25 400 0.0625
Task 25 400 0.0625
Task 45 800 0.05625
Task 42 800 0.0525
Task 42 800 0.0525
GW 1.4875
Task 105 200 0.525
Task 73 200 0.365
Task 54 200 0.27
Task 51 400 0.1275
Task 20 400 0.05
Task 20 400 0.05
Task 20 400 0.05
Task 40 800 0.05
GW 0.3
Task 300 1000 0.3
-------------
084
-------------
GW 1.48625
Task 99 100 0.99
Task 59 400 0.1475
Task 28 400 0.07
Task 25 400 0.0625
Task 51 800 0.06375
Task 42 800 0.0525
Task 40 800 0.05
Task 40 800 0.05
GW 1.4825
Task 41 100 0.41
Task 25 100 0.25
Task 51 200 0.255
Task 52 400 0.13
Task 52 400 0.13
Task 96 800 0.12
Task 90 800 0.1125
Task 60 800 0.075
GW 0.3
Task 300 1000 0.3
-------------
085
-------------
GW 1.48375
Task 83 100 0.83
Task 115 400 0.2875
Task 32 400 0.08
Task 32 400 0.08
Task 43 800 0.05375
Task 42 800 0.0525
Task 40 800 0.05
Task 40 800 0.05
GW 1.48625
Task 79 100 0.79
Task 57 200 0.285
Task 19 200 0.095
Task 32 400 0.08
Task 31 400 0.0775
Task 23 400 0.0575
Task 41 800 0.05125
Task 40 800 0.05
GW 0.3
Task 300 1000 0.3
-------------
086
-------------
GW 1.46875
Task 93 100 0.93
Task 18 100 0.18
Task 9 100 0.09
Task 11 200 0.055
Task 22 400 0.055
Task 22 400 0.055
Task 21 400 0.0525
Task 41 800 0.05125
GW 1.4875
Task 98 100 0.98
Task 69 400 0.1725
Task 32 400 0.08
Task 22 400 0.055
Task 20 400 0.05
Task 20 400 0.05
Task 40 800 0.05
Task 40 800 0.05
GW 0.3
Task 300 1000 0.3
-------------
087
-------------
GW 1.4875
Task 82 200 0.41
Task 78 200 0.39
Task 93 400 0.2325
Task 53 400 0.1325
Task 84 800 0.105
Task 78 800 0.0975
Task 50 800 0.0625
Task 46 800 0.0575
GW 1.48375
Task 43 100 0.43
Task 78 200 0.39
Task 70 400 0.175
Task 49 400 0.1225
Task 48 400 0.12
Task 76 800 0.095
Task 72 800 0.09
Task 49 800 0.06125
GW 0.3
Task 300 1000 0.3
-------------
088
-------------
GW 1.4775
Task 53 100 0.53
Task 35 100 0.35
Task 30 200 0.15
Task 24 200 0.12
Task 44 400 0.11
Task 70 800 0.0875
Task 60 800 0.075
Task 44 800 0.055
GW 1.49
Task 125 200 0.625
Task 59 200 0.295
Task 58 200 0.29
Task 30 400 0.075
Task 22 400 0.055
Task 20 400 0.05
Task 40 800 0.05
Task 40 800 0.05
GW 0.3
Task 300 1000 0.3
-------------
089
-------------
GW 1.4775
Task 47 100 0.47
Task 39 100 0.39
Task 80 400 0.2
Task 65 400 0.1625
Task 39 400 0.0975
Task 23 400 0.0575
Task 40 800 0.05
Task 40 800 0.05
GW 1.4725
Task 41 100 0.41
Task 30 100 0.3
Task 56 200 0.28
Task 35 200 0.175
Task 30 200 0.15
Task 23 400 0.0575
Task 40 800 0.05
Task 40 800 0.05
GW 0.3
Task 300 1000 0.3
-------------
090
-------------
GW 1.49
Task 76 100 0.76
Task 71 200 0.355
Task 45 400 0.1125
Task 23 400 0.0575
Task 22 400 0.055
Task 20 400 0.05
Task 20 400 0.05
Task 40 800 0.05
GW 1.48
Task 50 100 0.5
Task 56 200 0.28
Task 52 200 0.26
Task 77 400 0.1925
Task 26 400 0.065
Task 25 400 0.0625
Task 49 800 0.06125
Task 47 800 0.05875
GW 0.3
Task 300 1000 0.3
-------------
091
-------------
GW 1.48625
Task 50 100 0.5
Task 65 200 0.325
Task 48 200 0.24
Task 157 800 0.19625
Task 60 800 0.075
Task 40 800 0.05
Task 40 800 0.05
Task 40 800 0.05
GW 1.49125
Task 84 100 0.84
Task 20 100 0.2
Task 57 400 0.1425
Task 33 400 0.0825
Task 29 400 0.0725
Task 43 800 0.05375
Task 40 800 0.05
Task 40 800 0.05
GW 0.3
Task 300 1000 0.3
-------------
092
-------------
GW 1.4825
Task 80 100 0.8
Task 37 100 0.37
Task 11 200 0.055
Task 11 200 0.055
Task 21 400 0.0525
Task 20 400 0.05
Task 20 400 0.05
Task 40 800 0.05
GW 1.47125
Task 83 100 0.83
Task 17 100 0.17
Task 27 200 0.135
Task 20 200 0.1
Task 13 200 0.065
Task 12 200 0.06
Task 49 800 0.06125
Task 40 800 0.05
GW 0.3
Task 300 1000 0.3
-------------
093
-------------
GW 1.4825
Task 49 100 0.49
Task 36 100 0.36
Task 20 100 0.2
Task 32 200 0.16
Task 16 200 0.08
Task 14 200 0.07
Task 52 800 0.065
Task 46 800 0.0575
GW 1.4875
Task 98 100 0.98
Task 36 200 0.18
Task 13 200 0.065
Task 25 400 0.0625
Task 20 400 0.05
Task 40 800 0.05
Task 40 800 0.05
Task 40 800 0.05
GW 0.3
Task 300 1000 0.3
-------------
094
-------------
GW 1.4825
Task 77 100 0.77
Task 20 100 0.2
Task 38 200 0.19
Task 16 200 0.08
Task 14 200 0.07
Task 28 400 0.07
Task 21 400 0.0525
Task 40 800 0.05
GW 1.47875
Task 76 100 0.76
Task 39 200 0.195
Task 35 200 0.175
Task 37 400 0.0925
Task 34 400 0.085
Task 47 800 0.05875
Task 46 800 0.0575
Task 44 800 0.055
GW 0.3
Task 300 1000 0.3
-------------
095
-------------
GW 1.47875
Task 79 100 0.79
Task 22 100 0.22
Task 26 200 0.13
Task 51 400 0.1275
Task 23 400 0.0575
Task 21 400 0.0525
Task 41 800 0.05125
Task 40 800 0.05
GW 1.47375
Task 52 100 0.52
Task 22 100 0.22
Task 38 200 0.19
Task 37 200 0.185
Task 57 400 0.1425
Task 38 400 0.095
Task 51 800 0.06375
Task 46 800 0.0575
GW 0.3
Task 300 1000 0.3
-------------
096
-------------
GW 1.48125
Task 80 100 0.8
Task 29 100 0.29
Task 8 100 0.08
Task 16 200 0.08
Task 15 200 0.075
Task 11 200 0.055
Task 41 800 0.05125
Task 40 800 0.05
GW 1.47125
Task 98 100 0.98
Task 9 100 0.09
Task 8 100 0.08
Task 16 200 0.08
Task 13 200 0.065
Task 49 800 0.06125
Task 47 800 0.05875
Task 45 800 0.05625
GW 0.3
Task 300 1000 0.3
-------------
097
-------------
GW 1.48
Task 73 100 0.73
Task 36 100 0.36
Task 40 400 0.1
Task 36 400 0.09
Task 40 800 0.05
Task 40 800 0.05
Task 40 800 0.05
Task 40 800 0.05
GW 1.48
Task 59 100 0.59
Task 102 200 0.51
Task 22 200 0.11
Task 27 400 0.0675
Task 21 400 0.0525
Task 20 400 0.05
Task 40 800 0.05
Task 40 800 0.05
GW 0.3
Task 300 1000 0.3
-------------
098
-------------
GW 1.4775
Task 47 100 0.47
Task 69 200 0.345
Task 45 200 0.225
Task 36 200 0.18
Task 35 400 0.0875
Task 28 400 0.07
Task 40 800 0.05
Task 40 800 0.05
GW 1.47875
Task 82 100 0.82
Task 18 100 0.18
Task 26 200 0.13
Task 48 400 0.12
Task 30 400 0.075
Task 21 400 0.0525
Task 41 800 0.05125
Task 40 800 0.05
GW 0.3
Task 300 1000 0.3
-------------
099
-------------
GW 1.48
Task 77 100 0.77
Task 41 100 0.41
Task 5 100 0.05
Task 5 100 0.05
Task 10 200 0.05
Task 10 200 0.05
Task 10 200 0.05
Task 20 400 0.05
GW 1.47
Task 64 100 0.64
Task 39 100 0.39
Task 37 200 0.185
Task 11 200 0.055
Task 10 200 0.05
Task 10 200 0.05
Task 20 400 0.05
Task 40 800 0.05
GW 0.3
Task 300 1000 0.3
-------------
100
-------------
