Meet_R
NOFLD	myOFLD	AOFLDC	SeGW
1	0.9999	0.856734	0.966549	
1	0.971812	0.846924	0.87869	
0.572212	0.971931	0.829472	0.778642	
0.379453	0.911704	0.854721	0.753757	
1	1	0.765538	0.962037	
1	0.979204	0.759004	0.850523	
0.61467	0.962919	0.725137	0.718386	
0.468501	0.890586	0.741163	0.687248	
1	1	0.549466	0.961815	
1	0.979526	0.614018	0.844682	
0.634498	0.942309	0.576988	0.66846	
0.49562	0.841176	0.583295	0.638612	
1	1	0.40124	0.954936	
1	0.978299	0.426149	0.838903	
0.662208	0.923104	0.409201	0.669021	
0.511492	0.813454	0.413264	0.601414	
1	1	0.238065	0.942337	
1	0.983208	0.253963	0.83758	
0.679264	0.919744	0.264623	0.681268	
0.549404	0.771553	0.261845	0.587301	
1	1	0.135733	0.934714	
1	0.993002	0.146796	0.826708	
0.697561	0.907417	0.130394	0.692247	
0.573442	0.762928	0.139113	0.598433	


Energy
NOFLD	myOFLD	AOFLDC	SeGW
12329.2	10687.9	9626.63	11886.8	
17531.3	10978.1	9632.87	13760.4	
17608.8	10337.6	9543	12955.2	
17608.8	10133.5	9497.83	11965.5	
12314.9	11176.2	10048.4	12029.3	
17512	11901.6	10013.3	14550	
17608.8	11337.7	10092.6	15066.7	
17608.8	10907.6	10010.7	13717.8	
12288.5	11564.7	10363	12171.4	
17496.4	12729.9	10345.5	15225.7	
17608.8	12541.3	10345.7	16041.2	
17608.8	11601.6	10266.3	14968.9	
12264.8	11592.9	10455.3	12121.5	
17464.3	13385.5	10425.3	15522.5	
17608.8	13216.3	10455	16676.4	
17608.8	12342.3	10415.4	15896	
12251.2	11647.6	10522.6	12075	
17433.4	14411.7	10507.1	15738	
17608.8	14127	10502.4	17131.4	
17608.8	13246.1	10503.2	16760.6	
12238.2	11624.7	10513.2	12026.4	
17402	14987.6	10512.6	15715.8	
17608.8	15159.2	10509.9	17282.4	
17608.8	14070.5	10506.4	17257.2	


Resp
NOFLD	myOFLD	AOFLDC	SeGW
615635	621762	927269	601654	
1572260	1057056	973576	825916	
924350	1314427	1064018	870485	
655820	1394938	1269204	1034822	
720325	731177	1340378	740245	
1907115	1357000	1305496	1018357	
1337140	1801624	1377184	1052128	
1019105	1878254	1484030	1210230	
827680	826484	1443299	899574	
2283330	1695261	1621717	1179756	
1686265	2278040	1553682	1185455	
1373665	2290335	1512448	1339130	
929335	934363	1337452	1020945	
2611130	1981612	1380070	1316510	
2118220	2697009	1390516	1348819	
1757210	2725152	1342215	1469202	
1137430	1171097	1031312	1339637	
3270590	2568492	1096567	1701571	
2709295	3565615	1164159	1695408	
2496320	3527291	1197511	1805949	
1331760	1385394	709622	1553834	
3844355	3175203	778772	2100989	
3143315	4175608	733490	2030053	
2981595	4336835	744610	2117038	


CloudEng
NOFLD	myOFLD	AOFLDC	SeGW
0	72330	307920	23956	
0	388276	596487	203246	
0	789967	882975	522339	
0	1071763	1165919	898420	
0	34352	302315	11794	
0	309340	586661	132976	
0	701897	860652	312652	
0	1011628	1122138	690607	
0	5832	287389	0	
0	232042	555547	71925	
0	564283	811322	189152	
0	905257	1054257	485944	
0	1030	269317	0	
0	162619	512830	40075	
0	490124	742719	109406	
0	791553	964071	317896	
0	0	241643	0	
0	49404	441956	11518	
0	380913	637515	46809	
0	639370	818623	169004	
0	0	210069	0	
0	13487	376721	1619	
0	240565	533530	29403	
0	510942	693194	66920	


FogEng
NOFLD	myOFLD	AOFLDC	SeGW
10328	12221	10328	10328	
10328	12622	10328	10328	
10328	11445	10328	10328	
10328	10973	10328	10328	
10328	12196	10328	10328	
10328	13077	10328	10328	
10328	13051	10328	10328	
10328	12173	10328	10328	
10328	12004	10328	10328	
10328	13883	10328	10328	
10328	14239	10328	10328	
10328	13332	10328	10328	
10328	11994	10328	10328	
10328	14354	10328	10328	
10328	14315	10328	10328	
10328	14417	10328	10328	
10328	11878	10328	10328	
10328	15231	10328	10328	
10328	14691	10328	10328	
10328	15025	10328	10328	
10328	12026	10328	10328	
10328	15326	10328	10328	
10328	14337	10328	10328	
10328	14963	10328	10328	


GW_Eng
GW1	GW2	GW3
10526.1	10849.7	12222.2
10849.2	11106.9	12623
10289.6	10385.6	11446.6
10097.8	10169.2	10974.3
11255.8	11096.5	12196.7
11802.7	12000.5	13078.6
11328.2	11347.1	13052.1
10954	10861.2	12173.9
11491	11638.3	12004.9
12427.9	13031.8	13884.4
12459.4	12623.3	14240.5
11505.3	11697.8	13333.1
11562.9	11622.9	11995.2
13205.5	13565.6	14354.7
13107.5	13325.2	14316
12258.9	12425.7	14418.3
11681.2	11614.1	11879
14172.3	14651.2	15232.2
14215.2	14038.8	14692.1
13255.1	13237.2	15026.5
11581.8	11667.5	12027.4
15095.1	14880.1	15327.6
15033.5	15284.8	14338.1
14119.6	14021.3	14964.6


