GW 1.4925
Task 388 400 0.97
Task 30 100 0.3
Task 13 200 0.065
Task 23 400 0.0575
Task 10 200 0.05
Task 20 400 0.05
GW 1.48125
Task 36 100 0.36
Task 66 200 0.33
Task 110 400 0.275
Task 26 100 0.26
Task 16 100 0.16
Task 77 800 0.09625
GW 0
-------------
001
-------------
GW 1.49125
Task 387 400 0.9675
Task 22 100 0.22
Task 21 200 0.105
Task 37 400 0.0925
Task 45 800 0.05625
Task 5 100 0.05
GW 1.485
Task 68 100 0.68
Task 239 400 0.5975
Task 12 200 0.06
Task 20 400 0.05
Task 5 100 0.05
Task 19 400 0.0475
GW 0
-------------
002
-------------
GW 1.4825
Task 145 200 0.725
Task 45 100 0.45
Task 61 400 0.1525
Task 6 100 0.06
Task 5 100 0.05
Task 9 200 0.045
GW 1.485
Task 475 800 0.59375
Task 35 100 0.35
Task 43 200 0.215
Task 17 100 0.17
Task 77 800 0.09625
Task 24 400 0.06
GW 0
-------------
003
-------------
GW 1.4825
Task 240 400 0.6
Task 165 400 0.4125
Task 17 100 0.17
Task 15 100 0.15
Task 20 200 0.1
Task 5 100 0.05
GW 1.485
Task 426 800 0.5325
Task 199 400 0.4975
Task 140 800 0.175
Task 11 100 0.11
Task 9 100 0.09
Task 16 200 0.08
GW 0
-------------
004
-------------
GW 1.46
Task 49 100 0.49
Task 52 200 0.26
Task 23 100 0.23
Task 20 100 0.2
Task 15 100 0.15
Task 13 100 0.13
GW 1.47
Task 171 400 0.4275
Task 27 100 0.27
Task 109 400 0.2725
Task 26 100 0.26
Task 18 100 0.18
Task 6 100 0.06
GW 0
-------------
005
-------------
GW 1.47875
Task 591 800 0.73875
Task 118 400 0.295
Task 66 400 0.165
Task 13 100 0.13
Task 9 100 0.09
Task 6 100 0.06
GW 1.4875
Task 621 800 0.77625
Task 407 800 0.50875
Task 10 200 0.05
Task 5 100 0.05
Task 42 800 0.0525
Task 20 400 0.05
GW 0
-------------
006
-------------
GW 1.49375
Task 196 200 0.98
Task 139 800 0.17375
Task 48 400 0.12
Task 37 400 0.0925
Task 31 400 0.0775
Task 40 800 0.05
GW 1.48
Task 162 200 0.81
Task 72 200 0.36
Task 28 200 0.14
Task 14 200 0.07
Task 10 200 0.05
Task 20 400 0.05
GW 0
-------------
007
-------------
GW 1.4875
Task 233 400 0.5825
Task 207 800 0.25875
Task 80 400 0.2
Task 39 200 0.195
Task 105 800 0.13125
Task 12 100 0.12
GW 1.48625
Task 145 200 0.725
Task 267 800 0.33375
Task 19 100 0.19
Task 23 200 0.115
Task 29 400 0.0725
Task 10 200 0.05
GW 0
-------------
008
-------------
GW 1.48
Task 374 400 0.935
Task 31 200 0.155
Task 124 800 0.155
Task 80 800 0.1
Task 15 200 0.075
Task 6 100 0.06
GW 1.49125
Task 623 800 0.77875
Task 188 400 0.47
Task 31 400 0.0775
Task 24 400 0.06
Task 11 200 0.055
Task 10 200 0.05
GW 0
-------------
009
-------------
GW 1.4825
Task 722 800 0.9025
Task 52 200 0.26
Task 11 100 0.11
Task 16 200 0.08
Task 7 100 0.07
Task 6 100 0.06
GW 1.48625
Task 140 200 0.7
Task 72 200 0.36
Task 49 200 0.245
Task 50 800 0.0625
Task 24 400 0.06
Task 47 800 0.05875
GW 0
-------------
010
-------------
GW 1.4925
Task 393 400 0.9825
Task 17 100 0.17
Task 13 100 0.13
Task 20 200 0.1
Task 23 400 0.0575
Task 21 400 0.0525
GW 1.4825
Task 120 200 0.6
Task 192 800 0.24
Task 185 800 0.23125
Task 159 800 0.19875
Task 53 400 0.1325
Task 8 100 0.08
GW 0
-------------
011
-------------
GW 1.49125
Task 298 800 0.3725
Task 67 200 0.335
Task 116 400 0.29
Task 97 400 0.2425
Task 72 400 0.18
Task 57 800 0.07125
GW 1.475
Task 150 200 0.75
Task 52 100 0.52
Task 5 100 0.05
Task 22 400 0.055
Task 5 100 0.05
Task 20 400 0.05
GW 0
-------------
012
-------------
GW 1.485
Task 291 400 0.7275
Task 60 200 0.3
Task 31 200 0.155
Task 94 800 0.1175
Task 22 200 0.11
Task 15 200 0.075
GW 1.48375
Task 179 400 0.4475
Task 337 800 0.42125
Task 29 100 0.29
Task 63 400 0.1575
Task 39 400 0.0975
Task 14 200 0.07
GW 0
-------------
013
-------------
GW 1.48625
Task 413 800 0.51625
Task 98 200 0.49
Task 39 200 0.195
Task 18 100 0.18
Task 11 200 0.055
Task 5 100 0.05
GW 1.48
Task 67 100 0.67
Task 51 200 0.255
Task 29 200 0.145
Task 58 400 0.145
Task 29 200 0.145
Task 12 100 0.12
GW 0
-------------
014
-------------
GW 1.4825
Task 253 400 0.6325
Task 368 800 0.46
Task 36 200 0.18
Task 22 200 0.11
Task 5 100 0.05
Task 20 400 0.05
GW 1.48125
Task 381 800 0.47625
Task 36 100 0.36
Task 40 200 0.2
Task 156 800 0.195
Task 26 200 0.13
Task 24 200 0.12
GW 0
-------------
015
-------------
GW 1.48375
Task 707 800 0.88375
Task 27 100 0.27
Task 57 400 0.1425
Task 8 100 0.08
Task 24 400 0.06
Task 19 400 0.0475
GW 1.485
Task 82 100 0.82
Task 47 200 0.235
Task 30 200 0.15
Task 59 400 0.1475
Task 7 100 0.07
Task 50 800 0.0625
GW 0
-------------
016
-------------
GW 1.48375
Task 650 800 0.8125
Task 173 400 0.4325
Task 7 100 0.07
Task 6 100 0.06
Task 22 400 0.055
Task 43 800 0.05375
GW 1.4875
Task 319 400 0.7975
Task 242 800 0.3025
Task 28 200 0.14
Task 23 200 0.115
Task 7 100 0.07
Task 25 400 0.0625
GW 0
-------------
017
-------------
GW 1.4875
Task 137 200 0.685
Task 24 100 0.24
Task 48 200 0.24
Task 67 400 0.1675
Task 9 100 0.09
Task 52 800 0.065
GW 1.49
Task 366 400 0.915
Task 80 400 0.2
Task 100 800 0.125
Task 11 100 0.11
Task 69 800 0.08625
Task 43 800 0.05375
GW 0
-------------
018
-------------
GW 1.4825
Task 210 400 0.525
Task 32 100 0.32
Task 228 800 0.285
Task 158 800 0.1975
Task 8 100 0.08
Task 15 200 0.075
GW 1.485
Task 703 800 0.87875
Task 190 800 0.2375
Task 28 200 0.14
Task 12 100 0.12
Task 6 100 0.06
Task 39 800 0.04875
GW 0
-------------
019
-------------
GW 1.485
Task 448 800 0.56
Task 420 800 0.525
Task 33 200 0.165
Task 47 400 0.1175
Task 6 100 0.06
Task 23 400 0.0575
GW 1.49
Task 391 400 0.9775
Task 23 100 0.23
Task 37 400 0.0925
Task 7 100 0.07
Task 24 400 0.06
Task 48 800 0.06
GW 0
-------------
020
-------------
GW 1.49125
Task 508 800 0.635
Task 255 800 0.31875
Task 46 200 0.23
Task 63 400 0.1575
Task 80 800 0.1
Task 10 200 0.05
GW 1.49
Task 776 800 0.97
Task 61 400 0.1525
Task 29 200 0.145
Task 10 100 0.1
Task 52 800 0.065
Task 46 800 0.0575
GW 0
-------------
021
-------------
GW 1.48125
Task 197 400 0.4925
Task 90 200 0.45
Task 235 800 0.29375
Task 9 100 0.09
Task 19 200 0.095
Task 6 100 0.06
GW 1.48625
Task 33 100 0.33
Task 249 800 0.31125
Task 112 400 0.28
Task 53 200 0.265
Task 21 100 0.21
Task 18 200 0.09
GW 0
-------------
022
-------------
GW 1.49125
Task 150 200 0.75
Task 215 800 0.26875
Task 84 400 0.21
Task 46 400 0.115
Task 78 800 0.0975
Task 10 200 0.05
GW 1.4825
Task 75 100 0.75
Task 100 200 0.5
Task 27 400 0.0675
Task 52 800 0.065
Task 10 200 0.05
Task 10 200 0.05
GW 0
-------------
023
-------------
GW 1.49125
Task 742 800 0.9275
Task 109 400 0.2725
Task 87 800 0.10875
Task 7 100 0.07
Task 25 400 0.0625
Task 20 400 0.05
GW 1.485
Task 94 100 0.94
Task 70 400 0.175
Task 25 200 0.125
Task 50 400 0.125
Task 14 200 0.07
Task 5 100 0.05
GW 0
-------------
024
-------------
GW 1.49125
Task 196 400 0.49
Task 269 800 0.33625
Task 23 100 0.23
Task 18 100 0.18
Task 55 400 0.1375
Task 94 800 0.1175
GW 1.49
Task 92 200 0.46
Task 79 200 0.395
Task 24 100 0.24
Task 156 800 0.195
Task 14 100 0.14
Task 12 200 0.06
GW 0
-------------
025
-------------
GW 1.485
Task 605 800 0.75625
Task 79 200 0.395
Task 11 100 0.11
Task 44 400 0.11
Task 47 800 0.05875
Task 22 400 0.055
GW 1.48375
Task 62 100 0.62
Task 150 400 0.375
Task 107 800 0.13375
Task 106 800 0.1325
Task 11 100 0.11
Task 90 800 0.1125
GW 0
-------------
026
-------------
GW 1.4875
Task 348 400 0.87
Task 136 400 0.34
Task 36 400 0.09
Task 33 400 0.0825
Task 11 200 0.055
Task 20 400 0.05
GW 1.4725
Task 62 100 0.62
Task 144 400 0.36
Task 14 100 0.14
Task 57 400 0.1425
Task 24 200 0.12
Task 9 100 0.09
GW 0
-------------
027
-------------
GW 1.4825
Task 304 400 0.76
Task 46 100 0.46
Task 40 400 0.1
Task 6 100 0.06
Task 43 800 0.05375
Task 39 800 0.04875
GW 1.485
Task 76 100 0.76
Task 352 800 0.44
Task 20 200 0.1
Task 67 800 0.08375
Task 5 100 0.05
Task 41 800 0.05125
GW 0
-------------
028
-------------
GW 1.48375
Task 552 800 0.69
Task 240 800 0.3
Task 25 100 0.25
Task 111 800 0.13875
Task 11 200 0.055
Task 5 100 0.05
GW 1.48375
Task 472 800 0.59
Task 86 200 0.43
Task 115 800 0.14375
Task 13 100 0.13
Task 12 100 0.12
Task 14 200 0.07
GW 0
-------------
029
-------------
GW 1.48
Task 163 400 0.4075
Task 37 100 0.37
Task 141 400 0.3525
Task 29 200 0.145
Task 27 200 0.135
Task 14 200 0.07
GW 1.485
Task 107 200 0.535
Task 46 100 0.46
Task 92 400 0.23
Task 29 200 0.145
Task 12 200 0.06
Task 22 400 0.055
GW 0
-------------
030
-------------
GW 1.49125
Task 199 200 0.995
Task 75 400 0.1875
Task 45 400 0.1125
Task 30 400 0.075
Task 49 800 0.06125
Task 6 100 0.06
GW 1.48375
Task 56 100 0.56
Task 431 800 0.53875
Task 30 200 0.15
Task 40 400 0.1
Task 35 400 0.0875
Task 19 400 0.0475
GW 0
-------------
031
-------------
GW 1.48125
Task 60 100 0.6
Task 84 200 0.42
Task 19 100 0.19
Task 20 200 0.1
Task 81 800 0.10125
Task 14 200 0.07
GW 1.48
Task 52 100 0.52
Task 45 100 0.45
Task 143 400 0.3575
Task 5 100 0.05
Task 21 400 0.0525
Task 20 400 0.05
GW 0
-------------
032
-------------
GW 1.48875
Task 708 800 0.885
Task 80 200 0.4
Task 49 800 0.06125
Task 5 100 0.05
Task 9 200 0.045
Task 19 400 0.0475
GW 1.4875
Task 88 100 0.88
Task 33 100 0.33
Task 35 400 0.0875
Task 17 200 0.085
Task 22 400 0.055
Task 20 400 0.05
GW 0
-------------
033
-------------
GW 1.4925
Task 213 400 0.5325
Task 159 400 0.3975
Task 87 400 0.2175
Task 15 100 0.15
Task 53 400 0.1325
Task 25 400 0.0625
GW 1.48625
Task 113 200 0.565
Task 160 400 0.4
Task 41 200 0.205
Task 13 100 0.13
Task 43 400 0.1075
Task 63 800 0.07875
GW 0
-------------
034
-------------
GW 1.485
Task 63 100 0.63
Task 82 200 0.41
Task 42 200 0.21
Task 24 200 0.12
Task 25 400 0.0625
Task 42 800 0.0525
GW 1.475
Task 264 400 0.66
Task 83 200 0.415
Task 27 100 0.27
Task 4 100 0.04
Task 9 200 0.045
Task 9 200 0.045
GW 0
-------------
035
-------------
GW 1.485
Task 163 200 0.815
Task 82 200 0.41
Task 23 200 0.115
Task 41 800 0.05125
Task 9 200 0.045
Task 39 800 0.04875
GW 1.48625
Task 109 200 0.545
Task 365 800 0.45625
Task 59 400 0.1475
Task 12 100 0.12
Task 24 200 0.12
Task 39 400 0.0975
GW 0
-------------
036
-------------
GW 1.4725
Task 214 400 0.535
Task 35 100 0.35
Task 27 100 0.27
Task 16 100 0.16
Task 9 100 0.09
Task 27 400 0.0675
GW 1.48625
Task 151 200 0.755
Task 270 800 0.3375
Task 19 100 0.19
Task 71 800 0.08875
Task 12 200 0.06
Task 22 400 0.055
GW 0
-------------
037
-------------
GW 1.48125
Task 213 400 0.5325
Task 77 200 0.385
Task 86 400 0.215
Task 111 800 0.13875
Task 12 100 0.12
Task 18 200 0.09
GW 1.485
Task 71 100 0.71
Task 349 800 0.43625
Task 89 800 0.11125
Task 9 100 0.09
Task 66 800 0.0825
Task 22 400 0.055
GW 0
-------------
038
-------------
GW 1.48375
Task 365 400 0.9125
Task 110 400 0.275
Task 56 400 0.14
Task 5 100 0.05
Task 45 800 0.05625
Task 5 100 0.05
GW 1.49
Task 519 800 0.64875
Task 143 400 0.3575
Task 22 100 0.22
Task 24 200 0.12
Task 67 800 0.08375
Task 48 800 0.06
GW 0
-------------
039
-------------
GW 1.4825
Task 88 200 0.44
Task 42 100 0.42
Task 53 200 0.265
Task 38 200 0.19
Task 96 800 0.12
Task 19 400 0.0475
GW 1.4875
Task 260 400 0.65
Task 46 100 0.46
Task 37 200 0.185
Task 9 100 0.09
Task 5 100 0.05
Task 21 400 0.0525
GW 0
-------------
040
-------------
GW 1.4875
Task 57 100 0.57
Task 300 800 0.375
Task 25 100 0.25
Task 18 100 0.18
Task 13 200 0.065
Task 19 400 0.0475
GW 1.475
Task 131 200 0.655
Task 23 100 0.23
Task 156 800 0.195
Task 19 100 0.19
Task 13 100 0.13
Task 15 200 0.075
GW 0
-------------
041
-------------
GW 1.49125
Task 65 100 0.65
Task 89 200 0.445
Task 141 800 0.17625
Task 41 400 0.1025
Task 13 200 0.065
Task 42 800 0.0525
GW 1.49
Task 388 800 0.485
Task 188 400 0.47
Task 46 200 0.23
Task 30 200 0.15
Task 68 800 0.085
Task 56 800 0.07
GW 0
-------------
042
-------------
GW 1.47375
Task 728 800 0.91
Task 106 400 0.265
Task 34 200 0.17
Task 39 800 0.04875
Task 4 100 0.04
Task 4 100 0.04
GW 1.48875
Task 637 800 0.79625
Task 51 200 0.255
Task 49 200 0.245
Task 32 400 0.08
Task 25 400 0.0625
Task 5 100 0.05
GW 0
-------------
043
-------------
GW 1.49
Task 258 400 0.645
Task 25 100 0.25
Task 21 100 0.21
Task 166 800 0.2075
Task 76 800 0.095
Task 66 800 0.0825
GW 1.4875
Task 66 100 0.66
Task 33 100 0.33
Task 90 400 0.225
Task 13 100 0.13
Task 60 800 0.075
Task 27 400 0.0675
GW 0
-------------
044
-------------
GW 1.4775
Task 91 100 0.91
Task 72 400 0.18
Task 28 200 0.14
Task 70 800 0.0875
Task 16 200 0.08
Task 16 200 0.08
GW 1.48625
Task 441 800 0.55125
Task 292 800 0.365
Task 32 100 0.32
Task 22 200 0.11
Task 17 200 0.085
Task 11 200 0.055
GW 0
-------------
045
-------------
GW 1.48875
Task 96 100 0.96
Task 53 200 0.265
Task 62 800 0.0775
Task 53 800 0.06625
Task 24 400 0.06
Task 48 800 0.06
GW 1.48
Task 524 800 0.655
Task 474 800 0.5925
Task 8 100 0.08
Task 6 100 0.06
Task 19 400 0.0475
Task 9 200 0.045
GW 0
-------------
046
-------------
GW 1.47375
Task 529 800 0.66125
Task 36 100 0.36
Task 28 100 0.28
Task 29 400 0.0725
Task 5 100 0.05
Task 5 100 0.05
GW 1.48
Task 396 400 0.99
Task 50 200 0.25
Task 6 100 0.06
Task 13 200 0.065
Task 6 100 0.06
Task 11 200 0.055
GW 0
-------------
047
-------------
GW 1.4925
Task 310 400 0.775
Task 51 200 0.255
Task 76 400 0.19
Task 94 800 0.1175
Task 16 200 0.08
Task 30 400 0.075
GW 1.4875
Task 607 800 0.75875
Task 122 400 0.305
Task 126 800 0.1575
Task 107 800 0.13375
Task 7 100 0.07
Task 25 400 0.0625
GW 0
-------------
048
-------------
GW 1.4825
Task 170 200 0.85
Task 78 200 0.39
Task 18 200 0.09
Task 5 100 0.05
Task 22 400 0.055
Task 19 400 0.0475
GW 1.49375
Task 737 800 0.92125
Task 89 400 0.2225
Task 149 800 0.18625
Task 12 200 0.06
Task 43 800 0.05375
Task 10 200 0.05
GW 0
-------------
049
-------------
GW 1.485
Task 512 800 0.64
Task 60 100 0.6
Task 56 800 0.07
Task 13 200 0.065
Task 11 200 0.055
Task 11 200 0.055
GW 1.485
Task 65 100 0.65
Task 186 800 0.2325
Task 182 800 0.2275
Task 58 400 0.145
Task 14 100 0.14
Task 9 100 0.09
GW 0
-------------
050
-------------
GW 1.49
Task 64 100 0.64
Task 27 100 0.27
Task 86 400 0.215
Task 67 400 0.1675
Task 51 400 0.1275
Task 7 100 0.07
GW 1.48375
Task 42 100 0.42
Task 57 200 0.285
Task 56 200 0.28
Task 100 400 0.25
Task 39 200 0.195
Task 43 800 0.05375
GW 0
-------------
051
-------------
GW 1.485
Task 219 400 0.5475
Task 167 400 0.4175
Task 42 200 0.21
Task 152 800 0.19
Task 7 100 0.07
Task 5 100 0.05
GW 1.47875
Task 262 400 0.655
Task 48 100 0.48
Task 13 100 0.13
Task 8 100 0.08
Task 14 200 0.07
Task 51 800 0.06375
GW 0
-------------
052
-------------
GW 1.47625
Task 701 800 0.87625
Task 100 400 0.25
Task 17 100 0.17
Task 31 400 0.0775
Task 5 100 0.05
Task 21 400 0.0525
GW 1.4925
Task 244 400 0.61
Task 131 400 0.3275
Task 21 100 0.21
Task 39 200 0.195
Task 19 200 0.095
Task 22 400 0.055
GW 0
-------------
053
-------------
GW 1.47125
Task 184 200 0.92
Task 26 100 0.26
Task 11 100 0.11
Task 8 100 0.08
Task 5 100 0.05
Task 41 800 0.05125
GW 1.4875
Task 678 800 0.8475
Task 50 200 0.25
Task 88 400 0.22
Task 13 200 0.065
Task 11 200 0.055
Task 20 400 0.05
GW 0
-------------
054
-------------
GW 1.4875
Task 384 400 0.96
Task 23 100 0.23
Task 47 400 0.1175
Task 8 100 0.08
Task 40 800 0.05
Task 40 800 0.05
GW 1.48375
Task 555 800 0.69375
Task 50 100 0.5
Task 76 800 0.095
Task 8 100 0.08
Task 13 200 0.065
Task 5 100 0.05
GW 0
-------------
055
-------------
GW 1.48
Task 94 100 0.94
Task 26 100 0.26
Task 44 400 0.11
Task 30 400 0.075
Task 19 400 0.0475
Task 19 400 0.0475
GW 1.49125
Task 135 200 0.675
Task 199 400 0.4975
Task 17 100 0.17
Task 5 100 0.05
Task 40 800 0.05
Task 39 800 0.04875
GW 0
-------------
056
-------------
GW 1.4825
Task 619 800 0.77375
Task 42 100 0.42
Task 100 800 0.125
Task 12 200 0.06
Task 5 100 0.05
Task 43 800 0.05375
GW 1.48875
Task 615 800 0.76875
Task 198 400 0.495
Task 7 100 0.07
Task 21 400 0.0525
Task 5 100 0.05
Task 21 400 0.0525
GW 0
-------------
057
-------------
GW 1.4925
Task 314 400 0.785
Task 183 400 0.4575
Task 8 100 0.08
Task 14 200 0.07
Task 5 100 0.05
Task 40 800 0.05
GW 1.48625
Task 508 800 0.635
Task 104 200 0.52
Task 33 200 0.165
Task 23 400 0.0575
Task 11 200 0.055
Task 43 800 0.05375
GW 0
-------------
058
-------------
GW 1.4725
Task 227 400 0.5675
Task 107 200 0.535
Task 12 100 0.12
Task 10 100 0.1
Task 9 100 0.09
Task 6 100 0.06
GW 1.48375
Task 104 200 0.52
Task 73 200 0.365
Task 207 800 0.25875
Task 19 100 0.19
Task 36 400 0.09
Task 24 400 0.06
GW 0
-------------
059
-------------
GW 1.495
Task 259 400 0.6475
Task 79 200 0.395
Task 29 200 0.145
Task 12 100 0.12
Task 45 400 0.1125
Task 15 200 0.075
GW 1.49
Task 229 400 0.5725
Task 36 100 0.36
Task 264 800 0.33
Task 11 100 0.11
Task 54 800 0.0675
Task 5 100 0.05
GW 0
-------------
060
-------------
GW 1.48
Task 44 100 0.44
Task 313 800 0.39125
Task 299 800 0.37375
Task 29 200 0.145
Task 14 200 0.07
Task 6 100 0.06
GW 1.495
Task 289 400 0.7225
Task 276 800 0.345
Task 101 400 0.2525
Task 28 400 0.07
Task 11 200 0.055
Task 10 200 0.05
GW 0
-------------
061
-------------
GW 1.48125
Task 176 200 0.88
Task 17 100 0.17
Task 30 200 0.15
Task 13 100 0.13
Task 20 200 0.1
Task 41 800 0.05125
GW 1.49375
Task 476 800 0.595
Task 54 200 0.27
Task 74 400 0.185
Task 131 800 0.16375
Task 32 200 0.16
Task 24 200 0.12
GW 0
-------------
062
-------------
GW 1.49
Task 402 800 0.5025
Task 82 200 0.41
Task 298 800 0.3725
Task 21 200 0.105
Task 10 200 0.05
Task 10 200 0.05
GW 1.48375
Task 791 800 0.98875
Task 116 800 0.145
Task 25 200 0.125
Task 9 100 0.09
Task 34 400 0.085
Task 5 100 0.05
GW 0
-------------
063
-------------
GW 1.49125
Task 474 800 0.5925
Task 107 200 0.535
Task 65 400 0.1625
Task 16 200 0.08
Task 7 100 0.07
Task 41 800 0.05125
GW 1.485
Task 191 200 0.955
Task 27 100 0.27
Task 16 200 0.08
Task 26 400 0.065
Task 6 100 0.06
Task 11 200 0.055
GW 0
-------------
064
-------------
GW 1.475
Task 578 800 0.7225
Task 32 100 0.32
Task 58 200 0.29
Task 22 400 0.055
Task 4 100 0.04
Task 19 400 0.0475
GW 1.48
Task 51 100 0.51
Task 71 200 0.355
Task 127 400 0.3175
Task 36 200 0.18
Task 6 100 0.06
Task 23 400 0.0575
GW 0
-------------
065
-------------
GW 1.47
Task 63 100 0.63
Task 26 100 0.26
Task 40 200 0.2
Task 17 100 0.17
Task 52 400 0.13
Task 8 100 0.08
GW 1.4825
Task 75 100 0.75
Task 303 800 0.37875
Task 59 400 0.1475
Task 61 800 0.07625
Task 15 200 0.075
Task 11 200 0.055
GW 0
-------------
066
-------------
GW 1.4925
Task 190 400 0.475
Task 89 200 0.445
Task 172 800 0.215
Task 120 800 0.15
Task 43 400 0.1075
Task 20 200 0.1
GW 1.48875
Task 348 400 0.87
Task 180 800 0.225
Task 12 100 0.12
Task 43 400 0.1075
Task 43 400 0.1075
Task 47 800 0.05875
GW 0
-------------
067
-------------
GW 1.4875
Task 100 200 0.5
Task 45 100 0.45
Task 63 200 0.315
Task 37 400 0.0925
Task 16 200 0.08
Task 5 100 0.05
GW 1.4875
Task 220 400 0.55
Task 299 800 0.37375
Task 146 400 0.365
Task 39 400 0.0975
Task 5 100 0.05
Task 41 800 0.05125
GW 0
-------------
068
-------------
GW 1.48625
Task 263 400 0.6575
Task 32 100 0.32
Task 43 200 0.215
Task 104 800 0.13
Task 18 200 0.09
Task 59 800 0.07375
GW 1.4875
Task 72 200 0.36
Task 257 800 0.32125
Task 257 800 0.32125
Task 86 400 0.215
Task 68 400 0.17
Task 20 200 0.1
GW 0
-------------
069
-------------
GW 1.48625
Task 106 200 0.53
Task 144 400 0.36
Task 31 100 0.31
Task 57 400 0.1425
Task 15 200 0.075
Task 55 800 0.06875
GW 1.47625
Task 306 400 0.765
Task 288 800 0.36
Task 13 100 0.13
Task 8 100 0.08
Task 15 200 0.075
Task 53 800 0.06625
GW 0
-------------
070
-------------
GW 1.495
Task 135 200 0.675
Task 256 800 0.32
Task 206 800 0.2575
Task 42 400 0.105
Task 34 400 0.085
Task 42 800 0.0525
GW 1.48375
Task 408 800 0.51
Task 310 800 0.3875
Task 55 200 0.275
Task 15 100 0.15
Task 16 200 0.08
Task 65 800 0.08125
GW 0
-------------
071
-------------
GW 1.4875
Task 656 800 0.82
Task 320 800 0.4
Task 25 200 0.125
Task 20 400 0.05
Task 19 400 0.0475
Task 9 200 0.045
GW 1.48875
Task 302 400 0.755
Task 98 200 0.49
Task 67 800 0.08375
Task 11 200 0.055
Task 23 400 0.0575
Task 19 400 0.0475
GW 0
-------------
072
-------------
GW 1.48
Task 345 400 0.8625
Task 38 100 0.38
Task 31 400 0.0775
Task 6 100 0.06
Task 40 800 0.05
Task 20 400 0.05
GW 1.48625
Task 360 400 0.9
Task 135 400 0.3375
Task 64 800 0.08
Task 51 800 0.06375
Task 5 100 0.05
Task 22 400 0.055
GW 0
-------------
073
-------------
GW 1.4875
Task 116 200 0.58
Task 52 100 0.52
Task 56 400 0.14
Task 19 200 0.095
Task 35 400 0.0875
Task 13 200 0.065
GW 1.49
Task 127 200 0.635
Task 51 200 0.255
Task 84 400 0.21
Task 162 800 0.2025
Task 11 100 0.11
Task 31 400 0.0775
GW 0
-------------
074
-------------
GW 1.4875
Task 270 400 0.675
Task 60 200 0.3
Task 33 200 0.165
Task 58 400 0.145
Task 56 400 0.14
Task 50 800 0.0625
GW 1.49375
Task 48 100 0.48
Task 36 100 0.36
Task 256 800 0.32
Task 14 100 0.14
Task 95 800 0.11875
Task 30 400 0.075
GW 0
-------------
075
-------------
GW 1.4925
Task 166 400 0.415
Task 62 200 0.31
Task 214 800 0.2675
Task 87 400 0.2175
Task 61 400 0.1525
Task 52 400 0.13
GW 1.485
Task 226 400 0.565
Task 31 100 0.31
Task 30 100 0.3
Task 160 800 0.2
Task 48 800 0.06
Task 5 100 0.05
GW 0
-------------
076
-------------
GW 1.49
Task 388 400 0.97
Task 65 400 0.1625
Task 57 400 0.1425
Task 20 200 0.1
Task 24 400 0.06
Task 11 200 0.055
GW 1.4775
Task 72 100 0.72
Task 36 100 0.36
Task 81 400 0.2025
Task 9 100 0.09
Task 5 100 0.05
Task 44 800 0.055
GW 0
-------------
077
-------------
GW 1.48875
Task 58 100 0.58
Task 287 800 0.35875
Task 198 800 0.2475
Task 79 400 0.1975
Task 5 100 0.05
Task 44 800 0.055
GW 1.4825
Task 96 100 0.96
Task 176 800 0.22
Task 42 400 0.105
Task 19 200 0.095
Task 11 200 0.055
Task 19 400 0.0475
GW 0
-------------
078
-------------
GW 1.4875
Task 142 200 0.71
Task 44 100 0.44
Task 40 400 0.1
Task 78 800 0.0975
Task 18 200 0.09
Task 5 100 0.05
GW 1.4775
Task 309 400 0.7725
Task 155 400 0.3875
Task 47 400 0.1175
Task 8 100 0.08
Task 6 100 0.06
Task 12 200 0.06
GW 0
-------------
079
-------------
GW 1.485
Task 49 100 0.49
Task 67 200 0.335
Task 67 200 0.335
Task 12 100 0.12
Task 11 100 0.11
Task 38 400 0.095
GW 1.4875
Task 163 200 0.815
Task 65 200 0.325
Task 23 200 0.115
Task 77 800 0.09625
Task 65 800 0.08125
Task 44 800 0.055
GW 0
-------------
080
-------------
GW 1.49375
Task 99 100 0.99
Task 191 800 0.23875
Task 33 400 0.0825
Task 7 100 0.07
Task 50 800 0.0625
Task 5 100 0.05
GW 1.48125
Task 485 800 0.60625
Task 214 400 0.535
Task 11 100 0.11
Task 36 400 0.09
Task 8 100 0.08
Task 12 200 0.06
GW 0
-------------
081
-------------
GW 1.48375
Task 404 800 0.505
Task 157 400 0.3925
Task 30 100 0.3
Task 97 800 0.12125
Task 19 200 0.095
Task 7 100 0.07
GW 1.49125
Task 87 100 0.87
Task 143 800 0.17875
Task 138 800 0.1725
Task 125 800 0.15625
Task 13 200 0.065
Task 39 800 0.04875
GW 0
-------------
082
-------------
GW 1.4925
Task 707 800 0.88375
Task 44 200 0.22
Task 11 100 0.11
Task 83 800 0.10375
Task 80 800 0.1
Task 15 200 0.075
GW 1.48
Task 167 200 0.835
Task 240 800 0.3
Task 28 200 0.14
Task 30 400 0.075
Task 56 800 0.07
Task 6 100 0.06
GW 0
-------------
083
-------------
GW 1.4875
Task 465 800 0.58125
Task 91 200 0.455
Task 242 800 0.3025
Task 49 800 0.06125
Task 19 400 0.0475
Task 4 100 0.04
GW 1.4775
Task 64 100 0.64
Task 179 400 0.4475
Task 15 100 0.15
Task 72 800 0.09
Task 36 400 0.09
Task 24 400 0.06
GW 0
-------------
084
-------------
GW 1.49125
Task 289 400 0.7225
Task 52 200 0.26
Task 26 100 0.26
Task 14 100 0.14
Task 47 800 0.05875
Task 5 100 0.05
GW 1.48375
Task 687 800 0.85875
Task 37 100 0.37
Task 16 200 0.08
Task 15 200 0.075
Task 5 100 0.05
Task 5 100 0.05
GW 0
-------------
085
-------------
GW 1.48125
Task 116 200 0.58
Task 52 100 0.52
Task 21 100 0.21
Task 25 400 0.0625
Task 47 800 0.05875
Task 5 100 0.05
GW 1.48875
Task 61 100 0.61
Task 179 400 0.4475
Task 21 100 0.21
Task 64 800 0.08
Task 28 400 0.07
Task 57 800 0.07125
GW 0
-------------
086
-------------
GW 1.495
Task 273 400 0.6825
Task 53 200 0.265
Task 184 800 0.23
Task 141 800 0.17625
Task 61 800 0.07625
Task 26 400 0.065
GW 1.47
Task 67 100 0.67
Task 31 100 0.31
Task 21 100 0.21
Task 73 400 0.1825
Task 42 800 0.0525
Task 9 200 0.045
GW 0
-------------
087
-------------
GW 1.4875
Task 140 200 0.7
Task 91 200 0.455
Task 77 800 0.09625
Task 33 400 0.0825
Task 65 800 0.08125
Task 29 400 0.0725
GW 1.49125
Task 328 400 0.82
Task 161 400 0.4025
Task 81 800 0.10125
Task 28 400 0.07
Task 10 200 0.05
Task 19 400 0.0475
GW 0
-------------
088
-------------
GW 1.47625
Task 76 100 0.76
Task 355 800 0.44375
Task 9 100 0.09
Task 33 400 0.0825
Task 5 100 0.05
Task 5 100 0.05
GW 1.4875
Task 640 800 0.8
Task 33 100 0.33
Task 99 800 0.12375
Task 35 400 0.0875
Task 61 800 0.07625
Task 14 200 0.07
GW 0
-------------
089
-------------
GW 1.49
Task 223 400 0.5575
Task 438 800 0.5475
Task 89 400 0.2225
Task 46 800 0.0575
Task 22 400 0.055
Task 5 100 0.05
GW 1.4875
Task 270 400 0.675
Task 37 100 0.37
Task 144 800 0.18
Task 91 800 0.11375
Task 67 800 0.08375
Task 52 800 0.065
GW 0
-------------
090
-------------
GW 1.48875
Task 142 200 0.71
Task 458 800 0.5725
Task 23 400 0.0575
Task 10 200 0.05
Task 20 400 0.05
Task 39 800 0.04875
GW 1.49
Task 88 100 0.88
Task 133 400 0.3325
Task 45 400 0.1125
Task 13 200 0.065
Task 10 200 0.05
Task 20 400 0.05
GW 0
-------------
091
-------------
GW 1.48625
Task 196 200 0.98
Task 125 800 0.15625
Task 28 200 0.14
Task 19 200 0.095
Task 12 200 0.06
Task 11 200 0.055
GW 1.48625
Task 105 200 0.525
Task 77 200 0.385
Task 265 800 0.33125
Task 23 200 0.115
Task 15 200 0.075
Task 11 200 0.055
GW 0
-------------
092
-------------
GW 1.49
Task 49 100 0.49
Task 162 400 0.405
Task 22 100 0.22
Task 62 400 0.155
Task 27 200 0.135
Task 17 200 0.085
GW 1.485
Task 273 400 0.6825
Task 122 400 0.305
Task 19 100 0.19
Task 67 400 0.1675
Task 8 100 0.08
Task 6 100 0.06
GW 0
-------------
093
-------------
GW 1.485
Task 291 400 0.7275
Task 38 100 0.38
Task 27 200 0.135
Task 85 800 0.10625
Task 8 100 0.08
Task 45 800 0.05625
GW 1.4875
Task 222 400 0.555
Task 51 100 0.51
Task 158 800 0.1975
Task 42 400 0.105
Task 7 100 0.07
Task 20 400 0.05
GW 0
-------------
094
-------------
GW 1.485
Task 188 200 0.94
Task 118 400 0.295
Task 10 100 0.1
Task 10 200 0.05
Task 40 800 0.05
Task 5 100 0.05
GW 1.48625
Task 260 400 0.65
Task 48 100 0.48
Task 15 100 0.15
Task 63 800 0.07875
Task 26 400 0.065
Task 25 400 0.0625
GW 0
-------------
095
-------------
GW 1.48375
Task 175 200 0.875
Task 73 400 0.1825
Task 31 200 0.155
Task 12 100 0.12
Task 19 200 0.095
Task 45 800 0.05625
GW 1.47875
Task 445 800 0.55625
Task 106 200 0.53
Task 35 200 0.175
Task 43 400 0.1075
Task 28 400 0.07
Task 4 100 0.04
GW 0
-------------
096
-------------
GW 1.48625
Task 183 400 0.4575
Task 78 200 0.39
Task 271 800 0.33875
Task 11 100 0.11
Task 22 200 0.11
Task 16 200 0.08
GW 1.49
Task 134 200 0.67
Task 89 200 0.445
Task 147 800 0.18375
Task 69 800 0.08625
Task 22 400 0.055
Task 20 400 0.05
GW 0
-------------
097
-------------
GW 1.49
Task 522 800 0.6525
Task 139 400 0.3475
Task 197 800 0.24625
Task 75 800 0.09375
Task 17 200 0.085
Task 13 200 0.065
GW 1.49
Task 136 200 0.68
Task 126 400 0.315
Task 116 800 0.145
Task 57 400 0.1425
Task 24 200 0.12
Task 70 800 0.0875
GW 0
-------------
098
-------------
GW 1.47
Task 78 100 0.78
Task 22 100 0.22
Task 15 100 0.15
Task 15 100 0.15
Task 80 800 0.1
Task 7 100 0.07
GW 1.485
Task 108 200 0.54
Task 360 800 0.45
Task 77 400 0.1925
Task 71 400 0.1775
Task 34 400 0.085
Task 4 100 0.04
GW 0
-------------
099
-------------
GW 1.48375
Task 305 800 0.38125
Task 61 200 0.305
Task 234 800 0.2925
Task 43 200 0.215
Task 15 100 0.15
Task 28 200 0.14
GW 1.48125
Task 71 100 0.71
Task 24 100 0.24
Task 169 800 0.21125
Task 18 100 0.18
Task 15 200 0.075
Task 13 200 0.065
GW 0
-------------
100
-------------
