Meet_R
NOFLD	myOFLD	AOFLDC	SeGW
1	0.999364	0.306456	0.960035	
1	0.812831	0.336195	0.834038	
0.572212	0.656264	0.40521	0.639773	
0.379453	0.562718	0.395649	0.534491	
1	1	0.21273	0.960894	
1	0.846096	0.235078	0.827929	
0.61467	0.64273	0.209664	0.606598	
0.468501	0.560715	0.253065	0.489409	
1	1	0.111449	0.961815	
1	0.859907	0.128004	0.828822	
0.634498	0.675636	0.127942	0.594026	
0.49562	0.5575	0.168694	0.481144	
1	1	0.0706974	0.954936	
1	0.897142	0.0862845	0.831603	
0.662208	0.700219	0.0786383	0.624539	
0.511492	0.589393	0.101857	0.476294	
1	1	0.0400251	0.942337	
1	0.967632	0.0455255	0.834477	
0.679264	0.759699	0.0474847	0.664503	
0.549404	0.634211	0.0515466	0.526616	
1	1	0.0234684	0.934714	
1	0.990601	0.027285	0.825969	
0.697561	0.824659	0.0286547	0.681954	
0.573442	0.708724	0.0285542	0.566768	


Energy
NOFLD	myOFLD	AOFLDC	SeGW
12329.2	10787.6	9653.43	11899.9	
17531.3	10614.9	9677.03	13789.1	
17608.8	9873.19	9615.1	12815.4	
17608.8	9351.92	9583.08	11625	
12314.9	11209.3	9780.88	12036.8	
17512	11632.7	9810.83	14577.3	
17608.8	10606.1	9823.96	14713.4	
17608.8	10366.6	9800.41	12743.3	
12288.5	11572.6	9856.02	12171.4	
17496.4	12213.1	9869.16	15245.8	
17608.8	11789.4	9879.53	15722.8	
17608.8	11184.4	9867.79	14007.3	
12264.8	11592.3	9879.74	12121.5	
17464.3	12901.7	9899.87	15540.8	
17608.8	12335.6	9905.45	16455.8	
17608.8	12072.2	9909.65	15050.4	
12251.2	11647.6	9878.7	12075	
17433.4	14326.9	9916.65	15741.7	
17608.8	13450.7	9924.69	17003	
17608.8	13500	9921.8	16102	
12238.2	11624.7	9896.02	12026.4	
17402	14988.3	9919.47	15716.5	
17608.8	14768.3	9929.96	17223.4	
17608.8	14900.8	9935.64	16949.2	


Resp
NOFLD	myOFLD	AOFLDC	SeGW
615635	727436	463850	616561	
1572260	1064476	580383	909071	
924350	1024326	655722	890416	
655820	1018470	715689	918678	
720325	794509	489865	755433	
1907115	1393075	561083	1106441	
1337140	1355653	545516	1063778	
1019105	1404307	638219	1105149	
827680	839613	388818	899574	
2283330	1614544	449501	1243306	
1686265	1682585	446441	1215650	
1373665	1726446	542345	1256972	
929335	938636	335267	1020945	
2611130	1794208	389919	1361287	
2118220	1885712	379871	1369442	
1757210	2035006	424779	1402410	
1137430	1171097	300782	1339637	
3270590	2576263	338026	1716320	
2709295	2533229	339537	1723527	
2496320	2767212	367424	1805038	
1331760	1385394	233153	1553834	
3844355	3257719	273367	2102503	
3143315	3252720	280198	2044902	
2981595	3809100	300586	2065240	


CloudEng
NOFLD	myOFLD	AOFLDC	SeGW
0	72330	248142	23956	
0	279510	474440	203246	
0	500450	704123	519277	
0	689661	950212	825670	
0	34352	215802	11794	
0	225639	416185	132976	
0	402507	583846	310319	
0	643010	770948	655356	
0	5832	172242	0	
0	137569	346376	71925	
0	306253	495408	186171	
0	535072	629636	473910	
0	1030	148889	0	
0	74924	293656	40075	
0	193983	410419	109406	
0	393211	530258	307784	
0	0	117012	0	
0	30746	229598	11518	
0	114488	337253	46809	
0	262678	419998	168146	
0	0	96073	0	
0	13487	183598	1619	
0	51413	250118	29403	
0	122124	330942	66814	


FogEng
NOFLD	myOFLD	AOFLDC	SeGW
10328	12266	10328	10328	
10328	13232	10328	10328	
10328	11678	10328	10328	
10328	11172	10328	10328	
10328	12254	10328	10328	
10328	13477	10328	10328	
10328	13863	10328	10328	
10328	12515	10328	10328	
10328	12011	10328	10328	
10328	14549	10328	10328	
10328	14750	10328	10328	
10328	13630	10328	10328	
10328	12001	10328	10328	
10328	14884	10328	10328	
10328	14968	10328	10328	
10328	14782	10328	10328	
10328	11878	10328	10328	
10328	15327	10328	10328	
10328	14528	10328	10328	
10328	14563	10328	10328	
10328	12026	10328	10328	
10328	15350	10328	10328	
10328	14306	10328	10328	
10328	14847	10328	10328	


GW_Eng
GW1	GW2	GW3
10622	10953.1	12266.9
10511	10718.8	13233.2
9670.28	10076.1	11679.4
9443.08	9260.75	11172.8
11288.5	11130	12255.1
11636.6	11628.7	13478.4
10669.6	10542.5	13864.3
10358.2	10375.1	12515.8
11508.8	11636.4	12011.8
11770.7	12655.5	14549.7
11701	11877.8	14750.9
11229.1	11139.8	13630.8
11561.7	11623	12002
12706.2	13097.1	14885.1
12321.3	12349.8	14968.8
11828.8	12315.5	14783.3
11681.2	11614.1	11879
14081.6	14572.1	15327.9
13475.1	13426.3	14529
13477.6	13522.5	14564
11581.8	11667.5	12027.4
15100.6	14876	15351.3
14666.7	14869.9	14307.5
14787.2	15014.3	14847.7


