Meet_R
NOFLD	myOFLD	AOFLDC	SeGW
1	0.999657	0.856734	0.966549	
1	0.982526	0.846924	0.87869	
0.572212	0.972988	0.829472	0.778642	
0.379453	0.905557	0.854721	0.753757	
1	0.9999	0.765538	0.962037	
1	0.981799	0.759004	0.850523	
0.61467	0.966098	0.725137	0.718386	
0.468501	0.870835	0.741163	0.687248	
1	1	0.549466	0.961815	
1	0.981873	0.614018	0.844682	
0.634498	0.933061	0.576988	0.66846	
0.49562	0.80916	0.583295	0.638612	
1	1	0.40124	0.954936	
1	0.977861	0.426149	0.838903	
0.662208	0.910076	0.409201	0.669021	
0.511492	0.79339	0.413264	0.601414	
1	1	0.238065	0.942337	
1	0.983573	0.253963	0.83758	
0.679264	0.890207	0.264623	0.681268	
0.549404	0.717895	0.261845	0.587301	
1	1	0.135733	0.934714	
1	0.985732	0.146796	0.826708	
0.697561	0.844399	0.130394	0.692247	
0.573442	0.659679	0.139113	0.598433	


Energy
NOFLD	myOFLD	AOFLDC	SeGW
12329.2	10031.2	9626.63	11886.8	
17531.3	10707.5	9632.87	13760.4	
17608.8	10231.2	9543	12955.2	
17608.8	10148.5	9497.83	11965.5	
12314.9	10688.2	10048.4	12029.3	
17512	11497.4	10013.3	14550	
17608.8	11156.4	10092.6	15066.7	
17608.8	10953	10010.7	13717.8	
12288.5	11249.7	10363	12171.4	
17496.4	12324.9	10345.5	15225.7	
17608.8	12438.1	10345.7	16041.2	
17608.8	11732.4	10266.3	14968.9	
12264.8	11435.7	10455.3	12121.5	
17464.3	13065.7	10425.3	15522.5	
17608.8	13132.8	10455	16676.4	
17608.8	12384.4	10415.4	15896	
12251.2	11562.7	10522.6	12075	
17433.4	14321.8	10507.1	15738	
17608.8	14259.5	10502.4	17131.4	
17608.8	13369.7	10503.2	16760.6	
12238.2	11529.4	10513.2	12026.4	
17402	14952.4	10512.6	15715.8	
17608.8	15585.7	10509.9	17282.4	
17608.8	14296.2	10506.4	17257.2	


Resp
NOFLD	myOFLD	AOFLDC	SeGW
615635	634056	927269	601654	
1572260	1078680	973576	825916	
924350	1314529	1064018	870485	
655820	1381636	1269204	1034822	
720325	761450	1340378	740245	
1907115	1392558	1305496	1018357	
1337140	1775922	1377184	1052128	
1019105	1806483	1484030	1210230	
827680	857359	1443299	899574	
2283330	1732736	1621717	1179756	
1686265	2274345	1553682	1185455	
1373665	2150221	1512448	1339130	
929335	955215	1337452	1020945	
2611130	2045536	1380070	1316510	
2118220	2743383	1390516	1348819	
1757210	2644511	1342215	1469202	
1137430	1187869	1031312	1339637	
3270590	2749463	1096567	1701571	
2709295	3623650	1164159	1695408	
2496320	3244522	1197511	1805949	
1331760	1408069	709622	1553834	
3844355	3283844	778772	2100989	
3143315	4020458	733490	2030053	
2981595	3597818	744610	2117038	


CloudEng
NOFLD	myOFLD	AOFLDC	SeGW
0	72330	307920	23956	
0	388122	596487	203246	
0	789801	882975	522339	
0	1066188	1165919	898420	
0	34352	302315	11794	
0	309340	586661	132976	
0	700532	860652	312652	
0	993048	1122138	690607	
0	5832	287389	0	
0	232042	555547	71925	
0	563249	811322	189152	
0	886037	1054257	485944	
0	1030	269317	0	
0	162619	512830	40075	
0	489222	742719	109406	
0	774485	964071	317896	
0	0	241643	0	
0	49404	441956	11518	
0	379566	637515	46809	
0	628525	818623	169004	
0	0	210069	0	
0	13487	376721	1619	
0	240359	533530	29403	
0	503556	693194	66920	


FogEng
NOFLD	myOFLD	AOFLDC	SeGW
10328	13675	10328	10328	
10328	13442	10328	10328	
10328	11707	10328	10328	
10328	11060	10328	10328	
10328	13267	10328	10328	
10328	14409	10328	10328	
10328	13734	10328	10328	
10328	12373	10328	10328	
10328	12708	10328	10328	
10328	15251	10328	10328	
10328	14969	10328	10328	
10328	13692	10328	10328	
10328	12351	10328	10328	
10328	15689	10328	10328	
10328	15482	10328	10328	
10328	14938	10328	10328	
10328	12059	10328	10328	
10328	16437	10328	10328	
10328	15805	10328	10328	
10328	15471	10328	10328	
10328	12239	10328	10328	
10328	15928	10328	10328	
10328	15303	10328	10328	
10328	15393	10328	10328	


GW_Eng
GW1	GW2	GW3
9939.89	10122.4	13676.4
10481.5	10933.6	13443
10213.4	10249	11708
10129.4	10167.6	11060.9
10780.4	10596.1	13267.8
11373.7	11621.1	14409.8
11169.5	11143.3	13735.2
10967.8	10938.2	12374.1
11222.4	11276.9	12709.4
11837.4	12812.5	15251.8
12436.6	12439.6	14969.9
11607.8	11857	13692.9
11371.4	11499.9	12352
12736.3	13395	15690.5
13052.2	13213.4	15482.7
12274.6	12494.2	14938.9
11599.6	11525.8	12060.2
14019.5	14624.1	16437.6
14255.5	14263.5	15805.8
13396.3	13343	15471.8
11486	11572.7	12240
15025.2	14879.5	15929.1
15510.6	15660.8	15304.4
14262.9	14329.4	15393.7


