Meet_R
NOFLD	myOFLD	AOFLDC	SeGW
1	1	0.679668	0.970597	
1	0.991998	0.731788	0.932033	
0.629517	0.952771	0.709703	0.833228	
0.509829	0.889907	0.705037	0.790861	
1	1	0.512631	0.950501	
1	0.998768	0.54372	0.884331	
0.711705	0.960424	0.555181	0.817296	
0.585643	0.896956	0.512914	0.748133	
1	1	0.362954	0.934817	
1	0.99897	0.333395	0.871544	
0.76936	0.974455	0.404736	0.796684	
0.654532	0.885614	0.352967	0.713981	
1	1	0.270198	0.920475	
1	0.999162	0.264779	0.838846	
0.79954	0.972214	0.235688	0.767607	
0.710735	0.905227	0.243912	0.683216	
1	1	0.122624	0.908251	
1	0.998605	0.128354	0.791956	
0.829817	0.973422	0.131935	0.730199	
0.767373	0.915798	0.120942	0.651083	
1	1	0.0739982	0.912209	
1	0.999476	0.0811868	0.759639	
0.857101	0.978186	0.0819584	0.703883	
0.786726	0.920981	0.0826743	0.600468	


Energy
NOFLD	myOFLD	AOFLDC	SeGW
12334.2	9574.83	9739.74	11016	
17535.2	9816.04	9668.05	12094.6	
17608.8	10461.6	9714.37	12721.6	
17608.8	10152.9	9604.9	11875.7	
12310.1	9777.07	9996.73	11239	
17515.4	10267.7	9962.53	12304.8	
17608.8	10707.7	9953.03	13067.8	
17608.8	11143.2	9977.59	12996.1	
12284.1	10185.8	10150.9	11481.6	
17487	10527.5	10172	12482.8	
17608.8	11054.9	10158.4	13433.9	
17608.8	12056.9	10170.2	13587.1	
12252.9	10412.4	10216.7	11655	
17460.7	11025.7	10214	12943	
17608.8	11742.6	10236.2	13764.4	
17608.8	12048.6	10219.6	13781.1	
12174.2	10850	10251.7	11867.3	
17395.8	11736.3	10247.1	13546.8	
17608.8	12208.4	10246.4	13927.4	
17608.8	12666.9	10239.3	14290	
12069.5	11071.8	10255.5	11885.6	
17331.8	12183.5	10246.1	13880.1	
17608.8	12737.3	10246.1	14199.8	
17608.8	13237.7	10251	14405.1	


Resp
NOFLD	myOFLD	AOFLDC	SeGW
573860	538614	862495	616213	
1433970	920036	963879	858035	
749450	1250477	1038540	980332	
639355	1344116	1075169	1087578	
661040	621735	963327	764553	
1686440	1117616	981398	966570	
1071110	1532113	1037011	1171234	
891925	1764594	999513	1344931	
745100	708628	909197	930569	
1843965	1214708	842088	1184583	
1342905	1814980	975209	1368841	
1243230	2063447	885124	1485259	
842050	828509	852014	1074248	
2086245	1454553	842047	1412723	
1575090	2032690	759206	1579710	
1505935	2354427	724036	1678369	
1033565	1068358	595291	1409725	
2501300	1871586	584308	1769201	
2058425	2505780	564472	1944515	
2095065	2909439	536156	2075271	
1256175	1342936	504515	1700036	
2895315	2261303	481393	2194339	
2572145	3160479	448551	2393335	
2663530	3566582	443223	2567379	


CloudEng
NOFLD	myOFLD	AOFLDC	SeGW
0	63618	143884	41519	
0	219193	271475	163364	
0	352492	392744	282381	
0	481969	528059	456925	
0	53470	135876	32522	
0	200845	245099	147577	
0	341228	356573	262264	
0	462568	431756	400577	
0	40664	127294	22438	
0	182279	199660	142406	
0	326809	288686	244232	
0	421739	357541	363492	
0	30801	115069	14453	
0	163925	185153	122902	
0	296619	238740	226228	
0	411536	300183	343108	
0	10782	96101	3956	
0	132700	159217	92901	
0	275067	199178	213633	
0	381719	248613	306939	
0	0	72897	0	
0	114190	132421	75605	
0	250499	171256	194046	
0	355381	204812	294436	


FogEng
NOFLD	myOFLD	AOFLDC	SeGW
3601	4777	3601	3601	
3601	5007	3601	3601	
3601	4903	3601	3601	
3601	4498	3601	3601	
3601	4852	3601	3601	
3601	5125	3601	3601	
3601	5192	3601	3601	
3601	4950	3601	3601	
3601	4751	3601	3601	
3601	5384	3601	3601	
3601	5462	3601	3601	
3601	5247	3601	3601	
3601	4805	3601	3601	
3601	5515	3601	3601	
3601	5655	3601	3601	
3601	5495	3601	3601	
3601	4865	3601	3601	
3601	5762	3601	3601	
3601	5759	3601	3601	
3601	5713	3601	3601	
3601	4836	3601	3601	
3601	5804	3601	3601	
3601	6009	3601	3601	
3601	5840	3601	3601	


GW_Eng
GW1	GW2	GW3
9516.89	9632.77	9555.61
9866.97	9765.11	10015.2
10253	10670.2	9806.64
10057.2	10248.5	8997.81
9668.05	9886.09	9705.58
10460.4	10075.1	10252.3
10587.4	10828.1	10386
11222.5	11064	9902.15
10175	10196.5	9503.4
10445.1	10610	10768.8
11027.2	11082.7	10925.7
12038.1	12075.7	10494.8
10425.6	10399.1	9611.82
11074.5	10977	11031.8
11691.9	11793.4	11310.7
11850	12247.2	10991.9
10801.5	10898.5	9731.01
11714.4	11758.1	11525.7
12122	12294.8	11519.3
12674.8	12659.1	11427.4
11037.2	11106.4	9672.85
12283.3	12083.6	11609.9
12867	12607.7	12020
13201.7	13273.7	11681.5


