Meet_R
NOFLD	myOFLD	AOFLDC	SeGW
1	0.999358	0.856734	0.966549	
1	0.978616	0.846924	0.87869	
0.572212	0.973315	0.829472	0.778642	
0.379453	0.905274	0.854721	0.753757	
1	1	0.765538	0.962037	
1	0.982242	0.759004	0.850523	
0.61467	0.9626	0.725137	0.718386	
0.468501	0.86455	0.741163	0.687248	
1	1	0.549466	0.961815	
1	0.982395	0.614018	0.844682	
0.634498	0.932714	0.576988	0.66846	
0.49562	0.805412	0.583295	0.638612	
1	1	0.40124	0.954936	
1	0.978453	0.426149	0.838903	
0.662208	0.910156	0.409201	0.669021	
0.511492	0.791676	0.413264	0.601414	
1	1	0.238065	0.942337	
1	0.984065	0.253963	0.83758	
0.679264	0.890385	0.264623	0.681268	
0.549404	0.71506	0.261845	0.587301	
1	1	0.135733	0.934714	
1	0.988506	0.146796	0.826708	
0.697561	0.845254	0.130394	0.692247	
0.573442	0.659056	0.139113	0.598433	


Energy
NOFLD	myOFLD	AOFLDC	SeGW
12329.2	10455.2	9626.63	11886.8	
17531.3	10916.3	9632.87	13760.4	
17608.8	10301.6	9543	12955.2	
17608.8	10176.2	9497.83	11965.5	
12314.9	10986	10048.4	12029.3	
17512	11757.6	10013.3	14550	
17608.8	11307.4	10092.6	15066.7	
17608.8	11027.9	10010.7	13717.8	
12288.5	11367.2	10363	12171.4	
17496.4	12586.4	10345.5	15225.7	
17608.8	12621.9	10345.7	16041.2	
17608.8	11823.6	10266.3	14968.9	
12264.8	11482.5	10455.3	12121.5	
17464.3	13263.6	10425.3	15522.5	
17608.8	13274.3	10455	16676.4	
17608.8	12397.3	10415.4	15896	
12251.2	11586.4	10522.6	12075	
17433.4	14373.9	10507.1	15738	
17608.8	14307.1	10502.4	17131.4	
17608.8	13403	10503.2	16760.6	
12238.2	11565.1	10513.2	12026.4	
17402	14955.5	10512.6	15715.8	
17608.8	15592.1	10509.9	17282.4	
17608.8	14295.7	10506.4	17257.2	


Resp
NOFLD	myOFLD	AOFLDC	SeGW
615635	633428	927269	601654	
1572260	1089000	973576	825916	
924350	1317465	1064018	870485	
655820	1382594	1269204	1034822	
720325	743574	1340378	740245	
1907115	1394729	1305496	1018357	
1337140	1811096	1377184	1052128	
1019105	1801176	1484030	1210230	
827680	838389	1443299	899574	
2283330	1731428	1621717	1179756	
1686265	2291958	1553682	1185455	
1373665	2144364	1512448	1339130	
929335	945428	1337452	1020945	
2611130	2026813	1380070	1316510	
2118220	2737698	1390516	1348819	
1757210	2624499	1342215	1469202	
1137430	1179969	1031312	1339637	
3270590	2704645	1096567	1701571	
2709295	3605547	1164159	1695408	
2496320	3194088	1197511	1805949	
1331760	1398058	709622	1553834	
3844355	3293216	778772	2100989	
3143315	4030360	733490	2030053	
2981595	3583038	744610	2117038	


CloudEng
NOFLD	myOFLD	AOFLDC	SeGW
0	72330	307920	23956	
0	388228	596487	203246	
0	789750	882975	522339	
0	1065937	1165919	898420	
0	34352	302315	11794	
0	309289	586661	132976	
0	701636	860652	312652	
0	991336	1122138	690607	
0	5832	287389	0	
0	231994	555547	71925	
0	563316	811322	189152	
0	885058	1054257	485944	
0	1030	269317	0	
0	162619	512830	40075	
0	489252	742719	109406	
0	777079	964071	317896	
0	0	241643	0	
0	49404	441956	11518	
0	379452	637515	46809	
0	628768	818623	169004	
0	0	210069	0	
0	13487	376721	1619	
0	240359	533530	29403	
0	504465	693194	66920	


FogEng
NOFLD	myOFLD	AOFLDC	SeGW
10328	12779	10328	10328	
10328	12991	10328	10328	
10328	11567	10328	10328	
10328	11003	10328	10328	
10328	12638	10328	10328	
10328	13849	10328	10328	
10328	13390	10328	10328	
10328	12215	10328	10328	
10328	12453	10328	10328	
10328	14684	10328	10328	
10328	14571	10328	10328	
10328	13478	10328	10328	
10328	12244	10328	10328	
10328	15243	10328	10328	
10328	15166	10328	10328	
10328	14784	10328	10328	
10328	12009	10328	10328	
10328	16347	10328	10328	
10328	15736	10328	10328	
10328	15311	10328	10328	
10328	12162	10328	10328	
10328	15976	10328	10328	
10328	15334	10328	10328	
10328	15370	10328	10328	


GW_Eng
GW1	GW2	GW3
10380.5	10529.9	12780.4
10708.9	11123.7	12992.6
10272.2	10330.9	11568.5
10151.5	10200.9	11004.1
11091.1	10880.9	12638.7
11600.5	11914.7	13850.6
11341.8	11273	13391
11044.9	11010.9	12216.4
11328.5	11406	12453.8
12160.3	13012.5	14685.2
12540.1	12703.6	14571.9
11672.6	11974.7	13478.9
11437.2	11527.8	12244.9
13010.3	13516.9	15243.8
13176.6	13372	15166.7
12269.8	12524.8	14785.5
11625.6	11547.1	12010
14030.1	14717.6	16348.3
14334.3	14279.9	15736.9
13423.9	13382.2	15312
11519.1	11611.2	12163.2
15003.2	14907.7	15977.5
15499.7	15684.5	15335
14280.4	14310.9	15371.3


