Meet_R
NOFLD	myOFLD	AOFLDC	SeGW
1	1	0.856734	0.966549	
1	0.985243	0.846924	0.87869	
0.572212	0.971964	0.829472	0.778642	
0.379453	0.907208	0.854721	0.753757	
1	1	0.765538	0.962037	
1	0.987555	0.759004	0.850523	
0.61467	0.969031	0.725137	0.718386	
0.468501	0.880303	0.741163	0.687248	
1	1	0.549466	0.961815	
1	0.986807	0.614018	0.844682	
0.634498	0.955316	0.576988	0.66846	
0.49562	0.839253	0.583295	0.638612	
1	1	0.40124	0.954936	
1	0.988202	0.426149	0.838903	
0.662208	0.941799	0.409201	0.669021	
0.511492	0.806083	0.413264	0.601414	
1	1	0.238065	0.942337	
1	0.99361	0.253963	0.83758	
0.679264	0.943943	0.264623	0.681268	
0.549404	0.784354	0.261845	0.587301	
1	1	0.135733	0.934714	
1	0.997384	0.146796	0.826708	
0.697561	0.935619	0.130394	0.692247	
0.573442	0.783812	0.139113	0.598433	


Energy
NOFLD	myOFLD	AOFLDC	SeGW
12329.2	10154.6	9626.63	11886.8	
17531.3	10468.6	9632.87	13760.4	
17608.8	10036.2	9543	12955.2	
17608.8	9878.92	9497.83	11965.5	
12314.9	10711.8	10048.4	12029.3	
17512	11343.9	10013.3	14550	
17608.8	11012	10092.6	15066.7	
17608.8	10802.3	10010.7	13717.8	
12288.5	11264.6	10363	12171.4	
17496.4	12149.7	10345.5	15225.7	
17608.8	12259.3	10345.7	16041.2	
17608.8	11436.9	10266.3	14968.9	
12264.8	11413.9	10455.3	12121.5	
17464.3	12839	10425.3	15522.5	
17608.8	12950.2	10455	16676.4	
17608.8	12235.6	10415.4	15896	
12251.2	11457.6	10522.6	12075	
17433.4	13893	10507.1	15738	
17608.8	13850.5	10502.4	17131.4	
17608.8	13240.3	10503.2	16760.6	
12238.2	11399.8	10513.2	12026.4	
17402	14535.5	10512.6	15715.8	
17608.8	15012.7	10509.9	17282.4	
17608.8	14003.1	10506.4	17257.2	


Resp
NOFLD	myOFLD	AOFLDC	SeGW
615635	587886	927269	601654	
1572260	992858	973576	825916	
924350	1278411	1064018	870485	
655820	1368658	1269204	1034822	
720325	700280	1340378	740245	
1907115	1255950	1305496	1018357	
1337140	1744425	1377184	1052128	
1019105	1841338	1484030	1210230	
827680	822040	1443299	899574	
2283330	1574421	1621717	1179756	
1686265	2239587	1553682	1185455	
1373665	2286985	1512448	1339130	
929335	931928	1337452	1020945	
2611130	1839506	1380070	1316510	
2118220	2726095	1390516	1348819	
1757210	2698703	1342215	1469202	
1137430	1194619	1031312	1339637	
3270590	2395319	1096567	1701571	
2709295	3635853	1164159	1695408	
2496320	3788350	1197511	1805949	
1331760	1421377	709622	1553834	
3844355	2931019	778772	2100989	
3143315	4365318	733490	2030053	
2981595	4701650	744610	2117038	


CloudEng
NOFLD	myOFLD	AOFLDC	SeGW
0	72330	307920	23956	
0	388276	596487	203246	
0	789805	882975	522339	
0	1069437	1165919	898420	
0	34352	302315	11794	
0	309340	586661	132976	
0	701798	860652	312652	
0	1009037	1122138	690607	
0	5832	287389	0	
0	232042	555547	71925	
0	564758	811322	189152	
0	906538	1054257	485944	
0	1030	269317	0	
0	162619	512830	40075	
0	489749	742719	109406	
0	787361	964071	317896	
0	0	241643	0	
0	49404	441956	11518	
0	381019	637515	46809	
0	638204	818623	169004	
0	0	210069	0	
0	13487	376721	1619	
0	240616	533530	29403	
0	508760	693194	66920	


FogEng
NOFLD	myOFLD	AOFLDC	SeGW
7203	10249	7203	7203	
7203	10821	7203	7203	
7203	8979	7203	7203	
7203	8126	7203	7203	
7203	10065	7203	7203	
7203	11658	7203	7203	
7203	10812	7203	7203	
7203	9352	7203	7203	
7203	9542	7203	7203	
7203	12526	7203	7203	
7203	12383	7203	7203	
7203	10872	7203	7203	
7203	9265	7203	7203	
7203	13127	7203	7203	
7203	12975	7203	7203	
7203	12160	7203	7203	
7203	9161	7203	7203	
7203	14282	7203	7203	
7203	13734	7203	7203	
7203	13335	7203	7203	
7203	9400	7203	7203	
7203	13856	7203	7203	
7203	13942	7203	7203	
7203	13779	7203	7203	


GW_Eng
GW1	GW2	GW3
10084.1	10225.1	10250
10494.6	10442.7	10822.5
10060.6	10011.8	8979.82
10030.8	9727.08	8126.7
10782.1	10641.5	10066.6
11268.6	11419.2	11659.6
11026.1	10997.9	10813.2
10804.2	10800.4	9353.49
11220.2	11309.1	9543.18
11864.7	12434.7	12526.6
12207.6	12311.1	12384.2
11414	11459.7	10872.8
11383.8	11444.1	9265.92
12580.6	13097.5	13128.3
12840	13060.3	12976.4
12181.1	12290.2	12160.9
11491.9	11423.4	9161.76
13680.8	14105.1	14283
13964.3	13736.7	13734.9
13274.3	13206.3	13336.2
11357.6	11441.9	9400.6
14608.3	14462.8	13857.2
14816.4	15209	13943.5
13966.6	14039.6	13780.6


