Meet_R
NOFLD	myOFLD	AOFLDC	SeGW
1	1	0.306456	0.960035	
1	0.837986	0.336195	0.834038	
0.572212	0.670718	0.40521	0.639773	
0.379453	0.566043	0.395649	0.534491	
1	1	0.21273	0.960894	
1	0.871667	0.235078	0.827929	
0.61467	0.656048	0.209664	0.606598	
0.468501	0.563692	0.253065	0.489409	
1	1	0.111449	0.961815	
1	0.879202	0.128004	0.828822	
0.634498	0.702213	0.127942	0.594026	
0.49562	0.568836	0.168694	0.481144	
1	1	0.0706974	0.954936	
1	0.905539	0.0862845	0.831603	
0.662208	0.721926	0.0786383	0.624539	
0.511492	0.608036	0.101857	0.476294	
1	1	0.0400251	0.942337	
1	0.979645	0.0455255	0.834477	
0.679264	0.785012	0.0474847	0.664503	
0.549404	0.657034	0.0515466	0.526616	
1	1	0.0234684	0.934714	
1	0.995287	0.027285	0.825969	
0.697561	0.855415	0.0286547	0.681954	
0.573442	0.73061	0.0285542	0.566768	


Energy
NOFLD	myOFLD	AOFLDC	SeGW
12329.2	9995.27	9653.43	11899.9	
17531.3	10114.6	9677.03	13789.1	
17608.8	9602.82	9615.1	12815.4	
17608.8	9175.67	9583.08	11625	
12314.9	10562	9780.88	12036.8	
17512	10967.2	9810.83	14577.3	
17608.8	10382.6	9823.96	14713.4	
17608.8	10271	9800.41	12743.3	
12288.5	11192.5	9856.02	12171.4	
17496.4	11673.8	9869.16	15245.8	
17608.8	11475.2	9879.53	15722.8	
17608.8	10956.8	9867.79	14007.3	
12264.8	11373.6	9879.74	12121.5	
17464.3	12339.9	9899.87	15540.8	
17608.8	12024.2	9905.45	16455.8	
17608.8	11774.8	9909.65	15050.4	
12251.2	11456.7	9878.7	12075	
17433.4	13767.5	9916.65	15741.7	
17608.8	13111.5	9924.69	17003	
17608.8	13052.4	9921.8	16102	
12238.2	11400.6	9896.02	12026.4	
17402	14528.8	9919.47	15716.5	
17608.8	14620	9929.96	17223.4	
17608.8	14433.9	9935.64	16949.2	


Resp
NOFLD	myOFLD	AOFLDC	SeGW
615635	669153	463850	616561	
1572260	1048214	580383	909071	
924350	1029475	655722	890416	
655820	1003927	715689	918678	
720325	752277	489865	755433	
1907115	1375411	561083	1106441	
1337140	1349300	545516	1063778	
1019105	1378903	638219	1105149	
827680	836514	388818	899574	
2283330	1573828	449501	1243306	
1686265	1716574	446441	1215650	
1373665	1721547	542345	1256972	
929335	940757	335267	1020945	
2611130	1704178	389919	1361287	
2118220	1868548	379871	1369442	
1757210	2079205	424779	1402410	
1137430	1195104	300782	1339637	
3270590	2424892	338026	1716320	
2709295	2567754	339537	1723527	
2496320	2772895	367424	1805038	
1331760	1421063	233153	1553834	
3844355	3041208	273367	2102503	
3143315	3445750	280198	2044902	
2981595	3732600	300586	2065240	


CloudEng
NOFLD	myOFLD	AOFLDC	SeGW
0	72330	248142	23956	
0	283676	474440	203246	
0	501411	704123	519277	
0	683821	950212	825670	
0	34352	215802	11794	
0	227751	416185	132976	
0	407751	583846	310319	
0	638406	770948	655356	
0	5832	172242	0	
0	138353	346376	71925	
0	306867	495408	186171	
0	533397	629636	473910	
0	1030	148889	0	
0	75502	293656	40075	
0	197362	410419	109406	
0	400479	530258	307784	
0	0	117012	0	
0	30746	229598	11518	
0	117450	337253	46809	
0	262538	419998	168146	
0	0	96073	0	
0	13487	183598	1619	
0	52278	250118	29403	
0	121377	330942	66814	


FogEng
NOFLD	myOFLD	AOFLDC	SeGW
7203	10873	7203	7203	
7203	11469	7203	7203	
7203	9343	7203	7203	
7203	8330	7203	7203	
7203	10532	7203	7203	
7203	12341	7203	7203	
7203	11426	7203	7203	
7203	9586	7203	7203	
7203	9726	7203	7203	
7203	13102	7203	7203	
7203	13041	7203	7203	
7203	11450	7203	7203	
7203	9364	7203	7203	
7203	13576	7203	7203	
7203	13549	7203	7203	
7203	13037	7203	7203	
7203	9163	7203	7203	
7203	14460	7203	7203	
7203	14016	7203	7203	
7203	14202	7203	7203	
7203	9398	7203	7203	
7203	13922	7203	7203	
7203	14021	7203	7203	
7203	14833	7203	7203	


GW_Eng
GW1	GW2	GW3
9938.28	10052.3	10873.7
10081.8	10147.5	11469.7
9488.55	9717.09	9344.23
9214.28	9137.05	8330.91
10612.8	10511.1	10532.7
10936.6	10997.9	12342.2
10468.7	10296.5	11426.6
10251.7	10290.3	9586.84
11148.2	11236.9	9727.26
11222.1	12125.5	13103.6
11381.9	11568.5	13041.9
10941	10972.5	11451
11325.1	11422.1	9365.5
11969.4	12710.4	13577.1
12025.2	12023.2	13550.4
11582.5	11967.1	13038.5
11491.9	11421.4	9163.92
13519.6	14015.3	14461.3
13143.5	13079.5	14017.3
12994.1	13110.7	14203.2
11358.5	11442.8	9398.94
14588.2	14469.4	13922.6
14483.7	14756.2	14022
14300.3	14567.5	14834


