Meet_R
NOFLD	myOFLD	AOFLDC	SeGW
1	1	0.856734	0.966549	
1	0.989547	0.846924	0.87869	
0.572212	0.972505	0.829472	0.778642	
0.379453	0.90724	0.854721	0.753757	
1	1	0.765538	0.962037	
1	0.986722	0.759004	0.850523	
0.61467	0.968238	0.725137	0.718386	
0.468501	0.880585	0.741163	0.687248	
1	1	0.549466	0.961815	
1	0.986544	0.614018	0.844682	
0.634498	0.955201	0.576988	0.66846	
0.49562	0.839524	0.583295	0.638612	
1	1	0.40124	0.954936	
1	0.985451	0.426149	0.838903	
0.662208	0.94429	0.409201	0.669021	
0.511492	0.808817	0.413264	0.601414	
1	1	0.238065	0.942337	
1	0.992929	0.253963	0.83758	
0.679264	0.94584	0.264623	0.681268	
0.549404	0.785483	0.261845	0.587301	
1	1	0.135733	0.934714	
1	0.997043	0.146796	0.826708	
0.697561	0.934877	0.130394	0.692247	
0.573442	0.784344	0.139113	0.598433	


Energy
NOFLD	myOFLD	AOFLDC	SeGW
12329.2	9908.43	9626.63	11886.8	
17531.3	10298.1	9632.87	13760.4	
17608.8	10014.5	9543	12955.2	
17608.8	9869.81	9497.83	11965.5	
12314.9	10526.8	10048.4	12029.3	
17512	11090.4	10013.3	14550	
17608.8	10943.3	10092.6	15066.7	
17608.8	10792.3	10010.7	13717.8	
12288.5	11190.4	10363	12171.4	
17496.4	11906.7	10345.5	15225.7	
17608.8	12142.5	10345.7	16041.2	
17608.8	11411.9	10266.3	14968.9	
12264.8	11374.8	10455.3	12121.5	
17464.3	12662.4	10425.3	15522.5	
17608.8	12824.2	10455	16676.4	
17608.8	12194.8	10415.4	15896	
12251.2	11456.7	10522.6	12075	
17433.4	13812.1	10507.1	15738	
17608.8	13762.9	10502.4	17131.4	
17608.8	13220.3	10503.2	16760.6	
12238.2	11400.6	10513.2	12026.4	
17402	14516.9	10512.6	15715.8	
17608.8	14981.4	10509.9	17282.4	
17608.8	13996.8	10506.4	17257.2	


Resp
NOFLD	myOFLD	AOFLDC	SeGW
615635	585120	927269	601654	
1572260	992346	973576	825916	
924350	1283264	1064018	870485	
655820	1367942	1269204	1034822	
720325	701683	1340378	740245	
1907115	1252426	1305496	1018357	
1337140	1739846	1377184	1052128	
1019105	1839649	1484030	1210230	
827680	825648	1443299	899574	
2283330	1562384	1621717	1179756	
1686265	2221212	1553682	1185455	
1373665	2281768	1512448	1339130	
929335	937892	1337452	1020945	
2611130	1836095	1380070	1316510	
2118220	2725759	1390516	1348819	
1757210	2718394	1342215	1469202	
1137430	1195104	1031312	1339637	
3270590	2410128	1096567	1701571	
2709295	3653035	1164159	1695408	
2496320	3827951	1197511	1805949	
1331760	1421063	709622	1553834	
3844355	2950427	778772	2100989	
3143315	4364476	733490	2030053	
2981595	4750816	744610	2117038	


CloudEng
NOFLD	myOFLD	AOFLDC	SeGW
0	72330	307920	23956	
0	388276	596487	203246	
0	789860	882975	522339	
0	1069382	1165919	898420	
0	34352	302315	11794	
0	309340	586661	132976	
0	701470	860652	312652	
0	1008908	1122138	690607	
0	5832	287389	0	
0	232042	555547	71925	
0	564640	811322	189152	
0	906174	1054257	485944	
0	1030	269317	0	
0	162619	512830	40075	
0	489749	742719	109406	
0	787045	964071	317896	
0	0	241643	0	
0	49404	441956	11518	
0	381019	637515	46809	
0	638292	818623	169004	
0	0	210069	0	
0	13487	376721	1619	
0	240616	533530	29403	
0	508760	693194	66920	


FogEng
NOFLD	myOFLD	AOFLDC	SeGW
7203	10799	7203	7203	
7203	11226	7203	7203	
7203	9044	7203	7203	
7203	8151	7203	7203	
7203	10476	7203	7203	
7203	12196	7203	7203	
7203	10981	7203	7203	
7203	9384	7203	7203	
7203	9707	7203	7203	
7203	13058	7203	7203	
7203	12648	7203	7203	
7203	10918	7203	7203	
7203	9355	7203	7203	
7203	13484	7203	7203	
7203	13330	7203	7203	
7203	12338	7203	7203	
7203	9163	7203	7203	
7203	14449	7203	7203	
7203	13972	7203	7203	
7203	13497	7203	7203	
7203	9398	7203	7203	
7203	13908	7203	7203	
7203	13983	7203	7203	
7203	13839	7203	7203	


GW_Eng
GW1	GW2	GW3
9848.13	9968.72	10799.9
10304.3	10291.9	11227.1
10047	9982.06	9045.1
10011	9728.64	8152.34
10588.3	10465.3	10476.8
10961.2	11219.6	12197.3
10962.2	10924.4	10982.4
10775.9	10808.7	9384.74
11144.1	11236.7	9708.39
11511.2	12302.2	13059.3
12099.4	12185.6	12648.6
11398.1	11425.7	10918.7
11328.5	11421.1	9356.45
12347.6	12977.3	13485.3
12700.4	12948.1	13331.3
12147.8	12241.8	12339
11491.9	11421.4	9163.92
13560.9	14063.2	14450.4
13892.3	13633.6	13973.3
13269.9	13170.6	13497.6
11358.5	11442.8	9398.94
14577.1	14456.7	13908.9
14802.8	15159.9	13984.6
13968.1	14025.4	13840.4


