GW 0.9725
Task 33 100 0.33
Task 210 800 0.2625
Task 5 100 0.05
Task 5 100 0.05
Task 20 400 0.05
Task 40 800 0.05
Task 4 100 0.04
Task 9 200 0.045
Task 19 400 0.0475
Task 19 400 0.0475
GW 0.9825
Task 81 200 0.405
Task 148 800 0.185
Task 21 400 0.0525
Task 10 200 0.05
Task 5 100 0.05
Task 10 200 0.05
Task 39 800 0.04875
Task 19 400 0.0475
Task 9 200 0.045
Task 39 800 0.04875
GW 0
-------------
001
-------------
GW 0.96625
Task 105 200 0.525
Task 53 800 0.06625
Task 5 100 0.05
Task 5 100 0.05
Task 40 800 0.05
Task 4 100 0.04
Task 39 800 0.04875
Task 19 400 0.0475
Task 39 800 0.04875
Task 4 100 0.04
GW 0.98
Task 223 400 0.5575
Task 4 100 0.04
Task 39 800 0.04875
Task 39 800 0.04875
Task 39 800 0.04875
Task 9 200 0.045
Task 39 800 0.04875
Task 39 800 0.04875
Task 39 800 0.04875
Task 9 200 0.045
GW 0
-------------
002
-------------
GW 0.97125
Task 54 200 0.27
Task 13 100 0.13
Task 95 800 0.11875
Task 18 200 0.09
Task 15 200 0.075
Task 7 100 0.07
Task 11 200 0.055
Task 45 800 0.05625
Task 45 800 0.05625
Task 10 200 0.05
GW 0.975
Task 96 200 0.48
Task 8 100 0.08
Task 63 800 0.07875
Task 11 200 0.055
Task 41 800 0.05125
Task 41 800 0.05125
Task 9 200 0.045
Task 9 200 0.045
Task 4 100 0.04
Task 39 800 0.04875
GW 0
-------------
003
-------------
GW 0.9575
Task 83 400 0.2075
Task 76 400 0.19
Task 151 800 0.18875
Task 7 100 0.07
Task 6 100 0.06
Task 6 100 0.06
Task 4 100 0.04
Task 9 200 0.045
Task 19 400 0.0475
Task 39 800 0.04875
GW 0.98125
Task 43 100 0.43
Task 61 400 0.1525
Task 12 200 0.06
Task 43 800 0.05375
Task 19 400 0.0475
Task 9 200 0.045
Task 19 400 0.0475
Task 39 800 0.04875
Task 39 800 0.04875
Task 19 400 0.0475
GW 0
-------------
004
-------------
GW 0.97875
Task 225 800 0.28125
Task 91 400 0.2275
Task 10 100 0.1
Task 6 100 0.06
Task 6 100 0.06
Task 22 400 0.055
Task 20 400 0.05
Task 40 800 0.05
Task 19 400 0.0475
Task 19 400 0.0475
GW 0.96875
Task 423 800 0.52875
Task 28 400 0.07
Task 42 800 0.0525
Task 20 400 0.05
Task 19 400 0.0475
Task 19 400 0.0475
Task 19 400 0.0475
Task 4 100 0.04
Task 9 200 0.045
Task 4 100 0.04
GW 0
-------------
005
-------------
GW 0.97875
Task 45 100 0.45
Task 42 400 0.105
Task 72 800 0.09
Task 10 200 0.05
Task 5 100 0.05
Task 9 200 0.045
Task 9 200 0.045
Task 39 800 0.04875
Task 19 400 0.0475
Task 19 400 0.0475
GW 0.97875
Task 165 400 0.4125
Task 33 400 0.0825
Task 31 400 0.0775
Task 28 400 0.07
Task 6 100 0.06
Task 53 800 0.06625
Task 26 400 0.065
Task 10 200 0.05
Task 19 400 0.0475
Task 19 400 0.0475
GW 0
-------------
006
-------------
GW 0.97125
Task 120 400 0.3
Task 33 200 0.165
Task 82 800 0.1025
Task 82 800 0.1025
Task 6 100 0.06
Task 24 400 0.06
Task 39 800 0.04875
Task 9 200 0.045
Task 19 400 0.0475
Task 4 100 0.04
GW 0.98125
Task 47 100 0.47
Task 30 400 0.075
Task 15 200 0.075
Task 27 400 0.0675
Task 5 100 0.05
Task 20 400 0.05
Task 40 800 0.05
Task 39 800 0.04875
Task 19 400 0.0475
Task 19 400 0.0475
GW 0
-------------
007
-------------
GW 0.975
Task 47 100 0.47
Task 69 800 0.08625
Task 7 100 0.07
Task 13 200 0.065
Task 20 400 0.05
Task 19 400 0.0475
Task 19 400 0.0475
Task 39 800 0.04875
Task 9 200 0.045
Task 9 200 0.045
GW 0.98
Task 74 200 0.37
Task 131 800 0.16375
Task 87 800 0.10875
Task 42 800 0.0525
Task 5 100 0.05
Task 19 400 0.0475
Task 19 400 0.0475
Task 19 400 0.0475
Task 9 200 0.045
Task 19 400 0.0475
GW 0
-------------
008
-------------
GW 0.96875
Task 166 400 0.415
Task 73 400 0.1825
Task 10 200 0.05
Task 19 400 0.0475
Task 9 200 0.045
Task 4 100 0.04
Task 39 800 0.04875
Task 19 400 0.0475
Task 19 400 0.0475
Task 9 200 0.045
GW 0.9775
Task 219 400 0.5475
Task 11 200 0.055
Task 39 800 0.04875
Task 9 200 0.045
Task 9 200 0.045
Task 39 800 0.04875
Task 9 200 0.045
Task 39 800 0.04875
Task 39 800 0.04875
Task 9 200 0.045
GW 0
-------------
009
-------------
GW 0.9775
Task 81 200 0.405
Task 107 800 0.13375
Task 74 800 0.0925
Task 25 400 0.0625
Task 10 200 0.05
Task 5 100 0.05
Task 4 100 0.04
Task 19 400 0.0475
Task 39 800 0.04875
Task 19 400 0.0475
GW 0.98125
Task 300 800 0.375
Task 23 200 0.115
Task 19 200 0.095
Task 69 800 0.08625
Task 28 400 0.07
Task 21 400 0.0525
Task 10 200 0.05
Task 39 800 0.04875
Task 4 100 0.04
Task 39 800 0.04875
GW 0
-------------
010
-------------
GW 0.95625
Task 70 200 0.35
Task 179 800 0.22375
Task 15 200 0.075
Task 40 800 0.05
Task 19 400 0.0475
Task 4 100 0.04
Task 4 100 0.04
Task 9 200 0.045
Task 4 100 0.04
Task 9 200 0.045
GW 0.96625
Task 26 100 0.26
Task 33 200 0.165
Task 12 100 0.12
Task 44 400 0.11
Task 11 200 0.055
Task 44 800 0.055
Task 43 800 0.05375
Task 10 200 0.05
Task 21 400 0.0525
Task 9 200 0.045
GW 0
-------------
011
-------------
GW 0.96625
Task 74 200 0.37
Task 13 100 0.13
Task 10 100 0.1
Task 30 400 0.075
Task 43 800 0.05375
Task 5 100 0.05
Task 20 400 0.05
Task 20 400 0.05
Task 19 400 0.0475
Task 4 100 0.04
GW 0.9825
Task 297 800 0.37125
Task 38 200 0.19
Task 8 100 0.08
Task 5 100 0.05
Task 10 200 0.05
Task 40 800 0.05
Task 39 800 0.04875
Task 39 800 0.04875
Task 9 200 0.045
Task 39 800 0.04875
GW 0
-------------
012
-------------
GW 0.985
Task 103 400 0.2575
Task 97 400 0.2425
Task 36 400 0.09
Task 56 800 0.07
Task 49 800 0.06125
Task 6 100 0.06
Task 5 100 0.05
Task 11 200 0.055
Task 41 800 0.05125
Task 19 400 0.0475
GW 0.96125
Task 165 800 0.20625
Task 18 100 0.18
Task 16 100 0.16
Task 12 100 0.12
Task 6 100 0.06
Task 9 200 0.045
Task 9 200 0.045
Task 19 400 0.0475
Task 39 800 0.04875
Task 39 800 0.04875
GW 0
-------------
013
-------------
GW 0.975
Task 339 800 0.42375
Task 24 200 0.12
Task 20 200 0.1
Task 5 100 0.05
Task 19 400 0.0475
Task 9 200 0.045
Task 19 400 0.0475
Task 39 800 0.04875
Task 9 200 0.045
Task 19 400 0.0475
GW 0.97875
Task 97 200 0.485
Task 20 200 0.1
Task 23 400 0.0575
Task 21 400 0.0525
Task 19 400 0.0475
Task 39 800 0.04875
Task 39 800 0.04875
Task 9 200 0.045
Task 9 200 0.045
Task 39 800 0.04875
GW 0
-------------
014
-------------
GW 0.96625
Task 436 800 0.545
Task 22 400 0.055
Task 10 200 0.05
Task 19 400 0.0475
Task 4 100 0.04
Task 39 800 0.04875
Task 9 200 0.045
Task 4 100 0.04
Task 19 400 0.0475
Task 19 400 0.0475
GW 0.9875
Task 70 400 0.175
Task 115 800 0.14375
Task 49 400 0.1225
Task 77 800 0.09625
Task 77 800 0.09625
Task 38 400 0.095
Task 31 400 0.0775
Task 57 800 0.07125
Task 11 200 0.055
Task 44 800 0.055
GW 0
-------------
015
-------------
GW 0.98
Task 100 200 0.5
Task 34 400 0.085
Task 49 800 0.06125
Task 5 100 0.05
Task 5 100 0.05
Task 39 800 0.04875
Task 39 800 0.04875
Task 19 400 0.0475
Task 39 800 0.04875
Task 4 100 0.04
GW 0.9825
Task 36 100 0.36
Task 120 800 0.15
Task 73 800 0.09125
Task 66 800 0.0825
Task 11 200 0.055
Task 21 400 0.0525
Task 5 100 0.05
Task 9 200 0.045
Task 19 400 0.0475
Task 39 800 0.04875
GW 0
-------------
016
-------------
GW 0.97625
Task 310 800 0.3875
Task 123 800 0.15375
Task 10 100 0.1
Task 5 100 0.05
Task 20 400 0.05
Task 9 200 0.045
Task 19 400 0.0475
Task 19 400 0.0475
Task 19 400 0.0475
Task 19 400 0.0475
GW 0.99
Task 104 400 0.26
Task 34 200 0.17
Task 12 100 0.12
Task 17 200 0.085
Task 31 400 0.0775
Task 12 200 0.06
Task 23 400 0.0575
Task 45 800 0.05625
Task 43 800 0.05375
Task 5 100 0.05
GW 0
-------------
017
-------------
GW 0.9825
Task 238 800 0.2975
Task 56 400 0.14
Task 55 400 0.1375
Task 37 400 0.0925
Task 5 100 0.05
Task 46 800 0.0575
Task 22 400 0.055
Task 21 400 0.0525
Task 5 100 0.05
Task 10 200 0.05
GW 0.9875
Task 55 200 0.275
Task 30 200 0.15
Task 13 100 0.13
Task 37 400 0.0925
Task 14 200 0.07
Task 48 800 0.06
Task 45 800 0.05625
Task 42 800 0.0525
Task 41 800 0.05125
Task 10 200 0.05
GW 0
-------------
018
-------------
GW 0.96
Task 237 800 0.29625
Task 46 200 0.23
Task 24 200 0.12
Task 10 200 0.05
Task 9 200 0.045
Task 4 100 0.04
Task 9 200 0.045
Task 9 200 0.045
Task 39 800 0.04875
Task 4 100 0.04
GW 0.9825
Task 138 400 0.345
Task 137 800 0.17125
Task 69 800 0.08625
Task 8 100 0.08
Task 45 800 0.05625
Task 45 800 0.05625
Task 5 100 0.05
Task 40 800 0.05
Task 4 100 0.04
Task 19 400 0.0475
GW 0
-------------
019
-------------
GW 0.97375
Task 313 800 0.39125
Task 70 400 0.175
Task 6 100 0.06
Task 12 200 0.06
Task 5 100 0.05
Task 5 100 0.05
Task 20 400 0.05
Task 9 200 0.045
Task 19 400 0.0475
Task 9 200 0.045
GW 0.98625
Task 103 400 0.2575
Task 136 800 0.17
Task 41 400 0.1025
Task 20 200 0.1
Task 31 400 0.0775
Task 59 800 0.07375
Task 6 100 0.06
Task 40 800 0.05
Task 40 800 0.05
Task 9 200 0.045
GW 0
-------------
020
-------------
GW 0.9325
Task 49 200 0.245
Task 17 100 0.17
Task 11 100 0.11
Task 10 100 0.1
Task 8 100 0.08
Task 10 200 0.05
Task 21 400 0.0525
Task 4 100 0.04
Task 4 100 0.04
Task 9 200 0.045
GW 0.975
Task 130 400 0.325
Task 18 100 0.18
Task 20 200 0.1
Task 15 200 0.075
Task 24 400 0.06
Task 41 800 0.05125
Task 5 100 0.05
Task 4 100 0.04
Task 9 200 0.045
Task 39 800 0.04875
GW 0
-------------
021
-------------
GW 0.96
Task 85 200 0.425
Task 45 400 0.1125
Task 8 100 0.08
Task 6 100 0.06
Task 45 800 0.05625
Task 21 400 0.0525
Task 39 800 0.04875
Task 4 100 0.04
Task 4 100 0.04
Task 9 200 0.045
GW 0.97375
Task 409 800 0.51125
Task 16 200 0.08
Task 11 200 0.055
Task 21 400 0.0525
Task 20 400 0.05
Task 5 100 0.05
Task 9 200 0.045
Task 9 200 0.045
Task 9 200 0.045
Task 4 100 0.04
GW 0
-------------
022
-------------
GW 0.97625
Task 139 400 0.3475
Task 101 400 0.2525
Task 5 100 0.05
Task 4 100 0.04
Task 9 200 0.045
Task 19 400 0.0475
Task 19 400 0.0475
Task 39 800 0.04875
Task 39 800 0.04875
Task 39 800 0.04875
GW 0.97
Task 78 200 0.39
Task 115 800 0.14375
Task 69 800 0.08625
Task 51 800 0.06375
Task 11 200 0.055
Task 5 100 0.05
Task 39 800 0.04875
Task 9 200 0.045
Task 19 400 0.0475
Task 4 100 0.04
GW 0
-------------
023
-------------
GW 0.9625
Task 30 100 0.3
Task 70 400 0.175
Task 24 200 0.12
Task 21 200 0.105
Task 4 100 0.04
Task 4 100 0.04
Task 4 100 0.04
Task 9 200 0.045
Task 39 800 0.04875
Task 39 800 0.04875
GW 0.9725
Task 116 400 0.29
Task 76 400 0.19
Task 50 400 0.125
Task 7 100 0.07
Task 12 200 0.06
Task 46 800 0.0575
Task 4 100 0.04
Task 19 400 0.0475
Task 19 400 0.0475
Task 9 200 0.045
GW 0
-------------
024
-------------
GW 0.97375
Task 73 200 0.365
Task 29 200 0.145
Task 72 800 0.09
Task 16 200 0.08
Task 11 200 0.055
Task 10 200 0.05
Task 10 200 0.05
Task 10 200 0.05
Task 4 100 0.04
Task 39 800 0.04875
GW 0.97375
Task 378 800 0.4725
Task 22 200 0.11
Task 12 200 0.06
Task 45 800 0.05625
Task 4 100 0.04
Task 39 800 0.04875
Task 9 200 0.045
Task 39 800 0.04875
Task 9 200 0.045
Task 19 400 0.0475
GW 0
-------------
025
-------------
GW 0.98
Task 104 400 0.26
Task 117 800 0.14625
Task 56 400 0.14
Task 27 200 0.135
Task 12 200 0.06
Task 20 400 0.05
Task 20 400 0.05
Task 10 200 0.05
Task 4 100 0.04
Task 39 800 0.04875
GW 0.96
Task 42 100 0.42
Task 15 100 0.15
Task 12 200 0.06
Task 10 200 0.05
Task 5 100 0.05
Task 20 400 0.05
Task 19 400 0.0475
Task 9 200 0.045
Task 19 400 0.0475
Task 4 100 0.04
GW 0
-------------
026
-------------
GW 0.9725
Task 310 800 0.3875
Task 15 100 0.15
Task 74 800 0.0925
Task 46 800 0.0575
Task 5 100 0.05
Task 41 800 0.05125
Task 10 200 0.05
Task 9 200 0.045
Task 39 800 0.04875
Task 4 100 0.04
GW 0.97125
Task 50 200 0.25
Task 48 200 0.24
Task 81 800 0.10125
Task 18 200 0.09
Task 50 800 0.0625
Task 20 400 0.05
Task 19 400 0.0475
Task 9 200 0.045
Task 4 100 0.04
Task 9 200 0.045
GW 0
-------------
027
-------------
GW 0.97875
Task 193 400 0.4825
Task 18 200 0.09
Task 63 800 0.07875
Task 4 100 0.04
Task 19 400 0.0475
Task 39 800 0.04875
Task 39 800 0.04875
Task 9 200 0.045
Task 39 800 0.04875
Task 39 800 0.04875
GW 0.97125
Task 218 400 0.545
Task 22 400 0.055
Task 41 800 0.05125
Task 20 400 0.05
Task 4 100 0.04
Task 9 200 0.045
Task 39 800 0.04875
Task 19 400 0.0475
Task 39 800 0.04875
Task 4 100 0.04
GW 0
-------------
028
-------------
GW 0.98
Task 373 800 0.46625
Task 10 100 0.1
Task 28 400 0.07
Task 23 400 0.0575
Task 10 200 0.05
Task 5 100 0.05
Task 40 800 0.05
Task 4 100 0.04
Task 39 800 0.04875
Task 19 400 0.0475
GW 0.95875
Task 444 800 0.555
Task 10 200 0.05
Task 9 200 0.045
Task 9 200 0.045
Task 19 400 0.0475
Task 4 100 0.04
Task 4 100 0.04
Task 4 100 0.04
Task 39 800 0.04875
Task 19 400 0.0475
GW 0
-------------
029
-------------
GW 0.97625
Task 130 400 0.325
Task 49 200 0.245
Task 14 200 0.07
Task 22 400 0.055
Task 21 400 0.0525
Task 40 800 0.05
Task 4 100 0.04
Task 9 200 0.045
Task 9 200 0.045
Task 39 800 0.04875
GW 0.96875
Task 313 800 0.39125
Task 26 200 0.13
Task 44 400 0.11
Task 5 100 0.05
Task 11 200 0.055
Task 4 100 0.04
Task 39 800 0.04875
Task 39 800 0.04875
Task 19 400 0.0475
Task 19 400 0.0475
GW 0
-------------
030
-------------
GW 0.97
Task 333 800 0.41625
Task 100 800 0.125
Task 76 800 0.095
Task 11 200 0.055
Task 22 400 0.055
Task 20 400 0.05
Task 9 200 0.045
Task 39 800 0.04875
Task 4 100 0.04
Task 4 100 0.04
GW 0.96125
Task 140 400 0.35
Task 102 800 0.1275
Task 16 200 0.08
Task 66 800 0.0825
Task 7 100 0.07
Task 15 200 0.075
Task 19 400 0.0475
Task 4 100 0.04
Task 39 800 0.04875
Task 4 100 0.04
GW 0
-------------
031
-------------
GW 0.9825
Task 69 200 0.345
Task 103 800 0.12875
Task 23 200 0.115
Task 19 200 0.095
Task 47 800 0.05875
Task 5 100 0.05
Task 39 800 0.04875
Task 39 800 0.04875
Task 19 400 0.0475
Task 9 200 0.045
GW 0.98375
Task 35 100 0.35
Task 118 800 0.1475
Task 41 400 0.1025
Task 37 400 0.0925
Task 42 800 0.0525
Task 20 400 0.05
Task 19 400 0.0475
Task 9 200 0.045
Task 39 800 0.04875
Task 19 400 0.0475
GW 0
-------------
032
-------------
GW 0.9725
Task 39 200 0.195
Task 156 800 0.195
Task 13 100 0.13
Task 9 100 0.09
Task 8 100 0.08
Task 7 100 0.07
Task 48 800 0.06
Task 5 100 0.05
Task 21 400 0.0525
Task 10 200 0.05
GW 0.965
Task 69 200 0.345
Task 24 100 0.24
Task 23 400 0.0575
Task 21 400 0.0525
Task 39 800 0.04875
Task 4 100 0.04
Task 19 400 0.0475
Task 4 100 0.04
Task 39 800 0.04875
Task 9 200 0.045
GW 0
-------------
033
-------------
GW 0.96
Task 121 400 0.3025
Task 188 800 0.235
Task 32 400 0.08
Task 24 400 0.06
Task 5 100 0.05
Task 5 100 0.05
Task 10 200 0.05
Task 9 200 0.045
Task 19 400 0.0475
Task 4 100 0.04
GW 0.9925
Task 67 200 0.335
Task 182 800 0.2275
Task 14 200 0.07
Task 45 800 0.05625
Task 44 800 0.055
Task 43 800 0.05375
Task 20 400 0.05
Task 19 400 0.0475
Task 39 800 0.04875
Task 39 800 0.04875
GW 0
-------------
034
-------------
GW 0.9825
Task 79 200 0.395
Task 48 400 0.12
Task 9 100 0.09
Task 6 100 0.06
Task 11 200 0.055
Task 45 800 0.05625
Task 43 800 0.05375
Task 21 400 0.0525
Task 10 200 0.05
Task 10 200 0.05
GW 0.97375
Task 38 100 0.38
Task 19 100 0.19
Task 50 800 0.0625
Task 10 200 0.05
Task 40 800 0.05
Task 5 100 0.05
Task 19 400 0.0475
Task 19 400 0.0475
Task 39 800 0.04875
Task 19 400 0.0475
GW 0
-------------
035
-------------
GW 0.98625
Task 90 400 0.225
Task 142 800 0.1775
Task 11 100 0.11
Task 21 200 0.105
Task 35 400 0.0875
Task 62 800 0.0775
Task 22 400 0.055
Task 5 100 0.05
Task 5 100 0.05
Task 39 800 0.04875
GW 0.9875
Task 104 200 0.52
Task 15 200 0.075
Task 41 800 0.05125
Task 41 800 0.05125
Task 5 100 0.05
Task 20 400 0.05
Task 39 800 0.04875
Task 39 800 0.04875
Task 19 400 0.0475
Task 9 200 0.045
GW 0
-------------
036
-------------
GW 0.97125
Task 28 100 0.28
Task 132 800 0.165
Task 21 200 0.105
Task 20 200 0.1
Task 18 200 0.09
Task 10 200 0.05
Task 9 200 0.045
Task 4 100 0.04
Task 39 800 0.04875
Task 19 400 0.0475
GW 0.95875
Task 57 200 0.285
Task 50 200 0.25
Task 8 100 0.08
Task 6 100 0.06
Task 6 100 0.06
Task 4 100 0.04
Task 9 200 0.045
Task 39 800 0.04875
Task 9 200 0.045
Task 9 200 0.045
GW 0
-------------
037
-------------
GW 0.97875
Task 92 400 0.23
Task 124 800 0.155
Task 62 400 0.155
Task 27 200 0.135
Task 23 400 0.0575
Task 23 400 0.0575
Task 22 400 0.055
Task 39 800 0.04875
Task 4 100 0.04
Task 9 200 0.045
GW 0.96625
Task 57 400 0.1425
Task 13 100 0.13
Task 12 100 0.12
Task 25 200 0.125
Task 25 200 0.125
Task 11 100 0.11
Task 61 800 0.07625
Task 10 200 0.05
Task 19 400 0.0475
Task 4 100 0.04
GW 0
-------------
038
-------------
GW 0.975
Task 186 800 0.2325
Task 78 400 0.195
Task 12 100 0.12
Task 10 100 0.1
Task 52 800 0.065
Task 52 800 0.065
Task 12 200 0.06
Task 9 200 0.045
Task 9 200 0.045
Task 19 400 0.0475
GW 0.96375
Task 84 200 0.42
Task 81 800 0.10125
Task 19 200 0.095
Task 14 200 0.07
Task 47 800 0.05875
Task 5 100 0.05
Task 4 100 0.04
Task 4 100 0.04
Task 4 100 0.04
Task 39 800 0.04875
GW 0
-------------
039
-------------
GW 0.9825
Task 198 400 0.495
Task 38 400 0.095
Task 44 800 0.055
Task 5 100 0.05
Task 41 800 0.05125
Task 5 100 0.05
Task 9 200 0.045
Task 19 400 0.0475
Task 39 800 0.04875
Task 9 200 0.045
GW 0.9775
Task 96 200 0.48
Task 84 800 0.105
Task 50 800 0.0625
Task 5 100 0.05
Task 10 200 0.05
Task 39 800 0.04875
Task 19 400 0.0475
Task 4 100 0.04
Task 9 200 0.045
Task 39 800 0.04875
GW 0
-------------
040
-------------
GW 0.98625
Task 197 400 0.4925
Task 15 200 0.075
Task 58 800 0.0725
Task 43 800 0.05375
Task 42 800 0.0525
Task 5 100 0.05
Task 39 800 0.04875
Task 19 400 0.0475
Task 39 800 0.04875
Task 9 200 0.045
GW 0.96375
Task 33 100 0.33
Task 183 800 0.22875
Task 25 400 0.0625
Task 5 100 0.05
Task 23 400 0.0575
Task 5 100 0.05
Task 10 200 0.05
Task 19 400 0.0475
Task 19 400 0.0475
Task 4 100 0.04
GW 0
-------------
041
-------------
GW 0.9725
Task 312 800 0.39
Task 70 400 0.175
Task 55 800 0.06875
Task 53 800 0.06625
Task 40 800 0.05
Task 4 100 0.04
Task 9 200 0.045
Task 4 100 0.04
Task 39 800 0.04875
Task 39 800 0.04875
GW 0.9875
Task 188 800 0.235
Task 84 400 0.21
Task 23 200 0.115
Task 10 100 0.1
Task 15 200 0.075
Task 42 800 0.0525
Task 21 400 0.0525
Task 5 100 0.05
Task 5 100 0.05
Task 19 400 0.0475
GW 0
-------------
042
-------------
GW 0.97125
Task 403 800 0.50375
Task 6 100 0.06
Task 25 400 0.0625
Task 25 400 0.0625
Task 21 400 0.0525
Task 39 800 0.04875
Task 39 800 0.04875
Task 19 400 0.0475
Task 4 100 0.04
Task 9 200 0.045
GW 0.96375
Task 42 100 0.42
Task 133 800 0.16625
Task 22 400 0.055
Task 10 200 0.05
Task 5 100 0.05
Task 40 800 0.05
Task 9 200 0.045
Task 19 400 0.0475
Task 4 100 0.04
Task 4 100 0.04
GW 0
-------------
043
-------------
GW 0.96375
Task 93 200 0.465
Task 10 100 0.1
Task 52 800 0.065
Task 51 800 0.06375
Task 10 200 0.05
Task 10 200 0.05
Task 10 200 0.05
Task 4 100 0.04
Task 4 100 0.04
Task 4 100 0.04
GW 0.9825
Task 134 400 0.335
Task 74 400 0.185
Task 97 800 0.12125
Task 11 200 0.055
Task 5 100 0.05
Task 20 400 0.05
Task 39 800 0.04875
Task 4 100 0.04
Task 39 800 0.04875
Task 39 800 0.04875
GW 0
-------------
044
-------------
GW 0.95625
Task 71 200 0.355
Task 175 800 0.21875
Task 7 100 0.07
Task 40 800 0.05
Task 4 100 0.04
Task 9 200 0.045
Task 9 200 0.045
Task 4 100 0.04
Task 19 400 0.0475
Task 9 200 0.045
GW 0.9725
Task 191 400 0.4775
Task 9 100 0.09
Task 52 800 0.065
Task 21 400 0.0525
Task 10 200 0.05
Task 21 400 0.0525
Task 9 200 0.045
Task 9 200 0.045
Task 19 400 0.0475
Task 19 400 0.0475
GW 0
-------------
045
-------------
GW 0.9625
Task 26 100 0.26
Task 40 200 0.2
Task 18 100 0.18
Task 5 100 0.05
Task 39 800 0.04875
Task 19 400 0.0475
Task 4 100 0.04
Task 39 800 0.04875
Task 19 400 0.0475
Task 4 100 0.04
GW 0.9725
Task 50 100 0.5
Task 15 200 0.075
Task 15 200 0.075
Task 20 400 0.05
Task 19 400 0.0475
Task 4 100 0.04
Task 4 100 0.04
Task 39 800 0.04875
Task 39 800 0.04875
Task 19 400 0.0475
GW 0
-------------
046
-------------
GW 0.9675
Task 49 200 0.245
Task 78 400 0.195
Task 156 800 0.195
Task 11 200 0.055
Task 44 800 0.055
Task 5 100 0.05
Task 9 200 0.045
Task 4 100 0.04
Task 19 400 0.0475
Task 4 100 0.04
GW 0.96375
Task 90 200 0.45
Task 23 200 0.115
Task 58 800 0.0725
Task 5 100 0.05
Task 40 800 0.05
Task 19 400 0.0475
Task 9 200 0.045
Task 4 100 0.04
Task 9 200 0.045
Task 39 800 0.04875
GW 0
-------------
047
-------------
GW 0.96375
Task 203 400 0.5075
Task 17 200 0.085
Task 46 800 0.0575
Task 21 400 0.0525
Task 4 100 0.04
Task 4 100 0.04
Task 19 400 0.0475
Task 39 800 0.04875
Task 4 100 0.04
Task 9 200 0.045
GW 0.96375
Task 48 100 0.48
Task 40 400 0.1
Task 44 800 0.055
Task 21 400 0.0525
Task 10 200 0.05
Task 5 100 0.05
Task 19 400 0.0475
Task 4 100 0.04
Task 39 800 0.04875
Task 4 100 0.04
GW 0
-------------
048
-------------
GW 0.98125
Task 59 200 0.295
Task 39 200 0.195
Task 51 400 0.1275
Task 22 400 0.055
Task 22 400 0.055
Task 5 100 0.05
Task 21 400 0.0525
Task 41 800 0.05125
Task 10 200 0.05
Task 10 200 0.05
GW 0.9775
Task 32 100 0.32
Task 83 400 0.2075
Task 8 100 0.08
Task 64 800 0.08
Task 5 100 0.05
Task 40 800 0.05
Task 20 400 0.05
Task 19 400 0.0475
Task 9 200 0.045
Task 19 400 0.0475
GW 0
-------------
049
-------------
GW 0.95875
Task 40 200 0.2
Task 13 100 0.13
Task 24 200 0.12
Task 11 100 0.11
Task 79 800 0.09875
Task 9 100 0.09
Task 23 400 0.0575
Task 10 200 0.05
Task 21 400 0.0525
Task 10 200 0.05
GW 0.98
Task 134 400 0.335
Task 74 400 0.185
Task 31 400 0.0775
Task 15 200 0.075
Task 7 100 0.07
Task 20 400 0.05
Task 5 100 0.05
Task 9 200 0.045
Task 9 200 0.045
Task 19 400 0.0475
GW 0
-------------
050
-------------
GW 0.9775
Task 100 200 0.5
Task 33 400 0.0825
Task 6 100 0.06
Task 41 800 0.05125
Task 20 400 0.05
Task 19 400 0.0475
Task 9 200 0.045
Task 9 200 0.045
Task 19 400 0.0475
Task 39 800 0.04875
GW 0.9875
Task 208 800 0.26
Task 64 400 0.16
Task 42 400 0.105
Task 16 200 0.08
Task 15 200 0.075
Task 28 400 0.07
Task 53 800 0.06625
Task 51 800 0.06375
Task 23 400 0.0575
Task 5 100 0.05
GW 0
-------------
051
-------------
GW 0.9725
Task 147 400 0.3675
Task 70 400 0.175
Task 16 200 0.08
Task 5 100 0.05
Task 46 800 0.0575
Task 44 800 0.055
Task 5 100 0.05
Task 4 100 0.04
Task 39 800 0.04875
Task 39 800 0.04875
GW 0.95875
Task 214 400 0.535
Task 54 800 0.0675
Task 5 100 0.05
Task 9 200 0.045
Task 19 400 0.0475
Task 4 100 0.04
Task 4 100 0.04
Task 9 200 0.045
Task 4 100 0.04
Task 39 800 0.04875
GW 0
-------------
052
-------------
GW 0.96125
Task 103 200 0.515
Task 17 200 0.085
Task 10 200 0.05
Task 9 200 0.045
Task 4 100 0.04
Task 9 200 0.045
Task 4 100 0.04
Task 19 400 0.0475
Task 39 800 0.04875
Task 9 200 0.045
GW 0.985
Task 51 200 0.255
Task 177 800 0.22125
Task 15 100 0.15
Task 50 800 0.0625
Task 44 800 0.055
Task 10 200 0.05
Task 20 400 0.05
Task 19 400 0.0475
Task 9 200 0.045
Task 39 800 0.04875
GW 0
-------------
053
-------------
GW 0.97125
Task 222 400 0.555
Task 40 800 0.05
Task 19 400 0.0475
Task 9 200 0.045
Task 4 100 0.04
Task 9 200 0.045
Task 19 400 0.0475
Task 39 800 0.04875
Task 19 400 0.0475
Task 9 200 0.045
GW 0.95625
Task 51 100 0.51
Task 29 400 0.0725
Task 12 200 0.06
Task 10 200 0.05
Task 10 200 0.05
Task 4 100 0.04
Task 39 800 0.04875
Task 4 100 0.04
Task 4 100 0.04
Task 9 200 0.045
GW 0
-------------
054
-------------
GW 0.9675
Task 142 400 0.355
Task 137 800 0.17125
Task 41 400 0.1025
Task 12 200 0.06
Task 5 100 0.05
Task 10 200 0.05
Task 9 200 0.045
Task 39 800 0.04875
Task 4 100 0.04
Task 9 200 0.045
GW 0.96875
Task 433 800 0.54125
Task 12 200 0.06
Task 42 800 0.0525
Task 4 100 0.04
Task 4 100 0.04
Task 9 200 0.045
Task 39 800 0.04875
Task 9 200 0.045
Task 19 400 0.0475
Task 39 800 0.04875
GW 0
-------------
055
-------------
GW 0.97
Task 35 200 0.175
Task 12 100 0.12
Task 25 200 0.125
Task 11 100 0.11
Task 11 100 0.11
Task 84 800 0.105
Task 28 400 0.07
Task 11 200 0.055
Task 10 200 0.05
Task 20 400 0.05
GW 0.9875
Task 327 800 0.40875
Task 135 800 0.16875
Task 23 400 0.0575
Task 11 200 0.055
Task 20 400 0.05
Task 5 100 0.05
Task 10 200 0.05
Task 40 800 0.05
Task 10 200 0.05
Task 19 400 0.0475
GW 0
-------------
056
-------------
GW 0.97625
Task 196 400 0.49
Task 69 800 0.08625
Task 59 800 0.07375
Task 5 100 0.05
Task 4 100 0.04
Task 9 200 0.045
Task 39 800 0.04875
Task 9 200 0.045
Task 39 800 0.04875
Task 39 800 0.04875
GW 0.97875
Task 83 200 0.415
Task 28 200 0.14
Task 18 200 0.09
Task 5 100 0.05
Task 40 800 0.05
Task 39 800 0.04875
Task 39 800 0.04875
Task 19 400 0.0475
Task 4 100 0.04
Task 39 800 0.04875
GW 0
-------------
057
-------------
GW 0.98
Task 410 800 0.5125
Task 55 800 0.06875
Task 25 400 0.0625
Task 22 400 0.055
Task 20 400 0.05
Task 9 200 0.045
Task 9 200 0.045
Task 39 800 0.04875
Task 19 400 0.0475
Task 9 200 0.045
GW 0.97625
Task 99 400 0.2475
Task 187 800 0.23375
Task 101 800 0.12625
Task 27 400 0.0675
Task 6 100 0.06
Task 23 400 0.0575
Task 43 800 0.05375
Task 9 200 0.045
Task 9 200 0.045
Task 4 100 0.04
GW 0
-------------
058
-------------
GW 0.98125
Task 74 200 0.37
Task 23 200 0.115
Task 43 400 0.1075
Task 81 800 0.10125
Task 5 100 0.05
Task 19 400 0.0475
Task 39 800 0.04875
Task 19 400 0.0475
Task 9 200 0.045
Task 39 800 0.04875
GW 0.98125
Task 121 400 0.3025
Task 119 800 0.14875
Task 29 200 0.145
Task 13 200 0.065
Task 12 200 0.06
Task 5 100 0.05
Task 46 800 0.0575
Task 21 400 0.0525
Task 20 400 0.05
Task 5 100 0.05
GW 0
-------------
059
-------------
GW 0.96
Task 425 800 0.53125
Task 14 200 0.07
Task 39 800 0.04875
Task 4 100 0.04
Task 39 800 0.04875
Task 19 400 0.0475
Task 9 200 0.045
Task 4 100 0.04
Task 39 800 0.04875
Task 4 100 0.04
GW 0.96625
Task 273 800 0.34125
Task 47 200 0.235
Task 48 800 0.06
Task 44 800 0.055
Task 5 100 0.05
Task 4 100 0.04
Task 4 100 0.04
Task 19 400 0.0475
Task 39 800 0.04875
Task 39 800 0.04875
GW 0
-------------
060
-------------
GW 0.9775
Task 68 200 0.34
Task 59 400 0.1475
Task 103 800 0.12875
Task 6 100 0.06
Task 22 400 0.055
Task 11 200 0.055
Task 5 100 0.05
Task 21 400 0.0525
Task 4 100 0.04
Task 39 800 0.04875
GW 0.9775
Task 366 800 0.4575
Task 20 200 0.1
Task 53 800 0.06625
Task 5 100 0.05
Task 44 800 0.055
Task 10 200 0.05
Task 21 400 0.0525
Task 20 400 0.05
Task 19 400 0.0475
Task 39 800 0.04875
GW 0
-------------
061
-------------
GW 0.96375
Task 297 800 0.37125
Task 12 100 0.12
Task 18 200 0.09
Task 14 200 0.07
Task 26 400 0.065
Task 50 800 0.0625
Task 22 400 0.055
Task 10 200 0.05
Task 4 100 0.04
Task 4 100 0.04
GW 0.97125
Task 60 200 0.3
Task 41 400 0.1025
Task 20 200 0.1
Task 77 800 0.09625
Task 8 100 0.08
Task 16 200 0.08
Task 13 200 0.065
Task 5 100 0.05
Task 10 200 0.05
Task 19 400 0.0475
GW 0
-------------
062
-------------
GW 0.9775
Task 211 400 0.5275
Task 50 800 0.0625
Task 24 400 0.06
Task 41 800 0.05125
Task 5 100 0.05
Task 19 400 0.0475
Task 9 200 0.045
Task 39 800 0.04875
Task 9 200 0.045
Task 4 100 0.04
GW 0.97375
Task 76 200 0.38
Task 14 100 0.14
Task 24 200 0.12
Task 44 800 0.055
Task 5 100 0.05
Task 19 400 0.0475
Task 39 800 0.04875
Task 9 200 0.045
Task 4 100 0.04
Task 19 400 0.0475
GW 0
-------------
063
-------------
GW 0.96875
Task 106 400 0.265
Task 90 400 0.225
Task 10 100 0.1
Task 18 200 0.09
Task 51 800 0.06375
Task 20 400 0.05
Task 19 400 0.0475
Task 4 100 0.04
Task 19 400 0.0475
Task 4 100 0.04
GW 0.9775
Task 96 400 0.24
Task 159 800 0.19875
Task 25 200 0.125
Task 22 200 0.11
Task 13 200 0.065
Task 20 400 0.05
Task 40 800 0.05
Task 5 100 0.05
Task 39 800 0.04875
Task 4 100 0.04
GW 0
-------------
064
-------------
GW 0.98875
Task 148 400 0.37
Task 156 800 0.195
Task 54 800 0.0675
Task 45 800 0.05625
Task 44 800 0.055
Task 21 400 0.0525
Task 20 400 0.05
Task 10 200 0.05
Task 9 200 0.045
Task 19 400 0.0475
GW 0.98125
Task 89 400 0.2225
Task 36 200 0.18
Task 12 100 0.12
Task 22 200 0.11
Task 35 400 0.0875
Task 52 800 0.065
Task 5 100 0.05
Task 10 200 0.05
Task 39 800 0.04875
Task 19 400 0.0475
GW 0
-------------
065
-------------
GW 0.96375
Task 155 400 0.3875
Task 12 100 0.12
Task 35 400 0.0875
Task 14 200 0.07
Task 6 100 0.06
Task 43 800 0.05375
Task 10 200 0.05
Task 40 800 0.05
Task 9 200 0.045
Task 4 100 0.04
GW 0.9625
Task 163 400 0.4075
Task 14 100 0.14
Task 9 100 0.09
Task 5 100 0.05
Task 5 100 0.05
Task 20 400 0.05
Task 40 800 0.05
Task 4 100 0.04
Task 9 200 0.045
Task 4 100 0.04
GW 0
-------------
066
-------------
GW 0.9675
Task 21 100 0.21
Task 32 200 0.16
Task 24 200 0.12
Task 22 200 0.11
Task 72 800 0.09
Task 66 800 0.0825
Task 26 400 0.065
Task 20 400 0.05
Task 4 100 0.04
Task 4 100 0.04
GW 0.98125
Task 125 400 0.3125
Task 148 800 0.185
Task 18 200 0.09
Task 16 200 0.08
Task 12 200 0.06
Task 23 400 0.0575
Task 41 800 0.05125
Task 40 800 0.05
Task 10 200 0.05
Task 9 200 0.045
GW 0
-------------
067
-------------
GW 0.99
Task 140 400 0.35
Task 168 800 0.21
Task 32 400 0.08
Task 46 800 0.0575
Task 21 400 0.0525
Task 39 800 0.04875
Task 39 800 0.04875
Task 9 200 0.045
Task 39 800 0.04875
Task 39 800 0.04875
GW 0.96625
Task 217 400 0.5425
Task 5 100 0.05
Task 5 100 0.05
Task 5 100 0.05
Task 40 800 0.05
Task 4 100 0.04
Task 4 100 0.04
Task 19 400 0.0475
Task 39 800 0.04875
Task 19 400 0.0475
GW 0
-------------
068
-------------
GW 0.96875
Task 21 100 0.21
Task 80 400 0.2
Task 61 400 0.1525
Task 52 400 0.13
Task 5 100 0.05
Task 4 100 0.04
Task 39 800 0.04875
Task 39 800 0.04875
Task 39 800 0.04875
Task 4 100 0.04
GW 0.975
Task 100 400 0.25
Task 117 800 0.14625
Task 23 200 0.115
Task 86 800 0.1075
Task 8 100 0.08
Task 6 100 0.06
Task 26 400 0.065
Task 46 800 0.0575
Task 39 800 0.04875
Task 9 200 0.045
GW 0
-------------
069
-------------
GW 0.9625
Task 52 100 0.52
Task 14 200 0.07
Task 5 100 0.05
Task 4 100 0.04
Task 39 800 0.04875
Task 9 200 0.045
Task 9 200 0.045
Task 39 800 0.04875
Task 19 400 0.0475
Task 19 400 0.0475
GW 0.98
Task 179 400 0.4475
Task 15 100 0.15
Task 39 800 0.04875
Task 19 400 0.0475
Task 39 800 0.04875
Task 39 800 0.04875
Task 19 400 0.0475
Task 19 400 0.0475
Task 9 200 0.045
Task 39 800 0.04875
GW 0
-------------
070
-------------
GW 0.96
Task 392 800 0.49
Task 10 100 0.1
Task 23 400 0.0575
Task 5 100 0.05
Task 9 200 0.045
Task 9 200 0.045
Task 4 100 0.04
Task 9 200 0.045
Task 19 400 0.0475
Task 4 100 0.04
GW 0.9625
Task 53 100 0.53
Task 6 100 0.06
Task 5 100 0.05
Task 5 100 0.05
Task 39 800 0.04875
Task 19 400 0.0475
Task 19 400 0.0475
Task 4 100 0.04
Task 39 800 0.04875
Task 4 100 0.04
GW 0
-------------
071
-------------
GW 0.9525
Task 117 400 0.2925
Task 18 100 0.18
Task 15 100 0.15
Task 11 200 0.055
Task 5 100 0.05
Task 5 100 0.05
Task 9 200 0.045
Task 9 200 0.045
Task 9 200 0.045
Task 4 100 0.04
GW 0.98125
Task 174 800 0.2175
Task 39 200 0.195
Task 87 800 0.10875
Task 20 200 0.1
Task 7 100 0.07
Task 13 200 0.065
Task 25 400 0.0625
Task 25 400 0.0625
Task 5 100 0.05
Task 5 100 0.05
GW 0
-------------
072
-------------
GW 0.97125
Task 291 800 0.36375
Task 96 400 0.24
Task 4 100 0.04
Task 9 200 0.045
Task 19 400 0.0475
Task 9 200 0.045
Task 39 800 0.04875
Task 9 200 0.045
Task 19 400 0.0475
Task 39 800 0.04875
GW 0.9725
Task 31 100 0.31
Task 39 200 0.195
Task 10 100 0.1
Task 52 800 0.065
Task 48 800 0.06
Task 46 800 0.0575
Task 10 200 0.05
Task 20 400 0.05
Task 9 200 0.045
Task 4 100 0.04
GW 0
-------------
073
-------------
GW 0.9725
Task 247 800 0.30875
Task 23 100 0.23
Task 10 100 0.1
Task 5 100 0.05
Task 21 400 0.0525
Task 5 100 0.05
Task 4 100 0.04
Task 19 400 0.0475
Task 9 200 0.045
Task 39 800 0.04875
GW 0.98
Task 86 400 0.215
Task 165 800 0.20625
Task 25 200 0.125
Task 44 400 0.11
Task 16 200 0.08
Task 11 200 0.055
Task 20 400 0.05
Task 9 200 0.045
Task 39 800 0.04875
Task 9 200 0.045
GW 0
-------------
074
-------------
GW 0.96875
Task 101 400 0.2525
Task 133 800 0.16625
Task 64 400 0.16
Task 7 100 0.07
Task 26 400 0.065
Task 13 200 0.065
Task 10 200 0.05
Task 20 400 0.05
Task 5 100 0.05
Task 4 100 0.04
GW 0.97375
Task 67 200 0.335
Task 16 100 0.16
Task 11 100 0.11
Task 28 400 0.07
Task 23 400 0.0575
Task 22 400 0.055
Task 42 800 0.0525
Task 39 800 0.04875
Task 4 100 0.04
Task 9 200 0.045
GW 0
-------------
075
-------------
GW 0.97
Task 60 200 0.3
Task 99 400 0.2475
Task 16 200 0.08
Task 27 400 0.0675
Task 5 100 0.05
Task 10 200 0.05
Task 9 200 0.045
Task 9 200 0.045
Task 9 200 0.045
Task 4 100 0.04
GW 0.97
Task 197 800 0.24625
Task 35 200 0.175
Task 20 200 0.1
Task 18 200 0.09
Task 64 800 0.08
Task 57 800 0.07125
Task 14 200 0.07
Task 21 400 0.0525
Task 9 200 0.045
Task 4 100 0.04
GW 0
-------------
076
-------------
GW 0.97
Task 401 800 0.50125
Task 61 800 0.07625
Task 12 200 0.06
Task 5 100 0.05
Task 5 100 0.05
Task 10 200 0.05
Task 39 800 0.04875
Task 39 800 0.04875
Task 9 200 0.045
Task 4 100 0.04
GW 0.96375
Task 174 800 0.2175
Task 85 400 0.2125
Task 130 800 0.1625
Task 64 800 0.08
Task 6 100 0.06
Task 5 100 0.05
Task 5 100 0.05
Task 41 800 0.05125
Task 4 100 0.04
Task 4 100 0.04
GW 0
-------------
077
-------------
GW 0.97625
Task 394 800 0.4925
Task 37 400 0.0925
Task 5 100 0.05
Task 11 200 0.055
Task 41 800 0.05125
Task 10 200 0.05
Task 39 800 0.04875
Task 39 800 0.04875
Task 4 100 0.04
Task 19 400 0.0475
GW 0.975
Task 52 100 0.52
Task 14 200 0.07
Task 42 800 0.0525
Task 42 800 0.0525
Task 5 100 0.05
Task 5 100 0.05
Task 9 200 0.045
Task 19 400 0.0475
Task 4 100 0.04
Task 19 400 0.0475
GW 0
-------------
078
-------------
GW 0.95
Task 90 200 0.45
Task 12 100 0.12
Task 6 100 0.06
Task 10 200 0.05
Task 5 100 0.05
Task 4 100 0.04
Task 4 100 0.04
Task 19 400 0.0475
Task 9 200 0.045
Task 19 400 0.0475
GW 0.98875
Task 307 800 0.38375
Task 158 800 0.1975
Task 12 200 0.06
Task 45 800 0.05625
Task 5 100 0.05
Task 39 800 0.04875
Task 19 400 0.0475
Task 19 400 0.0475
Task 39 800 0.04875
Task 39 800 0.04875
GW 0
-------------
079
-------------
GW 0.98375
Task 83 200 0.415
Task 56 400 0.14
Task 8 100 0.08
Task 11 200 0.055
Task 42 800 0.0525
Task 41 800 0.05125
Task 19 400 0.0475
Task 39 800 0.04875
Task 39 800 0.04875
Task 9 200 0.045
GW 0.965
Task 134 400 0.335
Task 15 100 0.15
Task 50 400 0.125
Task 8 100 0.08
Task 4 100 0.04
Task 39 800 0.04875
Task 19 400 0.0475
Task 9 200 0.045
Task 9 200 0.045
Task 39 800 0.04875
GW 0
-------------
080
-------------
GW 0.985
Task 87 200 0.435
Task 78 800 0.0975
Task 64 800 0.08
Task 51 800 0.06375
Task 48 800 0.06
Task 5 100 0.05
Task 21 400 0.0525
Task 10 200 0.05
Task 19 400 0.0475
Task 39 800 0.04875
GW 0.9825
Task 227 800 0.28375
Task 130 800 0.1625
Task 40 400 0.1
Task 33 400 0.0825
Task 64 800 0.08
Task 29 400 0.0725
Task 12 200 0.06
Task 41 800 0.05125
Task 9 200 0.045
Task 9 200 0.045
GW 0
-------------
081
-------------
GW 0.97875
Task 156 400 0.39
Task 28 200 0.14
Task 19 200 0.095
Task 6 100 0.06
Task 20 400 0.05
Task 41 800 0.05125
Task 5 100 0.05
Task 39 800 0.04875
Task 39 800 0.04875
Task 9 200 0.045
GW 0.97375
Task 149 400 0.3725
Task 35 200 0.175
Task 32 400 0.08
Task 11 200 0.055
Task 5 100 0.05
Task 21 400 0.0525
Task 5 100 0.05
Task 20 400 0.05
Task 39 800 0.04875
Task 4 100 0.04
GW 0
-------------
082
-------------
GW 0.9775
Task 45 200 0.225
Task 182 800 0.2275
Task 40 400 0.1
Task 34 400 0.085
Task 60 800 0.075
Task 6 100 0.06
Task 11 200 0.055
Task 10 200 0.05
Task 20 400 0.05
Task 40 800 0.05
GW 0.975
Task 101 200 0.505
Task 32 400 0.08
Task 22 400 0.055
Task 10 200 0.05
Task 21 400 0.0525
Task 20 400 0.05
Task 19 400 0.0475
Task 4 100 0.04
Task 19 400 0.0475
Task 19 400 0.0475
GW 0
-------------
083
-------------
GW 0.98375
Task 32 100 0.32
Task 25 200 0.125
Task 96 800 0.12
Task 31 400 0.0775
Task 57 800 0.07125
Task 13 200 0.065
Task 43 800 0.05375
Task 5 100 0.05
Task 42 800 0.0525
Task 39 800 0.04875
GW 0.97625
Task 300 800 0.375
Task 78 400 0.195
Task 31 400 0.0775
Task 22 400 0.055
Task 4 100 0.04
Task 39 800 0.04875
Task 39 800 0.04875
Task 19 400 0.0475
Task 4 100 0.04
Task 39 800 0.04875
GW 0
-------------
084
-------------
GW 0.975
Task 42 200 0.21
Task 78 400 0.195
Task 10 100 0.1
Task 31 400 0.0775
Task 30 400 0.075
Task 14 200 0.07
Task 13 200 0.065
Task 25 400 0.0625
Task 6 100 0.06
Task 24 400 0.06
GW 0.97
Task 49 100 0.49
Task 20 200 0.1
Task 23 400 0.0575
Task 42 800 0.0525
Task 9 200 0.045
Task 4 100 0.04
Task 4 100 0.04
Task 39 800 0.04875
Task 19 400 0.0475
Task 39 800 0.04875
GW 0
-------------
085
-------------
GW 0.9725
Task 160 400 0.4
Task 10 100 0.1
Task 10 100 0.1
Task 6 100 0.06
Task 25 400 0.0625
Task 12 200 0.06
Task 20 400 0.05
Task 10 200 0.05
Task 10 200 0.05
Task 4 100 0.04
GW 0.97625
Task 75 400 0.1875
Task 125 800 0.15625
Task 15 100 0.15
Task 25 200 0.125
Task 11 100 0.11
Task 47 800 0.05875
Task 5 100 0.05
Task 10 200 0.05
Task 4 100 0.04
Task 39 800 0.04875
GW 0
-------------
086
-------------
GW 0.9825
Task 307 800 0.38375
Task 55 400 0.1375
Task 62 800 0.0775
Task 7 100 0.07
Task 25 400 0.0625
Task 12 200 0.06
Task 41 800 0.05125
Task 5 100 0.05
Task 9 200 0.045
Task 9 200 0.045
GW 0.98
Task 65 200 0.325
Task 95 400 0.2375
Task 16 200 0.08
Task 45 800 0.05625
Task 10 200 0.05
Task 10 200 0.05
Task 19 400 0.0475
Task 4 100 0.04
Task 9 200 0.045
Task 39 800 0.04875
GW 0
-------------
087
-------------
GW 0.985
Task 62 200 0.31
Task 97 800 0.12125
Task 43 400 0.1075
Task 72 800 0.09
Task 8 100 0.08
Task 7 100 0.07
Task 45 800 0.05625
Task 42 800 0.0525
Task 39 800 0.04875
Task 39 800 0.04875
GW 0.98625
Task 372 800 0.465
Task 8 100 0.08
Task 65 800 0.08125
Task 7 100 0.07
Task 43 800 0.05375
Task 19 400 0.0475
Task 39 800 0.04875
Task 19 400 0.0475
Task 9 200 0.045
Task 19 400 0.0475
GW 0
-------------
088
-------------
GW 0.965
Task 220 800 0.275
Task 52 200 0.26
Task 20 200 0.1
Task 5 100 0.05
Task 21 400 0.0525
Task 40 800 0.05
Task 39 800 0.04875
Task 4 100 0.04
Task 39 800 0.04875
Task 4 100 0.04
GW 0.96875
Task 166 400 0.415
Task 40 400 0.1
Task 17 200 0.085
Task 63 800 0.07875
Task 12 200 0.06
Task 41 800 0.05125
Task 10 200 0.05
Task 4 100 0.04
Task 4 100 0.04
Task 39 800 0.04875
GW 0
-------------
089
-------------
GW 0.985
Task 98 400 0.245
Task 132 800 0.165
Task 12 100 0.12
Task 38 400 0.095
Task 72 800 0.09
Task 30 400 0.075
Task 5 100 0.05
Task 10 200 0.05
Task 10 200 0.05
Task 9 200 0.045
GW 0.98
Task 46 100 0.46
Task 20 200 0.1
Task 26 400 0.065
Task 23 400 0.0575
Task 11 200 0.055
Task 5 100 0.05
Task 10 200 0.05
Task 10 200 0.05
Task 9 200 0.045
Task 19 400 0.0475
GW 0
-------------
090
-------------
GW 0.96375
Task 387 800 0.48375
Task 10 100 0.1
Task 6 100 0.06
Task 39 800 0.04875
Task 9 200 0.045
Task 4 100 0.04
Task 39 800 0.04875
Task 39 800 0.04875
Task 39 800 0.04875
Task 4 100 0.04
GW 0.97375
Task 229 800 0.28625
Task 52 200 0.26
Task 20 200 0.1
Task 41 800 0.05125
Task 10 200 0.05
Task 10 200 0.05
Task 4 100 0.04
Task 19 400 0.0475
Task 4 100 0.04
Task 39 800 0.04875
GW 0
-------------
091
-------------
GW 0.97125
Task 331 800 0.41375
Task 19 200 0.095
Task 63 800 0.07875
Task 6 100 0.06
Task 12 200 0.06
Task 50 800 0.0625
Task 49 800 0.06125
Task 40 800 0.05
Task 10 200 0.05
Task 4 100 0.04
GW 0.97125
Task 69 200 0.345
Task 46 400 0.115
Task 43 400 0.1075
Task 8 100 0.08
Task 49 800 0.06125
Task 49 800 0.06125
Task 47 800 0.05875
Task 10 200 0.05
Task 42 800 0.0525
Task 4 100 0.04
GW 0
-------------
092
-------------
GW 0.965
Task 53 200 0.265
Task 25 100 0.25
Task 43 400 0.1075
Task 55 800 0.06875
Task 40 800 0.05
Task 9 200 0.045
Task 9 200 0.045
Task 4 100 0.04
Task 39 800 0.04875
Task 9 200 0.045
GW 0.9825
Task 380 800 0.475
Task 94 800 0.1175
Task 11 200 0.055
Task 21 400 0.0525
Task 10 200 0.05
Task 39 800 0.04875
Task 19 400 0.0475
Task 19 400 0.0475
Task 4 100 0.04
Task 39 800 0.04875
GW 0
-------------
093
-------------
GW 0.9775
Task 105 400 0.2625
Task 16 100 0.16
Task 111 800 0.13875
Task 88 800 0.11
Task 28 400 0.07
Task 10 200 0.05
Task 19 400 0.0475
Task 39 800 0.04875
Task 9 200 0.045
Task 9 200 0.045
GW 0.97
Task 83 200 0.415
Task 12 100 0.12
Task 43 400 0.1075
Task 20 400 0.05
Task 10 200 0.05
Task 40 800 0.05
Task 9 200 0.045
Task 4 100 0.04
Task 9 200 0.045
Task 19 400 0.0475
GW 0
-------------
094
-------------
GW 0.97125
Task 24 100 0.24
Task 45 200 0.225
Task 63 400 0.1575
Task 60 800 0.075
Task 39 800 0.04875
Task 4 100 0.04
Task 39 800 0.04875
Task 19 400 0.0475
Task 39 800 0.04875
Task 4 100 0.04
GW 0.9725
Task 230 800 0.2875
Task 29 200 0.145
Task 22 200 0.11
Task 15 200 0.075
Task 30 400 0.075
Task 14 200 0.07
Task 28 400 0.07
Task 10 200 0.05
Task 10 200 0.05
Task 4 100 0.04
GW 0
-------------
095
-------------
GW 0.975
Task 36 100 0.36
Task 62 400 0.155
Task 9 100 0.09
Task 28 400 0.07
Task 26 400 0.065
Task 20 400 0.05
Task 19 400 0.0475
Task 9 200 0.045
Task 19 400 0.0475
Task 9 200 0.045
GW 0.9775
Task 200 400 0.5
Task 38 400 0.095
Task 22 400 0.055
Task 10 200 0.05
Task 4 100 0.04
Task 39 800 0.04875
Task 19 400 0.0475
Task 9 200 0.045
Task 39 800 0.04875
Task 19 400 0.0475
GW 0
-------------
096
-------------
GW 0.98
Task 185 400 0.4625
Task 9 100 0.09
Task 59 800 0.07375
Task 53 800 0.06625
Task 10 200 0.05
Task 9 200 0.045
Task 39 800 0.04875
Task 19 400 0.0475
Task 19 400 0.0475
Task 39 800 0.04875
GW 0.9675
Task 259 800 0.32375
Task 27 100 0.27
Task 21 400 0.0525
Task 20 400 0.05
Task 19 400 0.0475
Task 9 200 0.045
Task 9 200 0.045
Task 39 800 0.04875
Task 9 200 0.045
Task 4 100 0.04
GW 0
-------------
097
-------------
GW 0.96625
Task 52 100 0.52
Task 12 200 0.06
Task 11 200 0.055
Task 21 400 0.0525
Task 10 200 0.05
Task 4 100 0.04
Task 19 400 0.0475
Task 19 400 0.0475
Task 9 200 0.045
Task 39 800 0.04875
GW 0.97
Task 52 100 0.52
Task 6 100 0.06
Task 45 800 0.05625
Task 43 800 0.05375
Task 10 200 0.05
Task 19 400 0.0475
Task 9 200 0.045
Task 39 800 0.04875
Task 4 100 0.04
Task 39 800 0.04875
GW 0
-------------
098
-------------
GW 0.98125
Task 324 800 0.405
Task 22 200 0.11
Task 74 800 0.0925
Task 29 400 0.0725
Task 24 400 0.06
Task 5 100 0.05
Task 20 400 0.05
Task 19 400 0.0475
Task 39 800 0.04875
Task 9 200 0.045
GW 0.96625
Task 218 800 0.2725
Task 91 400 0.2275
Task 90 800 0.1125
Task 55 800 0.06875
Task 6 100 0.06
Task 10 200 0.05
Task 40 800 0.05
Task 4 100 0.04
Task 4 100 0.04
Task 9 200 0.045
GW 0
-------------
099
-------------
GW 0.98125
Task 110 400 0.275
Task 104 400 0.26
Task 79 800 0.09875
Task 25 400 0.0625
Task 5 100 0.05
Task 9 200 0.045
Task 19 400 0.0475
Task 39 800 0.04875
Task 39 800 0.04875
Task 9 200 0.045
GW 0.965
Task 405 800 0.50625
Task 13 200 0.065
Task 13 200 0.065
Task 11 200 0.055
Task 10 200 0.05
Task 41 800 0.05125
Task 4 100 0.04
Task 4 100 0.04
Task 19 400 0.0475
Task 9 200 0.045
GW 0
-------------
100
-------------
