Meet_R
NOFLD	myOFLD	AOFLDC	SeGW
1	1	0.832634	0.975374	
1	0.999883	0.875845	0.941362	
0.629517	0.990322	0.877743	0.857929	
1	1	0.721533	0.954349	
1	0.998453	0.7679	0.898474	
0.711705	0.990083	0.744927	0.846592	
1	1	0.586926	0.939869	
1	0.9988	0.551984	0.888135	
0.76936	0.993783	0.624443	0.826313	
1	1	0.451243	0.922766	
1	0.999722	0.452076	0.858945	
0.79954	0.990127	0.418325	0.796462	
1	1	0.230728	0.909481	
1	0.999544	0.23989	0.810242	
0.829817	0.993956	0.249845	0.759115	
1	1	0.125967	0.912209	
1	0.999877	0.15599	0.767914	
0.857101	0.993169	0.16006	0.733209	


Energy
NOFLD	myOFLD	AOFLDC	SeGW
12334.2	9653.4	9621.95	10997.1	
17535.2	9837.59	9544.29	12041.1	
17608.8	10024.3	9610.54	12742.8	
12310.1	9871.63	10018.9	11226.2	
17515.4	10269.8	10002.6	12291	
17608.8	10548.7	9965.68	13095.4	
12284.1	10211.2	10304.7	11474.8	
17487	10553.9	10334	12469	
17608.8	11008.9	10305.2	13504.5	
12252.9	10450.6	10413.9	11650.5	
17460.7	11077.8	10430	12955.3	
17608.8	11676.4	10460.1	13849.3	
12174.2	10861.6	10509.9	11866.9	
17395.8	11700.4	10500.3	13580.8	
17608.8	12118.1	10507.3	14015.2	
12069.5	11075.4	10497.8	11885.6	
17331.8	12155.7	10505.1	13882.6	
17608.8	12663.4	10510.5	14301	


Resp
NOFLD	myOFLD	AOFLDC	SeGW
573860	508942	889822	598917	
1433970	830377	986302	811442	
749450	1162140	1124108	927895	
661040	591640	1194595	746436	
1686440	985831	1310018	917438	
1071110	1385185	1286506	1112808	
745100	682591	1439011	918309	
1843965	1081847	1345533	1127179	
1342905	1625033	1506818	1311156	
842050	800416	1390989	1061141	
2086245	1312220	1380096	1366375	
1575090	1854792	1279328	1517477	
1033565	1056586	1008002	1406081	
2501300	1699871	993837	1742760	
2058425	2299881	1050687	1873071	
1256175	1340858	664958	1700036	
2895315	2090237	786487	2116274	
2572145	2905374	794636	2314196	


CloudEng
NOFLD	myOFLD	AOFLDC	SeGW
0	63618	152026	41519	
0	219190	296961	163364	
0	376942	429152	282403	
0	53470	147369	32522	
0	200845	281214	147577	
0	351167	411838	262264	
0	40664	141039	22438	
0	182279	239533	142406	
0	333923	362056	244232	
0	30801	134759	14453	
0	163925	227085	122902	
0	299548	302565	226228	
0	10782	119371	3956	
0	132700	196188	92901	
0	279808	244997	213633	
0	0	96782	0	
0	114190	168047	75605	
0	254131	210784	194046	


FogEng
NOFLD	myOFLD	AOFLDC	SeGW
3601	4645	3601	3601	
3601	4842	3601	3601	
3601	4875	3601	3601	
3601	4711	3601	3601	
3601	4997	3601	3601	
3601	5166	3601	3601	
3601	4690	3601	3601	
3601	5247	3601	3601	
3601	5295	3601	3601	
3601	4739	3601	3601	
3601	5348	3601	3601	
3601	5612	3601	3601	
3601	4843	3601	3601	
3601	5697	3601	3601	
3601	5704	3601	3601	
3601	4832	3601	3601	
3601	5751	3601	3601	
3601	5994	3601	3601	


GW_Eng
GW1	GW2	GW3
9596.97	9709.83	9292.02
9865.69	9809.48	9686.26
9971.78	10076.9	9751.21
9753.25	9990.02	9424.1
10439.3	10100.3	9994.8
10396	10701.4	10333.3
10219.4	10202.9	9381.7
10455.1	10652.6	10495.2
10991.2	11026.6	10592.5
10471.4	10429.9	9479.43
11103.8	11051.8	10698.1
11646.7	11706.1	11225.1
10817.6	10905.6	9686.99
11653.5	11747.4	11396.3
12123.9	12112.2	11410.4
11041.4	11109.4	9665.59
12203.3	12108.1	11502.8
12778.9	12547.9	11990.2


