GW 0.975
Task 33 100 0.33
Task 28 200 0.14
Task 27 200 0.135
Task 12 200 0.06
Task 22 400 0.055
Task 42 800 0.0525
Task 42 800 0.0525
Task 40 800 0.05
Task 40 800 0.05
Task 40 800 0.05
GW 0.975
Task 29 100 0.29
Task 16 100 0.16
Task 20 200 0.1
Task 18 200 0.09
Task 16 200 0.08
Task 21 400 0.0525
Task 21 400 0.0525
Task 20 400 0.05
Task 20 400 0.05
Task 40 800 0.05
GW 0.3
Task 300 1000 0.3
-------------
001
-------------
GW 0.98
Task 52 100 0.52
Task 6 100 0.06
Task 5 100 0.05
Task 10 200 0.05
Task 10 200 0.05
Task 10 200 0.05
Task 20 400 0.05
Task 20 400 0.05
Task 20 400 0.05
Task 20 400 0.05
GW 0.985
Task 41 100 0.41
Task 29 200 0.145
Task 15 200 0.075
Task 10 200 0.05
Task 21 400 0.0525
Task 21 400 0.0525
Task 20 400 0.05
Task 20 400 0.05
Task 20 400 0.05
Task 40 800 0.05
GW 0.3
Task 300 1000 0.3
-------------
002
-------------
GW 0.985
Task 33 100 0.33
Task 20 100 0.2
Task 10 100 0.1
Task 11 200 0.055
Task 10 200 0.05
Task 10 200 0.05
Task 20 400 0.05
Task 20 400 0.05
Task 20 400 0.05
Task 40 800 0.05
GW 0.98
Task 31 100 0.31
Task 14 100 0.14
Task 11 100 0.11
Task 10 100 0.1
Task 13 200 0.065
Task 11 200 0.055
Task 20 400 0.05
Task 20 400 0.05
Task 40 800 0.05
Task 40 800 0.05
GW 0.3
Task 300 1000 0.3
-------------
003
-------------
GW 0.98
Task 20 100 0.2
Task 24 200 0.12
Task 23 200 0.115
Task 22 200 0.11
Task 21 200 0.105
Task 38 400 0.095
Task 60 800 0.075
Task 45 800 0.05625
Task 43 800 0.05375
Task 40 800 0.05
GW 0.98125
Task 23 100 0.23
Task 20 100 0.2
Task 28 200 0.14
Task 43 400 0.1075
Task 42 800 0.0525
Task 41 800 0.05125
Task 40 800 0.05
Task 40 800 0.05
Task 40 800 0.05
Task 40 800 0.05
GW 0.3
Task 300 1000 0.3
-------------
004
-------------
GW 0.98
Task 29 100 0.29
Task 24 100 0.24
Task 10 100 0.1
Task 5 100 0.05
Task 20 400 0.05
Task 20 400 0.05
Task 20 400 0.05
Task 20 400 0.05
Task 40 800 0.05
Task 40 800 0.05
GW 0.985
Task 46 100 0.46
Task 12 100 0.12
Task 11 200 0.055
Task 10 200 0.05
Task 20 400 0.05
Task 20 400 0.05
Task 20 400 0.05
Task 20 400 0.05
Task 40 800 0.05
Task 40 800 0.05
GW 0.3
Task 300 1000 0.3
-------------
005
-------------
GW 0.99
Task 70 200 0.35
Task 39 400 0.0975
Task 38 400 0.095
Task 34 400 0.085
Task 28 400 0.07
Task 28 400 0.07
Task 26 400 0.065
Task 46 800 0.0575
Task 40 800 0.05
Task 40 800 0.05
GW 0.975
Task 44 100 0.44
Task 20 200 0.1
Task 13 200 0.065
Task 13 200 0.065
Task 11 200 0.055
Task 10 200 0.05
Task 20 400 0.05
Task 40 800 0.05
Task 40 800 0.05
Task 40 800 0.05
GW 0.3
Task 300 1000 0.3
-------------
006
-------------
GW 0.9725
Task 24 100 0.24
Task 13 100 0.13
Task 12 100 0.12
Task 24 200 0.12
Task 16 200 0.08
Task 12 200 0.06
Task 25 400 0.0625
Task 22 400 0.055
Task 21 400 0.0525
Task 21 400 0.0525
GW 0.98125
Task 24 100 0.24
Task 19 100 0.19
Task 9 100 0.09
Task 34 400 0.085
Task 28 400 0.07
Task 55 800 0.06875
Task 53 800 0.06625
Task 52 800 0.065
Task 45 800 0.05625
Task 40 800 0.05
GW 0.3
Task 300 1000 0.3
-------------
007
-------------
GW 0.98
Task 36 100 0.36
Task 16 100 0.16
Task 18 200 0.09
Task 14 200 0.07
Task 10 200 0.05
Task 40 800 0.05
Task 40 800 0.05
Task 40 800 0.05
Task 40 800 0.05
Task 40 800 0.05
GW 0.98875
Task 59 200 0.295
Task 48 200 0.24
Task 31 400 0.0775
Task 25 400 0.0625
Task 49 800 0.06125
Task 41 800 0.05125
Task 41 800 0.05125
Task 40 800 0.05
Task 40 800 0.05
Task 40 800 0.05
GW 0.3
Task 300 1000 0.3
-------------
008
-------------
GW 0.97125
Task 19 100 0.19
Task 18 100 0.18
Task 26 200 0.13
Task 22 200 0.11
Task 17 200 0.085
Task 13 200 0.065
Task 22 400 0.055
Task 43 800 0.05375
Task 42 800 0.0525
Task 40 800 0.05
GW 0.985
Task 30 100 0.3
Task 19 100 0.19
Task 25 200 0.125
Task 28 400 0.07
Task 20 400 0.05
Task 20 400 0.05
Task 40 800 0.05
Task 40 800 0.05
Task 40 800 0.05
Task 40 800 0.05
GW 0.3
Task 300 1000 0.3
-------------
009
-------------
GW 0.98
Task 45 100 0.45
Task 13 100 0.13
Task 5 100 0.05
Task 5 100 0.05
Task 10 200 0.05
Task 10 200 0.05
Task 10 200 0.05
Task 10 200 0.05
Task 10 200 0.05
Task 10 200 0.05
GW 0.9725
Task 32 100 0.32
Task 11 100 0.11
Task 10 100 0.1
Task 18 200 0.09
Task 34 400 0.085
Task 26 400 0.065
Task 21 400 0.0525
Task 20 400 0.05
Task 20 400 0.05
Task 40 800 0.05
GW 0.3
Task 300 1000 0.3
-------------
010
-------------
GW 0.98
Task 51 100 0.51
Task 7 100 0.07
Task 5 100 0.05
Task 5 100 0.05
Task 10 200 0.05
Task 10 200 0.05
Task 10 200 0.05
Task 20 400 0.05
Task 20 400 0.05
Task 40 800 0.05
GW 0.99
Task 51 100 0.51
Task 16 200 0.08
Task 10 200 0.05
Task 20 400 0.05
Task 20 400 0.05
Task 20 400 0.05
Task 20 400 0.05
Task 40 800 0.05
Task 40 800 0.05
Task 40 800 0.05
GW 0.3
Task 300 1000 0.3
-------------
011
-------------
GW 0.98
Task 32 100 0.32
Task 13 100 0.13
Task 20 200 0.1
Task 20 200 0.1
Task 16 200 0.08
Task 20 400 0.05
Task 20 400 0.05
Task 20 400 0.05
Task 20 400 0.05
Task 40 800 0.05
GW 0.985
Task 47 100 0.47
Task 11 100 0.11
Task 11 200 0.055
Task 10 200 0.05
Task 20 400 0.05
Task 20 400 0.05
Task 20 400 0.05
Task 20 400 0.05
Task 20 400 0.05
Task 40 800 0.05
GW 0.3
Task 300 1000 0.3
-------------
012
-------------
GW 0.98
Task 33 100 0.33
Task 19 100 0.19
Task 22 200 0.11
Task 20 400 0.05
Task 20 400 0.05
Task 20 400 0.05
Task 20 400 0.05
Task 20 400 0.05
Task 40 800 0.05
Task 40 800 0.05
GW 0.985
Task 41 100 0.41
Task 33 200 0.165
Task 12 200 0.06
Task 10 200 0.05
Task 10 200 0.05
Task 20 400 0.05
Task 20 400 0.05
Task 20 400 0.05
Task 40 800 0.05
Task 40 800 0.05
GW 0.3
Task 300 1000 0.3
-------------
013
-------------
GW 0.985
Task 29 100 0.29
Task 40 200 0.2
Task 18 200 0.09
Task 17 200 0.085
Task 14 200 0.07
Task 20 400 0.05
Task 20 400 0.05
Task 20 400 0.05
Task 20 400 0.05
Task 40 800 0.05
GW 0.97
Task 43 100 0.43
Task 10 100 0.1
Task 8 100 0.08
Task 11 200 0.055
Task 11 200 0.055
Task 20 400 0.05
Task 20 400 0.05
Task 20 400 0.05
Task 40 800 0.05
Task 40 800 0.05
GW 0.3
Task 300 1000 0.3
-------------
014
-------------
GW 0.98
Task 41 100 0.41
Task 11 100 0.11
Task 10 100 0.1
Task 12 200 0.06
Task 10 200 0.05
Task 10 200 0.05
Task 40 800 0.05
Task 40 800 0.05
Task 40 800 0.05
Task 40 800 0.05
GW 0.9675
Task 22 100 0.22
Task 15 100 0.15
Task 14 100 0.14
Task 13 100 0.13
Task 12 200 0.06
Task 12 200 0.06
Task 22 400 0.055
Task 21 400 0.0525
Task 20 400 0.05
Task 40 800 0.05
GW 0.3
Task 300 1000 0.3
-------------
015
-------------
GW 0.98125
Task 26 100 0.26
Task 12 100 0.12
Task 23 200 0.115
Task 45 400 0.1125
Task 34 400 0.085
Task 32 400 0.08
Task 22 400 0.055
Task 21 400 0.0525
Task 41 800 0.05125
Task 40 800 0.05
GW 0.98125
Task 23 100 0.23
Task 17 100 0.17
Task 13 100 0.13
Task 43 400 0.1075
Task 32 400 0.08
Task 24 400 0.06
Task 21 400 0.0525
Task 41 800 0.05125
Task 40 800 0.05
Task 40 800 0.05
GW 0.3
Task 300 1000 0.3
-------------
016
-------------
GW 0.9775
Task 43 100 0.43
Task 13 100 0.13
Task 11 200 0.055
Task 11 200 0.055
Task 11 200 0.055
Task 10 200 0.05
Task 21 400 0.0525
Task 20 400 0.05
Task 40 800 0.05
Task 40 800 0.05
GW 0.9825
Task 25 100 0.25
Task 19 100 0.19
Task 24 200 0.12
Task 17 200 0.085
Task 32 400 0.08
Task 22 400 0.055
Task 21 400 0.0525
Task 40 800 0.05
Task 40 800 0.05
Task 40 800 0.05
GW 0.3
Task 300 1000 0.3
-------------
017
-------------
GW 0.98
Task 34 100 0.34
Task 16 100 0.16
Task 10 100 0.1
Task 8 100 0.08
Task 5 100 0.05
Task 20 400 0.05
Task 20 400 0.05
Task 20 400 0.05
Task 40 800 0.05
Task 40 800 0.05
GW 0.99
Task 36 100 0.36
Task 23 100 0.23
Task 5 100 0.05
Task 10 200 0.05
Task 10 200 0.05
Task 10 200 0.05
Task 20 400 0.05
Task 20 400 0.05
Task 20 400 0.05
Task 40 800 0.05
GW 0.3
Task 300 1000 0.3
-------------
018
-------------
GW 0.985
Task 33 100 0.33
Task 23 100 0.23
Task 13 200 0.065
Task 12 200 0.06
Task 10 200 0.05
Task 10 200 0.05
Task 20 400 0.05
Task 20 400 0.05
Task 40 800 0.05
Task 40 800 0.05
GW 0.98
Task 42 100 0.42
Task 11 100 0.11
Task 19 200 0.095
Task 11 200 0.055
Task 10 200 0.05
Task 10 200 0.05
Task 20 400 0.05
Task 20 400 0.05
Task 20 400 0.05
Task 40 800 0.05
GW 0.3
Task 300 1000 0.3
-------------
019
-------------
GW 0.985
Task 42 100 0.42
Task 28 200 0.14
Task 13 200 0.065
Task 24 400 0.06
Task 20 400 0.05
Task 20 400 0.05
Task 20 400 0.05
Task 20 400 0.05
Task 40 800 0.05
Task 40 800 0.05
GW 0.98
Task 35 100 0.35
Task 16 100 0.16
Task 12 100 0.12
Task 10 200 0.05
Task 10 200 0.05
Task 10 200 0.05
Task 20 400 0.05
Task 20 400 0.05
Task 40 800 0.05
Task 40 800 0.05
GW 0.3
Task 300 1000 0.3
-------------
020
-------------
GW 0.9825
Task 28 100 0.28
Task 12 100 0.12
Task 11 100 0.11
Task 11 100 0.11
Task 14 200 0.07
Task 13 200 0.065
Task 26 400 0.065
Task 24 400 0.06
Task 42 800 0.0525
Task 40 800 0.05
GW 0.99
Task 43 100 0.43
Task 15 100 0.15
Task 12 200 0.06
Task 10 200 0.05
Task 10 200 0.05
Task 10 200 0.05
Task 20 400 0.05
Task 40 800 0.05
Task 40 800 0.05
Task 40 800 0.05
GW 0.3
Task 300 1000 0.3
-------------
021
-------------
GW 0.97125
Task 39 100 0.39
Task 13 100 0.13
Task 7 100 0.07
Task 6 100 0.06
Task 12 200 0.06
Task 12 200 0.06
Task 41 800 0.05125
Task 40 800 0.05
Task 40 800 0.05
Task 40 800 0.05
GW 0.98
Task 36 100 0.36
Task 17 100 0.17
Task 10 100 0.1
Task 5 100 0.05
Task 5 100 0.05
Task 10 200 0.05
Task 20 400 0.05
Task 20 400 0.05
Task 20 400 0.05
Task 40 800 0.05
GW 0.3
Task 300 1000 0.3
-------------
022
-------------
GW 0.97125
Task 36 100 0.36
Task 13 100 0.13
Task 23 200 0.115
Task 12 200 0.06
Task 21 400 0.0525
Task 21 400 0.0525
Task 41 800 0.05125
Task 40 800 0.05
Task 40 800 0.05
Task 40 800 0.05
GW 0.9825
Task 29 100 0.29
Task 35 200 0.175
Task 19 200 0.095
Task 17 200 0.085
Task 26 400 0.065
Task 23 400 0.0575
Task 22 400 0.055
Task 44 800 0.055
Task 44 800 0.055
Task 40 800 0.05
GW 0.3
Task 300 1000 0.3
-------------
023
-------------
GW 0.97
Task 49 100 0.49
Task 8 100 0.08
Task 5 100 0.05
Task 5 100 0.05
Task 5 100 0.05
Task 10 200 0.05
Task 20 400 0.05
Task 20 400 0.05
Task 20 400 0.05
Task 40 800 0.05
GW 0.97
Task 41 100 0.41
Task 11 100 0.11
Task 8 100 0.08
Task 7 100 0.07
Task 10 200 0.05
Task 10 200 0.05
Task 10 200 0.05
Task 40 800 0.05
Task 40 800 0.05
Task 40 800 0.05
GW 0.3
Task 300 1000 0.3
-------------
024
-------------
GW 0.97
Task 22 100 0.22
Task 19 100 0.19
Task 15 100 0.15
Task 21 200 0.105
Task 11 200 0.055
Task 20 400 0.05
Task 20 400 0.05
Task 40 800 0.05
Task 40 800 0.05
Task 40 800 0.05
GW 0.985
Task 73 200 0.365
Task 40 200 0.2
Task 12 200 0.06
Task 11 200 0.055
Task 11 200 0.055
Task 10 200 0.05
Task 20 400 0.05
Task 40 800 0.05
Task 40 800 0.05
Task 40 800 0.05
GW 0.3
Task 300 1000 0.3
-------------
025
-------------
GW 0.965
Task 26 100 0.26
Task 17 100 0.17
Task 9 100 0.09
Task 17 200 0.085
Task 14 200 0.07
Task 13 200 0.065
Task 23 400 0.0575
Task 23 400 0.0575
Task 44 800 0.055
Task 44 800 0.055
GW 0.98
Task 33 100 0.33
Task 24 100 0.24
Task 6 100 0.06
Task 10 200 0.05
Task 10 200 0.05
Task 10 200 0.05
Task 10 200 0.05
Task 20 400 0.05
Task 40 800 0.05
Task 40 800 0.05
GW 0.3
Task 300 1000 0.3
-------------
026
-------------
GW 0.975
Task 20 100 0.2
Task 19 100 0.19
Task 18 100 0.18
Task 20 200 0.1
Task 11 200 0.055
Task 10 200 0.05
Task 20 400 0.05
Task 20 400 0.05
Task 40 800 0.05
Task 40 800 0.05
GW 0.975
Task 43 100 0.43
Task 9 100 0.09
Task 18 200 0.09
Task 11 200 0.055
Task 11 200 0.055
Task 11 200 0.055
Task 20 400 0.05
Task 20 400 0.05
Task 40 800 0.05
Task 40 800 0.05
GW 0.3
Task 300 1000 0.3
-------------
027
-------------
GW 0.9775
Task 30 100 0.3
Task 34 200 0.17
Task 17 200 0.085
Task 16 200 0.08
Task 13 200 0.065
Task 26 400 0.065
Task 23 400 0.0575
Task 21 400 0.0525
Task 21 400 0.0525
Task 20 400 0.05
GW 0.9775
Task 49 100 0.49
Task 6 100 0.06
Task 13 200 0.065
Task 12 200 0.06
Task 21 400 0.0525
Task 20 400 0.05
Task 20 400 0.05
Task 40 800 0.05
Task 40 800 0.05
Task 40 800 0.05
GW 0.3
Task 300 1000 0.3
-------------
028
-------------
GW 0.9775
Task 22 100 0.22
Task 20 100 0.2
Task 10 100 0.1
Task 9 100 0.09
Task 17 200 0.085
Task 28 400 0.07
Task 25 400 0.0625
Task 20 400 0.05
Task 40 800 0.05
Task 40 800 0.05
GW 0.99
Task 54 100 0.54
Task 5 100 0.05
Task 5 100 0.05
Task 10 200 0.05
Task 10 200 0.05
Task 10 200 0.05
Task 20 400 0.05
Task 40 800 0.05
Task 40 800 0.05
Task 40 800 0.05
GW 0.3
Task 300 1000 0.3
-------------
029
-------------
GW 0.98
Task 36 100 0.36
Task 12 100 0.12
Task 17 200 0.085
Task 16 200 0.08
Task 14 200 0.07
Task 11 200 0.055
Task 22 400 0.055
Task 21 400 0.0525
Task 42 800 0.0525
Task 40 800 0.05
GW 0.98
Task 31 100 0.31
Task 19 100 0.19
Task 11 100 0.11
Task 7 100 0.07
Task 10 200 0.05
Task 20 400 0.05
Task 20 400 0.05
Task 40 800 0.05
Task 40 800 0.05
Task 40 800 0.05
GW 0.3
Task 300 1000 0.3
-------------
030
-------------
GW 0.97
Task 46 100 0.46
Task 8 100 0.08
Task 6 100 0.06
Task 6 100 0.06
Task 11 200 0.055
Task 10 200 0.05
Task 21 400 0.0525
Task 21 400 0.0525
Task 20 400 0.05
Task 20 400 0.05
GW 0.99
Task 47 100 0.47
Task 12 100 0.12
Task 10 200 0.05
Task 20 400 0.05
Task 20 400 0.05
Task 20 400 0.05
Task 20 400 0.05
Task 20 400 0.05
Task 20 400 0.05
Task 40 800 0.05
GW 0.3
Task 300 1000 0.3
-------------
031
-------------
GW 0.98125
Task 25 100 0.25
Task 17 100 0.17
Task 20 200 0.1
Task 18 200 0.09
Task 14 200 0.07
Task 26 400 0.065
Task 26 400 0.065
Task 24 400 0.06
Task 24 400 0.06
Task 41 800 0.05125
GW 0.9725
Task 38 100 0.38
Task 15 100 0.15
Task 8 100 0.08
Task 12 200 0.06
Task 21 400 0.0525
Task 20 400 0.05
Task 40 800 0.05
Task 40 800 0.05
Task 40 800 0.05
Task 40 800 0.05
GW 0.3
Task 300 1000 0.3
-------------
032
-------------
GW 0.99
Task 52 100 0.52
Task 7 100 0.07
Task 10 200 0.05
Task 10 200 0.05
Task 20 400 0.05
Task 20 400 0.05
Task 40 800 0.05
Task 40 800 0.05
Task 40 800 0.05
Task 40 800 0.05
GW 0.985
Task 30 100 0.3
Task 47 200 0.235
Task 38 400 0.095
Task 22 400 0.055
Task 20 400 0.05
Task 20 400 0.05
Task 20 400 0.05
Task 40 800 0.05
Task 40 800 0.05
Task 40 800 0.05
GW 0.3
Task 300 1000 0.3
-------------
033
-------------
GW 0.98
Task 29 100 0.29
Task 22 100 0.22
Task 8 100 0.08
Task 16 200 0.08
Task 12 200 0.06
Task 20 400 0.05
Task 20 400 0.05
Task 20 400 0.05
Task 20 400 0.05
Task 40 800 0.05
GW 0.9725
Task 41 100 0.41
Task 12 100 0.12
Task 7 100 0.07
Task 12 200 0.06
Task 11 200 0.055
Task 11 200 0.055
Task 41 800 0.05125
Task 41 800 0.05125
Task 40 800 0.05
Task 40 800 0.05
GW 0.3
Task 300 1000 0.3
-------------
034
-------------
GW 0.99
Task 52 100 0.52
Task 6 100 0.06
Task 12 200 0.06
Task 20 400 0.05
Task 20 400 0.05
Task 40 800 0.05
Task 40 800 0.05
Task 40 800 0.05
Task 40 800 0.05
Task 40 800 0.05
GW 0.9725
Task 27 100 0.27
Task 15 100 0.15
Task 20 200 0.1
Task 19 200 0.095
Task 17 200 0.085
Task 25 400 0.0625
Task 22 400 0.055
Task 21 400 0.0525
Task 41 800 0.05125
Task 41 800 0.05125
GW 0.3
Task 300 1000 0.3
-------------
035
-------------
GW 0.98
Task 28 100 0.28
Task 28 100 0.28
Task 6 100 0.06
Task 11 200 0.055
Task 11 200 0.055
Task 10 200 0.05
Task 20 400 0.05
Task 20 400 0.05
Task 20 400 0.05
Task 40 800 0.05
GW 0.98375
Task 76 200 0.38
Task 21 200 0.105
Task 17 200 0.085
Task 15 200 0.075
Task 15 200 0.075
Task 22 400 0.055
Task 43 800 0.05375
Task 42 800 0.0525
Task 41 800 0.05125
Task 41 800 0.05125
GW 0.3
Task 300 1000 0.3
-------------
036
-------------
GW 0.98
Task 28 100 0.28
Task 52 200 0.26
Task 17 200 0.085
Task 11 200 0.055
Task 20 400 0.05
Task 20 400 0.05
Task 20 400 0.05
Task 40 800 0.05
Task 40 800 0.05
Task 40 800 0.05
GW 0.98
Task 49 100 0.49
Task 7 100 0.07
Task 14 200 0.07
Task 10 200 0.05
Task 20 400 0.05
Task 40 800 0.05
Task 40 800 0.05
Task 40 800 0.05
Task 40 800 0.05
Task 40 800 0.05
GW 0.3
Task 300 1000 0.3
-------------
037
-------------
GW 0.99
Task 32 100 0.32
Task 45 200 0.225
Task 19 200 0.095
Task 10 200 0.05
Task 10 200 0.05
Task 10 200 0.05
Task 10 200 0.05
Task 20 400 0.05
Task 20 400 0.05
Task 40 800 0.05
GW 0.98
Task 40 100 0.4
Task 15 100 0.15
Task 13 200 0.065
Task 12 200 0.06
Task 11 200 0.055
Task 10 200 0.05
Task 20 400 0.05
Task 20 400 0.05
Task 40 800 0.05
Task 40 800 0.05
GW 0.3
Task 300 1000 0.3
-------------
038
-------------
GW 0.99
Task 49 100 0.49
Task 9 100 0.09
Task 6 100 0.06
Task 10 200 0.05
Task 10 200 0.05
Task 10 200 0.05
Task 10 200 0.05
Task 40 800 0.05
Task 40 800 0.05
Task 40 800 0.05
GW 0.9575
Task 37 100 0.37
Task 15 100 0.15
Task 6 100 0.06
Task 12 200 0.06
Task 11 200 0.055
Task 11 200 0.055
Task 11 200 0.055
Task 21 400 0.0525
Task 40 800 0.05
Task 40 800 0.05
GW 0.3
Task 300 1000 0.3
-------------
039
-------------
GW 0.9675
Task 29 100 0.29
Task 20 100 0.2
Task 11 100 0.11
Task 6 100 0.06
Task 22 400 0.055
Task 21 400 0.0525
Task 20 400 0.05
Task 20 400 0.05
Task 40 800 0.05
Task 40 800 0.05
GW 0.98625
Task 34 100 0.34
Task 19 200 0.095
Task 17 200 0.085
Task 33 400 0.0825
Task 33 400 0.0825
Task 64 800 0.08
Task 52 800 0.065
Task 43 800 0.05375
Task 42 800 0.0525
Task 40 800 0.05
GW 0.3
Task 300 1000 0.3
-------------
040
-------------
GW 0.965
Task 26 100 0.26
Task 20 100 0.2
Task 15 100 0.15
Task 5 100 0.05
Task 11 200 0.055
Task 10 200 0.05
Task 20 400 0.05
Task 20 400 0.05
Task 20 400 0.05
Task 40 800 0.05
GW 0.9875
Task 25 100 0.25
Task 18 100 0.18
Task 23 200 0.115
Task 16 200 0.08
Task 14 200 0.07
Task 26 400 0.065
Task 26 400 0.065
Task 44 800 0.055
Task 43 800 0.05375
Task 43 800 0.05375
GW 0.3
Task 300 1000 0.3
-------------
041
-------------
GW 0.965
Task 23 100 0.23
Task 16 100 0.16
Task 13 100 0.13
Task 10 100 0.1
Task 15 200 0.075
Task 13 200 0.065
Task 11 200 0.055
Task 20 400 0.05
Task 40 800 0.05
Task 40 800 0.05
GW 0.9875
Task 60 200 0.3
Task 50 200 0.25
Task 14 200 0.07
Task 12 200 0.06
Task 22 400 0.055
Task 21 400 0.0525
Task 40 800 0.05
Task 40 800 0.05
Task 40 800 0.05
Task 40 800 0.05
GW 0.3
Task 300 1000 0.3
-------------
042
-------------
GW 0.975
Task 50 100 0.5
Task 6 100 0.06
Task 6 100 0.06
Task 11 200 0.055
Task 10 200 0.05
Task 20 400 0.05
Task 20 400 0.05
Task 20 400 0.05
Task 40 800 0.05
Task 40 800 0.05
GW 0.98125
Task 41 100 0.41
Task 10 100 0.1
Task 34 400 0.085
Task 31 400 0.0775
Task 23 400 0.0575
Task 41 800 0.05125
Task 40 800 0.05
Task 40 800 0.05
Task 40 800 0.05
Task 40 800 0.05
GW 0.3
Task 300 1000 0.3
-------------
043
-------------
GW 0.9825
Task 38 100 0.38
Task 13 100 0.13
Task 19 200 0.095
Task 12 200 0.06
Task 12 200 0.06
Task 11 200 0.055
Task 21 400 0.0525
Task 20 400 0.05
Task 40 800 0.05
Task 40 800 0.05
GW 0.98
Task 50 100 0.5
Task 6 100 0.06
Task 6 100 0.06
Task 12 200 0.06
Task 10 200 0.05
Task 20 400 0.05
Task 40 800 0.05
Task 40 800 0.05
Task 40 800 0.05
Task 40 800 0.05
GW 0.3
Task 300 1000 0.3
-------------
044
-------------
GW 0.965
Task 27 100 0.27
Task 25 100 0.25
Task 8 100 0.08
Task 6 100 0.06
Task 5 100 0.05
Task 11 200 0.055
Task 20 400 0.05
Task 20 400 0.05
Task 40 800 0.05
Task 40 800 0.05
GW 0.975
Task 26 100 0.26
Task 24 100 0.24
Task 21 200 0.105
Task 14 200 0.07
Task 10 200 0.05
Task 10 200 0.05
Task 20 400 0.05
Task 20 400 0.05
Task 40 800 0.05
Task 40 800 0.05
GW 0.3
Task 300 1000 0.3
-------------
045
-------------
GW 0.975
Task 29 100 0.29
Task 27 100 0.27
Task 6 100 0.06
Task 11 200 0.055
Task 10 200 0.05
Task 10 200 0.05
Task 10 200 0.05
Task 20 400 0.05
Task 20 400 0.05
Task 40 800 0.05
GW 0.99
Task 56 200 0.28
Task 42 200 0.21
Task 24 200 0.12
Task 15 200 0.075
Task 11 200 0.055
Task 10 200 0.05
Task 10 200 0.05
Task 20 400 0.05
Task 40 800 0.05
Task 40 800 0.05
GW 0.3
Task 300 1000 0.3
-------------
046
-------------
GW 0.9775
Task 34 100 0.34
Task 20 100 0.2
Task 6 100 0.06
Task 12 200 0.06
Task 11 200 0.055
Task 22 400 0.055
Task 22 400 0.055
Task 41 800 0.05125
Task 41 800 0.05125
Task 40 800 0.05
GW 0.98
Task 49 100 0.49
Task 7 100 0.07
Task 24 400 0.06
Task 24 400 0.06
Task 20 400 0.05
Task 40 800 0.05
Task 40 800 0.05
Task 40 800 0.05
Task 40 800 0.05
Task 40 800 0.05
GW 0.3
Task 300 1000 0.3
-------------
047
-------------
GW 0.985
Task 46 100 0.46
Task 12 100 0.12
Task 11 200 0.055
Task 10 200 0.05
Task 10 200 0.05
Task 20 400 0.05
Task 40 800 0.05
Task 40 800 0.05
Task 40 800 0.05
Task 40 800 0.05
GW 0.9875
Task 30 100 0.3
Task 55 200 0.275
Task 12 200 0.06
Task 10 200 0.05
Task 21 400 0.0525
Task 20 400 0.05
Task 20 400 0.05
Task 40 800 0.05
Task 40 800 0.05
Task 40 800 0.05
GW 0.3
Task 300 1000 0.3
-------------
048
-------------
GW 0.975
Task 23 100 0.23
Task 20 100 0.2
Task 19 100 0.19
Task 11 200 0.055
Task 10 200 0.05
Task 10 200 0.05
Task 10 200 0.05
Task 20 400 0.05
Task 40 800 0.05
Task 40 800 0.05
GW 0.9825
Task 84 200 0.42
Task 25 200 0.125
Task 14 200 0.07
Task 13 200 0.065
Task 10 200 0.05
Task 21 400 0.0525
Task 20 400 0.05
Task 20 400 0.05
Task 20 400 0.05
Task 40 800 0.05
GW 0.3
Task 300 1000 0.3
-------------
049
-------------
GW 0.97
Task 29 100 0.29
Task 27 100 0.27
Task 6 100 0.06
Task 5 100 0.05
Task 10 200 0.05
Task 10 200 0.05
Task 10 200 0.05
Task 20 400 0.05
Task 20 400 0.05
Task 40 800 0.05
GW 0.965
Task 37 100 0.37
Task 13 100 0.13
Task 10 100 0.1
Task 13 200 0.065
Task 10 200 0.05
Task 10 200 0.05
Task 20 400 0.05
Task 40 800 0.05
Task 40 800 0.05
Task 40 800 0.05
GW 0.3
Task 300 1000 0.3
-------------
050
-------------
GW 0.9875
Task 63 200 0.315
Task 41 200 0.205
Task 21 200 0.105
Task 11 200 0.055
Task 22 400 0.055
Task 21 400 0.0525
Task 20 400 0.05
Task 40 800 0.05
Task 40 800 0.05
Task 40 800 0.05
GW 0.9775
Task 33 100 0.33
Task 22 100 0.22
Task 7 100 0.07
Task 5 100 0.05
Task 11 200 0.055
Task 21 400 0.0525
Task 20 400 0.05
Task 20 400 0.05
Task 20 400 0.05
Task 20 400 0.05
GW 0.3
Task 300 1000 0.3
-------------
051
-------------
GW 0.97
Task 19 100 0.19
Task 19 100 0.19
Task 16 100 0.16
Task 13 100 0.13
Task 5 100 0.05
Task 10 200 0.05
Task 10 200 0.05
Task 20 400 0.05
Task 40 800 0.05
Task 40 800 0.05
GW 0.99
Task 36 100 0.36
Task 23 100 0.23
Task 10 200 0.05
Task 10 200 0.05
Task 10 200 0.05
Task 10 200 0.05
Task 20 400 0.05
Task 20 400 0.05
Task 20 400 0.05
Task 40 800 0.05
GW 0.3
Task 300 1000 0.3
-------------
052
-------------
GW 0.995
Task 33 100 0.33
Task 16 100 0.16
Task 13 100 0.13
Task 7 100 0.07
Task 22 400 0.055
Task 20 400 0.05
Task 20 400 0.05
Task 40 800 0.05
Task 40 800 0.05
Task 40 800 0.05
GW 0.99
Task 49 100 0.49
Task 9 100 0.09
Task 6 100 0.06
Task 10 200 0.05
Task 20 400 0.05
Task 20 400 0.05
Task 20 400 0.05
Task 20 400 0.05
Task 20 400 0.05
Task 40 800 0.05
GW 0.3
Task 300 1000 0.3
-------------
053
-------------
GW 0.985
Task 50 100 0.5
Task 17 200 0.085
Task 10 200 0.05
Task 10 200 0.05
Task 10 200 0.05
Task 10 200 0.05
Task 20 400 0.05
Task 20 400 0.05
Task 40 800 0.05
Task 40 800 0.05
GW 0.98125
Task 32 100 0.32
Task 28 200 0.14
Task 37 400 0.0925
Task 28 400 0.07
Task 27 400 0.0675
Task 26 400 0.065
Task 25 400 0.0625
Task 50 800 0.0625
Task 41 800 0.05125
Task 40 800 0.05
GW 0.3
Task 300 1000 0.3
-------------
054
-------------
GW 0.98375
Task 17 100 0.17
Task 16 100 0.16
Task 28 200 0.14
Task 27 200 0.135
Task 17 200 0.085
Task 17 200 0.085
Task 11 200 0.055
Task 21 400 0.0525
Task 41 800 0.05125
Task 40 800 0.05
GW 0.985
Task 31 100 0.31
Task 27 100 0.27
Task 11 200 0.055
Task 10 200 0.05
Task 20 400 0.05
Task 20 400 0.05
Task 20 400 0.05
Task 20 400 0.05
Task 40 800 0.05
Task 40 800 0.05
GW 0.3
Task 300 1000 0.3
-------------
055
-------------
GW 0.9875
Task 39 100 0.39
Task 14 100 0.14
Task 9 100 0.09
Task 13 200 0.065
Task 21 400 0.0525
Task 20 400 0.05
Task 20 400 0.05
Task 40 800 0.05
Task 40 800 0.05
Task 40 800 0.05
GW 0.9775
Task 27 100 0.27
Task 20 100 0.2
Task 10 100 0.1
Task 15 200 0.075
Task 13 200 0.065
Task 24 400 0.06
Task 23 400 0.0575
Task 20 400 0.05
Task 40 800 0.05
Task 40 800 0.05
GW 0.3
Task 300 1000 0.3
-------------
056
-------------
GW 0.975
Task 31 100 0.31
Task 16 100 0.16
Task 9 100 0.09
Task 15 200 0.075
Task 15 200 0.075
Task 23 400 0.0575
Task 23 400 0.0575
Task 20 400 0.05
Task 20 400 0.05
Task 40 800 0.05
GW 0.99
Task 81 200 0.405
Task 28 200 0.14
Task 14 200 0.07
Task 13 200 0.065
Task 24 400 0.06
Task 20 400 0.05
Task 20 400 0.05
Task 20 400 0.05
Task 40 800 0.05
Task 40 800 0.05
GW 0.3
Task 300 1000 0.3
-------------
057
-------------
GW 0.98
Task 35 100 0.35
Task 20 100 0.2
Task 15 200 0.075
Task 11 200 0.055
Task 20 400 0.05
Task 20 400 0.05
Task 20 400 0.05
Task 40 800 0.05
Task 40 800 0.05
Task 40 800 0.05
GW 0.975
Task 32 100 0.32
Task 21 100 0.21
Task 7 100 0.07
Task 6 100 0.06
Task 12 200 0.06
Task 11 200 0.055
Task 10 200 0.05
Task 10 200 0.05
Task 40 800 0.05
Task 40 800 0.05
GW 0.3
Task 300 1000 0.3
-------------
058
-------------
GW 0.97625
Task 25 100 0.25
Task 24 100 0.24
Task 16 200 0.08
Task 15 200 0.075
Task 14 200 0.07
Task 23 400 0.0575
Task 21 400 0.0525
Task 41 800 0.05125
Task 40 800 0.05
Task 40 800 0.05
GW 0.98
Task 50 100 0.5
Task 13 200 0.065
Task 13 200 0.065
Task 10 200 0.05
Task 20 400 0.05
Task 20 400 0.05
Task 20 400 0.05
Task 20 400 0.05
Task 20 400 0.05
Task 40 800 0.05
GW 0.3
Task 300 1000 0.3
-------------
059
-------------
GW 0.9925
Task 57 200 0.285
Task 33 200 0.165
Task 25 200 0.125
Task 18 200 0.09
Task 31 400 0.0775
Task 20 400 0.05
Task 40 800 0.05
Task 40 800 0.05
Task 40 800 0.05
Task 40 800 0.05
GW 0.99
Task 108 200 0.54
Task 10 200 0.05
Task 10 200 0.05
Task 20 400 0.05
Task 20 400 0.05
Task 20 400 0.05
Task 20 400 0.05
Task 40 800 0.05
Task 40 800 0.05
Task 40 800 0.05
GW 0.3
Task 300 1000 0.3
-------------
060
-------------
GW 0.975
Task 41 100 0.41
Task 12 100 0.12
Task 7 100 0.07
Task 6 100 0.06
Task 6 100 0.06
Task 11 200 0.055
Task 10 200 0.05
Task 20 400 0.05
Task 20 400 0.05
Task 40 800 0.05
GW 0.985
Task 27 100 0.27
Task 32 200 0.16
Task 31 200 0.155
Task 40 400 0.1
Task 20 400 0.05
Task 40 800 0.05
Task 40 800 0.05
Task 40 800 0.05
Task 40 800 0.05
Task 40 800 0.05
GW 0.3
Task 300 1000 0.3
-------------
061
-------------
GW 0.98
Task 40 100 0.4
Task 17 100 0.17
Task 6 100 0.06
Task 10 200 0.05
Task 20 400 0.05
Task 20 400 0.05
Task 20 400 0.05
Task 40 800 0.05
Task 40 800 0.05
Task 40 800 0.05
GW 0.98375
Task 48 200 0.24
Task 34 200 0.17
Task 52 400 0.13
Task 46 400 0.115
Task 27 400 0.0675
Task 23 400 0.0575
Task 21 400 0.0525
Task 41 800 0.05125
Task 40 800 0.05
Task 40 800 0.05
GW 0.3
Task 300 1000 0.3
-------------
062
-------------
GW 0.98
Task 30 100 0.3
Task 46 200 0.23
Task 16 200 0.08
Task 11 200 0.055
Task 23 400 0.0575
Task 22 400 0.055
Task 42 800 0.0525
Task 40 800 0.05
Task 40 800 0.05
Task 40 800 0.05
GW 0.97
Task 34 100 0.34
Task 16 100 0.16
Task 21 200 0.105
Task 12 200 0.06
Task 11 200 0.055
Task 10 200 0.05
Task 20 400 0.05
Task 20 400 0.05
Task 20 400 0.05
Task 40 800 0.05
GW 0.3
Task 300 1000 0.3
-------------
063
-------------
GW 0.975
Task 38 100 0.38
Task 17 100 0.17
Task 7 100 0.07
Task 11 200 0.055
Task 10 200 0.05
Task 10 200 0.05
Task 20 400 0.05
Task 20 400 0.05
Task 40 800 0.05
Task 40 800 0.05
GW 0.9875
Task 25 100 0.25
Task 50 200 0.25
Task 23 200 0.115
Task 26 400 0.065
Task 23 400 0.0575
Task 20 400 0.05
Task 20 400 0.05
Task 40 800 0.05
Task 40 800 0.05
Task 40 800 0.05
GW 0.3
Task 300 1000 0.3
-------------
064
-------------
GW 0.99
Task 91 200 0.455
Task 27 200 0.135
Task 20 400 0.05
Task 20 400 0.05
Task 20 400 0.05
Task 20 400 0.05
Task 20 400 0.05
Task 20 400 0.05
Task 20 400 0.05
Task 40 800 0.05
GW 0.97
Task 40 100 0.4
Task 12 100 0.12
Task 7 100 0.07
Task 13 200 0.065
Task 24 400 0.06
Task 21 400 0.0525
Task 20 400 0.05
Task 41 800 0.05125
Task 41 800 0.05125
Task 40 800 0.05
GW 0.3
Task 300 1000 0.3
-------------
065
-------------
GW 0.98
Task 18 100 0.18
Task 35 200 0.175
Task 28 200 0.14
Task 50 400 0.125
Task 28 400 0.07
Task 28 400 0.07
Task 28 400 0.07
Task 20 400 0.05
Task 40 800 0.05
Task 40 800 0.05
GW 0.985
Task 27 100 0.27
Task 20 100 0.2
Task 33 200 0.165
Task 10 200 0.05
Task 10 200 0.05
Task 20 400 0.05
Task 20 400 0.05
Task 20 400 0.05
Task 40 800 0.05
Task 40 800 0.05
GW 0.3
Task 300 1000 0.3
-------------
066
-------------
GW 0.985
Task 34 100 0.34
Task 46 200 0.23
Task 13 200 0.065
Task 10 200 0.05
Task 20 400 0.05
Task 20 400 0.05
Task 20 400 0.05
Task 40 800 0.05
Task 40 800 0.05
Task 40 800 0.05
GW 0.9875
Task 20 100 0.2
Task 34 200 0.17
Task 65 400 0.1625
Task 61 400 0.1525
Task 21 400 0.0525
Task 20 400 0.05
Task 20 400 0.05
Task 20 400 0.05
Task 40 800 0.05
Task 40 800 0.05
GW 0.3
Task 300 1000 0.3
-------------
067
-------------
GW 0.99
Task 50 100 0.5
Task 15 200 0.075
Task 12 200 0.06
Task 11 200 0.055
Task 20 400 0.05
Task 20 400 0.05
Task 20 400 0.05
Task 40 800 0.05
Task 40 800 0.05
Task 40 800 0.05
GW 0.97
Task 30 100 0.3
Task 13 100 0.13
Task 13 100 0.13
Task 10 100 0.1
Task 6 100 0.06
Task 5 100 0.05
Task 40 800 0.05
Task 40 800 0.05
Task 40 800 0.05
Task 40 800 0.05
GW 0.3
Task 300 1000 0.3
-------------
068
-------------
GW 0.9875
Task 41 100 0.41
Task 25 200 0.125
Task 14 200 0.07
Task 28 400 0.07
Task 23 400 0.0575
Task 22 400 0.055
Task 20 400 0.05
Task 40 800 0.05
Task 40 800 0.05
Task 40 800 0.05
GW 0.98
Task 35 100 0.35
Task 15 100 0.15
Task 8 100 0.08
Task 14 200 0.07
Task 28 400 0.07
Task 24 400 0.06
Task 20 400 0.05
Task 20 400 0.05
Task 40 800 0.05
Task 40 800 0.05
GW 0.3
Task 300 1000 0.3
-------------
069
-------------
GW 0.9925
Task 34 100 0.34
Task 36 200 0.18
Task 21 200 0.105
Task 12 200 0.06
Task 21 400 0.0525
Task 21 400 0.0525
Task 21 400 0.0525
Task 20 400 0.05
Task 40 800 0.05
Task 40 800 0.05
GW 0.98
Task 38 100 0.38
Task 19 100 0.19
Task 6 100 0.06
Task 5 100 0.05
Task 10 200 0.05
Task 10 200 0.05
Task 20 400 0.05
Task 20 400 0.05
Task 20 400 0.05
Task 40 800 0.05
GW 0.3
Task 300 1000 0.3
-------------
070
-------------
GW 0.985
Task 41 100 0.41
Task 12 100 0.12
Task 16 200 0.08
Task 15 200 0.075
Task 20 400 0.05
Task 20 400 0.05
Task 20 400 0.05
Task 20 400 0.05
Task 40 800 0.05
Task 40 800 0.05
GW 0.9775
Task 16 100 0.16
Task 16 100 0.16
Task 27 200 0.135
Task 24 200 0.12
Task 22 200 0.11
Task 17 200 0.085
Task 23 400 0.0575
Task 20 400 0.05
Task 20 400 0.05
Task 40 800 0.05
GW 0.3
Task 300 1000 0.3
-------------
071
-------------
GW 0.9775
Task 42 100 0.42
Task 10 100 0.1
Task 26 400 0.065
Task 26 400 0.065
Task 25 400 0.0625
Task 24 400 0.06
Task 21 400 0.0525
Task 41 800 0.05125
Task 41 800 0.05125
Task 40 800 0.05
GW 0.98
Task 52 100 0.52
Task 6 100 0.06
Task 5 100 0.05
Task 10 200 0.05
Task 20 400 0.05
Task 20 400 0.05
Task 40 800 0.05
Task 40 800 0.05
Task 40 800 0.05
Task 40 800 0.05
GW 0.3
Task 300 1000 0.3
-------------
072
-------------
GW 0.97875
Task 21 100 0.21
Task 15 100 0.15
Task 14 100 0.14
Task 9 100 0.09
Task 35 400 0.0875
Task 32 400 0.08
Task 25 400 0.0625
Task 44 800 0.055
Task 42 800 0.0525
Task 41 800 0.05125
GW 0.97
Task 21 100 0.21
Task 20 100 0.2
Task 13 100 0.13
Task 17 200 0.085
Task 14 200 0.07
Task 14 200 0.07
Task 22 400 0.055
Task 20 400 0.05
Task 40 800 0.05
Task 40 800 0.05
GW 0.3
Task 300 1000 0.3
-------------
073
-------------
GW 0.975
Task 30 100 0.3
Task 13 100 0.13
Task 11 100 0.11
Task 19 200 0.095
Task 18 200 0.09
Task 20 400 0.05
Task 20 400 0.05
Task 20 400 0.05
Task 20 400 0.05
Task 40 800 0.05
GW 0.965
Task 35 100 0.35
Task 13 100 0.13
Task 11 100 0.11
Task 14 200 0.07
Task 11 200 0.055
Task 10 200 0.05
Task 10 200 0.05
Task 40 800 0.05
Task 40 800 0.05
Task 40 800 0.05
GW 0.3
Task 300 1000 0.3
-------------
074
-------------
GW 0.9825
Task 42 100 0.42
Task 16 200 0.08
Task 16 200 0.08
Task 29 400 0.0725
Task 29 400 0.0725
Task 22 400 0.055
Task 42 800 0.0525
Task 40 800 0.05
Task 40 800 0.05
Task 40 800 0.05
GW 0.97
Task 23 100 0.23
Task 19 100 0.19
Task 13 100 0.13
Task 12 100 0.12
Task 5 100 0.05
Task 10 200 0.05
Task 10 200 0.05
Task 20 400 0.05
Task 40 800 0.05
Task 40 800 0.05
GW 0.3
Task 300 1000 0.3
-------------
075
-------------
GW 0.99
Task 40 100 0.4
Task 19 100 0.19
Task 10 200 0.05
Task 10 200 0.05
Task 20 400 0.05
Task 20 400 0.05
Task 20 400 0.05
Task 40 800 0.05
Task 40 800 0.05
Task 40 800 0.05
GW 0.99
Task 22 100 0.22
Task 21 100 0.21
Task 40 200 0.2
Task 12 200 0.06
Task 20 400 0.05
Task 20 400 0.05
Task 20 400 0.05
Task 20 400 0.05
Task 40 800 0.05
Task 40 800 0.05
GW 0.3
Task 300 1000 0.3
-------------
076
-------------
GW 0.985
Task 44 200 0.22
Task 31 200 0.155
Task 29 200 0.145
Task 35 400 0.0875
Task 31 400 0.0775
Task 29 400 0.0725
Task 28 400 0.07
Task 43 800 0.05375
Task 42 800 0.0525
Task 41 800 0.05125
GW 0.975
Task 34 100 0.34
Task 20 100 0.2
Task 13 200 0.065
Task 13 200 0.065
Task 11 200 0.055
Task 10 200 0.05
Task 10 200 0.05
Task 20 400 0.05
Task 20 400 0.05
Task 20 400 0.05
GW 0.3
Task 300 1000 0.3
-------------
077
-------------
GW 0.9825
Task 24 100 0.24
Task 15 100 0.15
Task 14 100 0.14
Task 18 200 0.09
Task 30 400 0.075
Task 29 400 0.0725
Task 25 400 0.0625
Task 21 400 0.0525
Task 40 800 0.05
Task 40 800 0.05
GW 0.995
Task 34 100 0.34
Task 48 200 0.24
Task 13 200 0.065
Task 20 400 0.05
Task 20 400 0.05
Task 20 400 0.05
Task 40 800 0.05
Task 40 800 0.05
Task 40 800 0.05
Task 40 800 0.05
GW 0.3
Task 300 1000 0.3
-------------
078
-------------
GW 0.99
Task 46 100 0.46
Task 13 100 0.13
Task 10 200 0.05
Task 10 200 0.05
Task 20 400 0.05
Task 20 400 0.05
Task 40 800 0.05
Task 40 800 0.05
Task 40 800 0.05
Task 40 800 0.05
GW 0.9875
Task 27 100 0.27
Task 16 100 0.16
Task 63 400 0.1575
Task 36 400 0.09
Task 24 400 0.06
Task 40 800 0.05
Task 40 800 0.05
Task 40 800 0.05
Task 40 800 0.05
Task 40 800 0.05
GW 0.3
Task 300 1000 0.3
-------------
079
-------------
GW 0.96875
Task 32 100 0.32
Task 21 100 0.21
Task 7 100 0.07
Task 13 200 0.065
Task 10 200 0.05
Task 21 400 0.0525
Task 20 400 0.05
Task 20 400 0.05
Task 41 800 0.05125
Task 40 800 0.05
GW 0.9875
Task 32 100 0.32
Task 39 200 0.195
Task 20 200 0.1
Task 29 400 0.0725
Task 20 400 0.05
Task 40 800 0.05
Task 40 800 0.05
Task 40 800 0.05
Task 40 800 0.05
Task 40 800 0.05
GW 0.3
Task 300 1000 0.3
-------------
080
-------------
GW 0.99
Task 43 100 0.43
Task 15 100 0.15
Task 6 100 0.06
Task 10 200 0.05
Task 10 200 0.05
Task 10 200 0.05
Task 20 400 0.05
Task 40 800 0.05
Task 40 800 0.05
Task 40 800 0.05
GW 0.99
Task 53 100 0.53
Task 6 100 0.06
Task 5 100 0.05
Task 5 100 0.05
Task 5 100 0.05
Task 20 400 0.05
Task 40 800 0.05
Task 40 800 0.05
Task 40 800 0.05
Task 40 800 0.05
GW 0.3
Task 300 1000 0.3
-------------
081
-------------
GW 0.965
Task 28 100 0.28
Task 17 100 0.17
Task 12 100 0.12
Task 8 100 0.08
Task 6 100 0.06
Task 11 200 0.055
Task 20 400 0.05
Task 20 400 0.05
Task 20 400 0.05
Task 40 800 0.05
GW 0.98
Task 27 100 0.27
Task 22 100 0.22
Task 11 100 0.11
Task 7 100 0.07
Task 24 400 0.06
Task 20 400 0.05
Task 20 400 0.05
Task 40 800 0.05
Task 40 800 0.05
Task 40 800 0.05
GW 0.3
Task 300 1000 0.3
-------------
082
-------------
GW 0.98
Task 38 100 0.38
Task 22 200 0.11
Task 17 200 0.085
Task 14 200 0.07
Task 28 400 0.07
Task 25 400 0.0625
Task 21 400 0.0525
Task 40 800 0.05
Task 40 800 0.05
Task 40 800 0.05
GW 0.985
Task 36 100 0.36
Task 14 100 0.14
Task 26 200 0.13
Task 11 200 0.055
Task 10 200 0.05
Task 10 200 0.05
Task 20 400 0.05
Task 20 400 0.05
Task 40 800 0.05
Task 40 800 0.05
GW 0.3
Task 300 1000 0.3
-------------
083
-------------
GW 0.965
Task 30 100 0.3
Task 19 100 0.19
Task 10 100 0.1
Task 6 100 0.06
Task 6 100 0.06
Task 11 200 0.055
Task 10 200 0.05
Task 20 400 0.05
Task 20 400 0.05
Task 40 800 0.05
GW 0.98
Task 27 100 0.27
Task 26 100 0.26
Task 9 100 0.09
Task 6 100 0.06
Task 10 200 0.05
Task 10 200 0.05
Task 10 200 0.05
Task 10 200 0.05
Task 40 800 0.05
Task 40 800 0.05
GW 0.3
Task 300 1000 0.3
-------------
084
-------------
GW 0.98
Task 99 200 0.495
Task 13 200 0.065
Task 12 200 0.06
Task 11 200 0.055
Task 21 400 0.0525
Task 21 400 0.0525
Task 20 400 0.05
Task 20 400 0.05
Task 40 800 0.05
Task 40 800 0.05
GW 0.98375
Task 24 100 0.24
Task 33 200 0.165
Task 30 200 0.15
Task 31 400 0.0775
Task 27 400 0.0675
Task 25 400 0.0625
Task 23 400 0.0575
Task 22 400 0.055
Task 44 800 0.055
Task 43 800 0.05375
GW 0.3
Task 300 1000 0.3
-------------
085
-------------
GW 0.965
Task 26 100 0.26
Task 14 100 0.14
Task 12 100 0.12
Task 12 100 0.12
Task 15 200 0.075
Task 20 400 0.05
Task 20 400 0.05
Task 20 400 0.05
Task 40 800 0.05
Task 40 800 0.05
GW 0.975
Task 39 100 0.39
Task 18 100 0.18
Task 11 200 0.055
Task 10 200 0.05
Task 10 200 0.05
Task 10 200 0.05
Task 20 400 0.05
Task 20 400 0.05
Task 20 400 0.05
Task 40 800 0.05
GW 0.3
Task 300 1000 0.3
-------------
086
-------------
GW 0.985
Task 43 100 0.43
Task 14 100 0.14
Task 12 200 0.06
Task 22 400 0.055
Task 20 400 0.05
Task 20 400 0.05
Task 40 800 0.05
Task 40 800 0.05
Task 40 800 0.05
Task 40 800 0.05
GW 0.98
Task 30 100 0.3
Task 38 200 0.19
Task 18 200 0.09
Task 18 200 0.09
Task 11 200 0.055
Task 22 400 0.055
Task 20 400 0.05
Task 20 400 0.05
Task 20 400 0.05
Task 40 800 0.05
GW 0.3
Task 300 1000 0.3
-------------
087
-------------
GW 0.98375
Task 26 100 0.26
Task 34 200 0.17
Task 21 200 0.105
Task 18 200 0.09
Task 17 200 0.085
Task 24 400 0.06
Task 24 400 0.06
Task 21 400 0.0525
Task 41 800 0.05125
Task 40 800 0.05
GW 0.995
Task 37 100 0.37
Task 41 200 0.205
Task 13 200 0.065
Task 21 400 0.0525
Task 21 400 0.0525
Task 20 400 0.05
Task 20 400 0.05
Task 40 800 0.05
Task 40 800 0.05
Task 40 800 0.05
GW 0.3
Task 300 1000 0.3
-------------
088
-------------
GW 0.985
Task 51 100 0.51
Task 12 200 0.06
Task 12 200 0.06
Task 21 400 0.0525
Task 21 400 0.0525
Task 20 400 0.05
Task 20 400 0.05
Task 40 800 0.05
Task 40 800 0.05
Task 40 800 0.05
GW 0.975
Task 32 100 0.32
Task 16 100 0.16
Task 10 100 0.1
Task 19 200 0.095
Task 10 200 0.05
Task 10 200 0.05
Task 20 400 0.05
Task 40 800 0.05
Task 40 800 0.05
Task 40 800 0.05
GW 0.3
Task 300 1000 0.3
-------------
089
-------------
GW 0.985
Task 31 100 0.31
Task 10 100 0.1
Task 19 200 0.095
Task 18 200 0.09
Task 16 200 0.08
Task 31 400 0.0775
Task 26 400 0.065
Task 24 400 0.06
Task 23 400 0.0575
Task 40 800 0.05
GW 0.9875
Task 28 100 0.28
Task 22 100 0.22
Task 15 200 0.075
Task 13 200 0.065
Task 25 400 0.0625
Task 24 400 0.06
Task 24 400 0.06
Task 23 400 0.0575
Task 43 800 0.05375
Task 43 800 0.05375
GW 0.3
Task 300 1000 0.3
-------------
090
-------------
GW 0.98
Task 36 100 0.36
Task 13 100 0.13
Task 10 100 0.1
Task 14 200 0.07
Task 23 400 0.0575
Task 23 400 0.0575
Task 43 800 0.05375
Task 41 800 0.05125
Task 40 800 0.05
Task 40 800 0.05
GW 0.96875
Task 21 100 0.21
Task 17 100 0.17
Task 14 100 0.14
Task 19 200 0.095
Task 16 200 0.08
Task 12 200 0.06
Task 24 400 0.06
Task 42 800 0.0525
Task 41 800 0.05125
Task 40 800 0.05
GW 0.3
Task 300 1000 0.3
-------------
091
-------------
GW 0.97
Task 29 100 0.29
Task 21 100 0.21
Task 10 100 0.1
Task 7 100 0.07
Task 5 100 0.05
Task 10 200 0.05
Task 20 400 0.05
Task 20 400 0.05
Task 40 800 0.05
Task 40 800 0.05
GW 0.99
Task 30 100 0.3
Task 19 100 0.19
Task 10 100 0.1
Task 20 200 0.1
Task 10 200 0.05
Task 10 200 0.05
Task 10 200 0.05
Task 10 200 0.05
Task 10 200 0.05
Task 20 400 0.05
GW 0.3
Task 300 1000 0.3
-------------
092
-------------
GW 0.97
Task 52 100 0.52
Task 5 100 0.05
Task 10 200 0.05
Task 10 200 0.05
Task 10 200 0.05
Task 20 400 0.05
Task 20 400 0.05
Task 40 800 0.05
Task 40 800 0.05
Task 40 800 0.05
GW 0.98
Task 37 100 0.37
Task 22 200 0.11
Task 20 200 0.1
Task 14 200 0.07
Task 14 200 0.07
Task 23 400 0.0575
Task 21 400 0.0525
Task 20 400 0.05
Task 20 400 0.05
Task 40 800 0.05
GW 0.3
Task 300 1000 0.3
-------------
093
-------------
GW 0.97
Task 48 100 0.48
Task 6 100 0.06
Task 6 100 0.06
Task 6 100 0.06
Task 6 100 0.06
Task 10 200 0.05
Task 20 400 0.05
Task 20 400 0.05
Task 40 800 0.05
Task 40 800 0.05
GW 0.98375
Task 48 100 0.48
Task 7 100 0.07
Task 12 200 0.06
Task 24 400 0.06
Task 22 400 0.055
Task 22 400 0.055
Task 21 400 0.0525
Task 41 800 0.05125
Task 40 800 0.05
Task 40 800 0.05
GW 0.3
Task 300 1000 0.3
-------------
094
-------------
GW 0.9925
Task 68 200 0.34
Task 41 200 0.205
Task 33 400 0.0825
Task 23 400 0.0575
Task 22 400 0.055
Task 21 400 0.0525
Task 40 800 0.05
Task 40 800 0.05
Task 40 800 0.05
Task 40 800 0.05
GW 0.985
Task 55 200 0.275
Task 30 200 0.15
Task 26 200 0.13
Task 17 200 0.085
Task 17 200 0.085
Task 11 200 0.055
Task 21 400 0.0525
Task 21 400 0.0525
Task 40 800 0.05
Task 40 800 0.05
GW 0.3
Task 300 1000 0.3
-------------
095
-------------
GW 0.9875
Task 39 100 0.39
Task 33 200 0.165
Task 14 200 0.07
Task 11 200 0.055
Task 11 200 0.055
Task 21 400 0.0525
Task 20 400 0.05
Task 40 800 0.05
Task 40 800 0.05
Task 40 800 0.05
GW 0.96125
Task 17 100 0.17
Task 14 100 0.14
Task 12 100 0.12
Task 23 200 0.115
Task 19 200 0.095
Task 15 200 0.075
Task 13 200 0.065
Task 27 400 0.0675
Task 24 400 0.06
Task 43 800 0.05375
GW 0.3
Task 300 1000 0.3
-------------
096
-------------
GW 0.98
Task 22 100 0.22
Task 16 100 0.16
Task 13 100 0.13
Task 23 200 0.115
Task 18 200 0.09
Task 12 200 0.06
Task 11 200 0.055
Task 10 200 0.05
Task 20 400 0.05
Task 40 800 0.05
GW 0.98
Task 49 100 0.49
Task 8 100 0.08
Task 6 100 0.06
Task 10 200 0.05
Task 10 200 0.05
Task 10 200 0.05
Task 20 400 0.05
Task 40 800 0.05
Task 40 800 0.05
Task 40 800 0.05
GW 0.3
Task 300 1000 0.3
-------------
097
-------------
GW 0.985
Task 31 100 0.31
Task 22 100 0.22
Task 21 200 0.105
Task 10 200 0.05
Task 20 400 0.05
Task 40 800 0.05
Task 40 800 0.05
Task 40 800 0.05
Task 40 800 0.05
Task 40 800 0.05
GW 0.97625
Task 20 100 0.2
Task 30 200 0.15
Task 27 200 0.135
Task 23 200 0.115
Task 37 400 0.0925
Task 56 800 0.07
Task 45 800 0.05625
Task 43 800 0.05375
Task 42 800 0.0525
Task 41 800 0.05125
GW 0.3
Task 300 1000 0.3
-------------
098
-------------
GW 0.9825
Task 22 100 0.22
Task 38 200 0.19
Task 59 400 0.1475
Task 30 400 0.075
Task 29 400 0.0725
Task 26 400 0.065
Task 22 400 0.055
Task 44 800 0.055
Task 42 800 0.0525
Task 40 800 0.05
GW 0.97
Task 33 100 0.33
Task 17 100 0.17
Task 12 100 0.12
Task 5 100 0.05
Task 5 100 0.05
Task 10 200 0.05
Task 20 400 0.05
Task 40 800 0.05
Task 40 800 0.05
Task 40 800 0.05
GW 0.3
Task 300 1000 0.3
-------------
099
-------------
GW 0.98
Task 31 100 0.31
Task 16 100 0.16
Task 16 100 0.16
Task 5 100 0.05
Task 5 100 0.05
Task 10 200 0.05
Task 10 200 0.05
Task 10 200 0.05
Task 20 400 0.05
Task 20 400 0.05
GW 0.9725
Task 17 100 0.17
Task 14 100 0.14
Task 11 100 0.11
Task 11 100 0.11
Task 22 200 0.11
Task 43 400 0.1075
Task 30 400 0.075
Task 20 400 0.05
Task 20 400 0.05
Task 40 800 0.05
GW 0.3
Task 300 1000 0.3
-------------
100
-------------
