Meet_R
NOFLD	myOFLD	AOFLDC	SeGW
1	1	0.832634	0.975374	
1	0.999883	0.875845	0.941362	
0.629517	0.991591	0.877743	0.857929	
1	1	0.721533	0.954349	
1	0.99859	0.7679	0.898474	
0.711705	0.990607	0.744927	0.846592	
1	1	0.586926	0.939869	
1	0.999489	0.551984	0.888135	
0.76936	0.994811	0.624443	0.826313	
1	1	0.451243	0.922766	
1	0.999763	0.452076	0.858945	
0.79954	0.99054	0.418325	0.796462	
1	1	0.230728	0.909481	
1	0.999502	0.23989	0.810242	
0.829817	0.994405	0.249845	0.759115	
1	1	0.125967	0.912209	
1	0.999877	0.15599	0.767914	
0.857101	0.993058	0.16006	0.733209	


Energy
NOFLD	myOFLD	AOFLDC	SeGW
12334.2	9526.3	9621.95	10997.1	
17535.2	9681.69	9544.29	12041.1	
17608.8	9947.43	9610.54	12742.8	
12310.1	9744.16	10018.9	11226.2	
17515.4	10156	10002.6	12291	
17608.8	10455.6	9965.68	13095.4	
12284.1	10151	10304.7	11474.8	
17487	10423.7	10334	12469	
17608.8	10877.2	10305.2	13504.5	
12252.9	10387.9	10413.9	11650.5	
17460.7	10912.7	10430	12955.3	
17608.8	11563.3	10460.1	13849.3	
12174.2	10839.6	10509.9	11866.9	
17395.8	11607.8	10500.3	13580.8	
17608.8	12042.2	10507.3	14015.2	
12069.5	11071.8	10497.8	11885.6	
17331.8	12105.5	10505.1	13882.6	
17608.8	12621.2	10510.5	14301	


Resp
NOFLD	myOFLD	AOFLDC	SeGW
573860	505453	889822	598917	
1433970	818665	986302	811442	
749450	1156506	1124108	927895	
661040	588397	1194595	746436	
1686440	977149	1310018	917438	
1071110	1375548	1286506	1112808	
745100	683729	1439011	918309	
1843965	1072787	1345533	1127179	
1342905	1611801	1506818	1311156	
842050	803415	1390989	1061141	
2086245	1296870	1380096	1366375	
1575090	1841795	1279328	1517477	
1033565	1060371	1008002	1406081	
2501300	1689724	993837	1742760	
2058425	2296776	1050687	1873071	
1256175	1342816	664958	1700036	
2895315	2093567	786487	2116274	
2572145	2904581	794636	2314196	


CloudEng
NOFLD	myOFLD	AOFLDC	SeGW
0	63618	152026	41519	
0	219190	296961	163364	
0	376942	429152	282403	
0	53470	147369	32522	
0	200845	281214	147577	
0	351167	411838	262264	
0	40664	141039	22438	
0	182279	239533	142406	
0	333923	362056	244232	
0	30801	134759	14453	
0	163925	227085	122902	
0	299548	302565	226228	
0	10782	119371	3956	
0	132700	196188	92901	
0	279808	244997	213633	
0	0	96782	0	
0	114190	168047	75605	
0	254131	210784	194046	


FogEng
NOFLD	myOFLD	AOFLDC	SeGW
3601	4772	3601	3601	
3601	4998	3601	3601	
3601	4955	3601	3601	
3601	4839	3601	3601	
3601	5113	3601	3601	
3601	5262	3601	3601	
3601	4750	3601	3601	
3601	5380	3601	3601	
3601	5436	3601	3601	
3601	4802	3601	3601	
3601	5515	3601	3601	
3601	5727	3601	3601	
3601	4865	3601	3601	
3601	5791	3601	3601	
3601	5787	3601	3601	
3601	4836	3601	3601	
3601	5801	3601	3601	
3601	6037	3601	3601	


GW_Eng
GW1	GW2	GW3
9483.35	9569.25	9546.23
9737.12	9626.26	9998.05
9899.33	9995.52	9912.41
9636.3	9852.01	9679.06
10330.1	9981.77	10227.8
10340.1	10571	10525.5
10141.4	10160.6	9502.08
10331.8	10515.6	10761.1
10882.8	10871.5	10873
10402.5	10373.4	9604.86
10946.1	10879.2	11031.1
11562.4	11564.2	11455.8
10789.6	10889.6	9731.01
11577.3	11638.3	11582.6
12018.2	12066.2	11575.1
11037.2	11106.4	9672.85
12156.9	12054.1	11603.8
12759.5	12483	12076.1


