GW 1.48625
Task 233 400 0.5825
Task 19 100 0.19
Task 149 800 0.18625
Task 56 400 0.14
Task 45 400 0.1125
Task 54 800 0.0675
Task 24 400 0.06
Task 5 100 0.05
Task 39 800 0.04875
Task 39 800 0.04875
GW 1.47875
Task 46 100 0.46
Task 129 400 0.3225
Task 78 400 0.195
Task 27 200 0.135
Task 38 400 0.095
Task 8 100 0.08
Task 40 800 0.05
Task 19 400 0.0475
Task 9 200 0.045
Task 39 800 0.04875
GW 0
-------------
001
-------------
GW 1.47375
Task 62 100 0.62
Task 122 400 0.305
Task 13 100 0.13
Task 70 800 0.0875
Task 33 400 0.0825
Task 44 800 0.055
Task 5 100 0.05
Task 20 400 0.05
Task 39 800 0.04875
Task 9 200 0.045
GW 1.4775
Task 134 200 0.67
Task 63 400 0.1575
Task 44 400 0.11
Task 22 200 0.11
Task 88 800 0.11
Task 17 200 0.085
Task 7 100 0.07
Task 24 400 0.06
Task 21 400 0.0525
Task 21 400 0.0525
GW 0
-------------
002
-------------
GW 1.47625
Task 178 200 0.89
Task 53 400 0.1325
Task 91 800 0.11375
Task 23 400 0.0575
Task 45 800 0.05625
Task 20 400 0.05
Task 4 100 0.04
Task 4 100 0.04
Task 19 400 0.0475
Task 39 800 0.04875
GW 1.47875
Task 258 400 0.645
Task 334 800 0.4175
Task 15 200 0.075
Task 11 200 0.055
Task 5 100 0.05
Task 20 400 0.05
Task 10 200 0.05
Task 4 100 0.04
Task 19 400 0.0475
Task 39 800 0.04875
GW 0
-------------
003
-------------
GW 1.4825
Task 383 800 0.47875
Task 107 400 0.2675
Task 165 800 0.20625
Task 61 400 0.1525
Task 18 200 0.09
Task 34 400 0.085
Task 6 100 0.06
Task 10 200 0.05
Task 9 200 0.045
Task 19 400 0.0475
GW 1.48375
Task 124 200 0.62
Task 303 800 0.37875
Task 51 400 0.1275
Task 12 200 0.06
Task 21 400 0.0525
Task 41 800 0.05125
Task 41 800 0.05125
Task 20 400 0.05
Task 9 200 0.045
Task 19 400 0.0475
GW 0
-------------
004
-------------
GW 1.47
Task 395 800 0.49375
Task 123 400 0.3075
Task 20 100 0.2
Task 73 800 0.09125
Task 17 200 0.085
Task 34 400 0.085
Task 6 100 0.06
Task 24 400 0.06
Task 4 100 0.04
Task 19 400 0.0475
GW 1.48125
Task 393 400 0.9825
Task 8 100 0.08
Task 8 100 0.08
Task 5 100 0.05
Task 40 800 0.05
Task 39 800 0.04875
Task 19 400 0.0475
Task 39 800 0.04875
Task 9 200 0.045
Task 39 800 0.04875
GW 0
-------------
005
-------------
GW 1.4725
Task 69 200 0.345
Task 47 200 0.235
Task 88 400 0.22
Task 33 200 0.165
Task 125 800 0.15625
Task 91 800 0.11375
Task 18 200 0.09
Task 6 100 0.06
Task 4 100 0.04
Task 19 400 0.0475
GW 1.485
Task 380 400 0.95
Task 91 800 0.11375
Task 65 800 0.08125
Task 22 400 0.055
Task 5 100 0.05
Task 19 400 0.0475
Task 19 400 0.0475
Task 9 200 0.045
Task 19 400 0.0475
Task 19 400 0.0475
GW 0
-------------
006
-------------
GW 1.47875
Task 121 200 0.605
Task 25 100 0.25
Task 26 200 0.13
Task 21 200 0.105
Task 18 200 0.09
Task 35 400 0.0875
Task 58 800 0.0725
Task 9 200 0.045
Task 9 200 0.045
Task 39 800 0.04875
GW 1.48625
Task 140 200 0.7
Task 197 800 0.24625
Task 51 400 0.1275
Task 75 800 0.09375
Task 56 800 0.07
Task 42 800 0.0525
Task 10 200 0.05
Task 5 100 0.05
Task 39 800 0.04875
Task 19 400 0.0475
GW 0
-------------
007
-------------
GW 1.48625
Task 669 800 0.83625
Task 47 200 0.235
Task 26 400 0.065
Task 24 400 0.06
Task 40 800 0.05
Task 20 400 0.05
Task 19 400 0.0475
Task 39 800 0.04875
Task 9 200 0.045
Task 39 800 0.04875
GW 1.475
Task 57 100 0.57
Task 140 400 0.35
Task 11 100 0.11
Task 38 400 0.095
Task 16 200 0.08
Task 59 800 0.07375
Task 5 100 0.05
Task 5 100 0.05
Task 19 400 0.0475
Task 39 800 0.04875
GW 0
-------------
008
-------------
GW 1.4625
Task 132 200 0.66
Task 140 400 0.35
Task 36 400 0.09
Task 16 200 0.08
Task 5 100 0.05
Task 41 800 0.05125
Task 19 400 0.0475
Task 9 200 0.045
Task 39 800 0.04875
Task 4 100 0.04
GW 1.4675
Task 280 400 0.7
Task 32 100 0.32
Task 31 400 0.0775
Task 15 200 0.075
Task 26 400 0.065
Task 10 200 0.05
Task 9 200 0.045
Task 9 200 0.045
Task 9 200 0.045
Task 9 200 0.045
GW 0
-------------
009
-------------
GW 1.4825
Task 515 800 0.64375
Task 254 800 0.3175
Task 16 100 0.16
Task 13 200 0.065
Task 5 100 0.05
Task 40 800 0.05
Task 10 200 0.05
Task 39 800 0.04875
Task 39 800 0.04875
Task 39 800 0.04875
GW 1.485
Task 106 200 0.53
Task 423 800 0.52875
Task 37 400 0.0925
Task 10 200 0.05
Task 5 100 0.05
Task 19 400 0.0475
Task 9 200 0.045
Task 19 400 0.0475
Task 39 800 0.04875
Task 9 200 0.045
GW 0
-------------
010
-------------
GW 1.4675
Task 55 100 0.55
Task 194 400 0.485
Task 79 800 0.09875
Task 24 400 0.06
Task 4 100 0.04
Task 9 200 0.045
Task 19 400 0.0475
Task 9 200 0.045
Task 39 800 0.04875
Task 19 400 0.0475
GW 1.4675
Task 658 800 0.8225
Task 20 100 0.2
Task 23 200 0.115
Task 5 100 0.05
Task 40 800 0.05
Task 19 400 0.0475
Task 39 800 0.04875
Task 9 200 0.045
Task 39 800 0.04875
Task 4 100 0.04
GW 0
-------------
011
-------------
GW 1.47125
Task 37 100 0.37
Task 70 200 0.35
Task 24 100 0.24
Task 104 800 0.13
Task 25 200 0.125
Task 6 100 0.06
Task 5 100 0.05
Task 21 400 0.0525
Task 39 800 0.04875
Task 9 200 0.045
GW 1.465
Task 44 100 0.44
Task 43 100 0.43
Task 42 200 0.21
Task 33 400 0.0825
Task 7 100 0.07
Task 23 400 0.0575
Task 19 400 0.0475
Task 4 100 0.04
Task 4 100 0.04
Task 19 400 0.0475
GW 0
-------------
012
-------------
GW 1.4575
Task 141 200 0.705
Task 16 100 0.16
Task 16 100 0.16
Task 103 800 0.12875
Task 7 100 0.07
Task 5 100 0.05
Task 20 400 0.05
Task 9 200 0.045
Task 4 100 0.04
Task 39 800 0.04875
GW 1.48125
Task 35 100 0.35
Task 219 800 0.27375
Task 70 400 0.175
Task 16 100 0.16
Task 63 400 0.1575
Task 50 400 0.125
Task 38 400 0.095
Task 19 400 0.0475
Task 39 800 0.04875
Task 39 800 0.04875
GW 0
-------------
013
-------------
GW 1.46625
Task 536 800 0.67
Task 27 100 0.27
Task 29 200 0.145
Task 7 100 0.07
Task 14 200 0.07
Task 10 200 0.05
Task 20 400 0.05
Task 39 800 0.04875
Task 9 200 0.045
Task 19 400 0.0475
GW 1.4725
Task 125 200 0.625
Task 236 800 0.295
Task 52 400 0.13
Task 24 200 0.12
Task 14 200 0.07
Task 10 200 0.05
Task 9 200 0.045
Task 4 100 0.04
Task 39 800 0.04875
Task 39 800 0.04875
GW 0
-------------
014
-------------
GW 1.48125
Task 372 800 0.465
Task 57 200 0.285
Task 193 800 0.24125
Task 18 200 0.09
Task 33 400 0.0825
Task 8 100 0.08
Task 28 400 0.07
Task 13 200 0.065
Task 42 800 0.0525
Task 20 400 0.05
GW 1.4825
Task 690 800 0.8625
Task 40 200 0.2
Task 31 400 0.0775
Task 11 200 0.055
Task 10 200 0.05
Task 5 100 0.05
Task 40 800 0.05
Task 19 400 0.0475
Task 9 200 0.045
Task 9 200 0.045
GW 0
-------------
015
-------------
GW 1.47625
Task 358 400 0.895
Task 46 400 0.115
Task 15 200 0.075
Task 58 800 0.0725
Task 7 100 0.07
Task 22 400 0.055
Task 43 800 0.05375
Task 10 200 0.05
Task 20 400 0.05
Task 4 100 0.04
GW 1.455
Task 42 100 0.42
Task 50 200 0.25
Task 43 200 0.215
Task 17 100 0.17
Task 23 200 0.115
Task 7 100 0.07
Task 14 200 0.07
Task 5 100 0.05
Task 10 200 0.05
Task 9 200 0.045
GW 0
-------------
016
-------------
GW 1.4775
Task 188 400 0.47
Task 65 200 0.325
Task 118 400 0.295
Task 71 800 0.08875
Task 6 100 0.06
Task 20 400 0.05
Task 40 800 0.05
Task 39 800 0.04875
Task 9 200 0.045
Task 9 200 0.045
GW 1.47375
Task 229 400 0.5725
Task 37 100 0.37
Task 84 800 0.105
Task 61 800 0.07625
Task 29 400 0.0725
Task 6 100 0.06
Task 12 200 0.06
Task 11 200 0.055
Task 21 400 0.0525
Task 20 400 0.05
GW 0
-------------
017
-------------
GW 1.46875
Task 83 100 0.83
Task 105 400 0.2625
Task 41 800 0.05125
Task 39 800 0.04875
Task 19 400 0.0475
Task 9 200 0.045
Task 39 800 0.04875
Task 19 400 0.0475
Task 4 100 0.04
Task 19 400 0.0475
GW 1.45875
Task 251 400 0.6275
Task 274 800 0.3425
Task 13 100 0.13
Task 19 200 0.095
Task 39 800 0.04875
Task 4 100 0.04
Task 4 100 0.04
Task 19 400 0.0475
Task 19 400 0.0475
Task 4 100 0.04
GW 0
-------------
018
-------------
GW 1.47375
Task 646 800 0.8075
Task 91 400 0.2275
Task 76 800 0.095
Task 6 100 0.06
Task 43 800 0.05375
Task 10 200 0.05
Task 19 400 0.0475
Task 4 100 0.04
Task 9 200 0.045
Task 19 400 0.0475
GW 1.47125
Task 100 200 0.5
Task 33 100 0.33
Task 112 800 0.14
Task 52 400 0.13
Task 85 800 0.10625
Task 15 200 0.075
Task 5 100 0.05
Task 40 800 0.05
Task 10 200 0.05
Task 4 100 0.04
GW 0
-------------
019
-------------
GW 1.47875
Task 621 800 0.77625
Task 95 400 0.2375
Task 55 400 0.1375
Task 20 400 0.05
Task 39 800 0.04875
Task 9 200 0.045
Task 19 400 0.0475
Task 4 100 0.04
Task 19 400 0.0475
Task 39 800 0.04875
GW 1.48
Task 460 800 0.575
Task 37 100 0.37
Task 24 200 0.12
Task 40 400 0.1
Task 13 200 0.065
Task 45 800 0.05625
Task 20 400 0.05
Task 5 100 0.05
Task 39 800 0.04875
Task 9 200 0.045
GW 0
-------------
020
-------------
GW 1.47625
Task 379 400 0.9475
Task 24 200 0.12
Task 7 100 0.07
Task 10 200 0.05
Task 5 100 0.05
Task 10 200 0.05
Task 20 400 0.05
Task 9 200 0.045
Task 39 800 0.04875
Task 9 200 0.045
GW 1.465
Task 191 200 0.955
Task 98 800 0.1225
Task 12 200 0.06
Task 11 200 0.055
Task 20 400 0.05
Task 4 100 0.04
Task 19 400 0.0475
Task 4 100 0.04
Task 19 400 0.0475
Task 19 400 0.0475
GW 0
-------------
021
-------------
GW 1.47375
Task 64 100 0.64
Task 111 400 0.2775
Task 50 400 0.125
Task 23 200 0.115
Task 32 400 0.08
Task 21 400 0.0525
Task 10 200 0.05
Task 39 800 0.04875
Task 4 100 0.04
Task 9 200 0.045
GW 1.4925
Task 265 800 0.33125
Task 125 400 0.3125
Task 218 800 0.2725
Task 131 800 0.16375
Task 13 100 0.13
Task 54 800 0.0675
Task 6 100 0.06
Task 44 800 0.055
Task 20 400 0.05
Task 5 100 0.05
GW 0
-------------
022
-------------
GW 1.475
Task 63 100 0.63
Task 32 100 0.32
Task 27 200 0.135
Task 8 100 0.08
Task 24 400 0.06
Task 11 200 0.055
Task 20 400 0.05
Task 19 400 0.0475
Task 39 800 0.04875
Task 39 800 0.04875
GW 1.47625
Task 369 800 0.46125
Task 356 800 0.445
Task 57 400 0.1425
Task 16 200 0.08
Task 8 100 0.08
Task 16 200 0.08
Task 10 200 0.05
Task 9 200 0.045
Task 19 400 0.0475
Task 9 200 0.045
GW 0
-------------
023
-------------
GW 1.47
Task 222 400 0.555
Task 158 400 0.395
Task 15 100 0.15
Task 62 800 0.0775
Task 5 100 0.05
Task 5 100 0.05
Task 21 400 0.0525
Task 20 400 0.05
Task 9 200 0.045
Task 9 200 0.045
GW 1.47625
Task 95 200 0.475
Task 44 100 0.44
Task 124 800 0.155
Task 17 200 0.085
Task 27 400 0.0675
Task 25 400 0.0625
Task 21 400 0.0525
Task 9 200 0.045
Task 9 200 0.045
Task 39 800 0.04875
GW 0
-------------
024
-------------
GW 1.47375
Task 92 100 0.92
Task 79 800 0.09875
Task 37 400 0.0925
Task 25 400 0.0625
Task 12 200 0.06
Task 5 100 0.05
Task 5 100 0.05
Task 20 400 0.05
Task 40 800 0.05
Task 4 100 0.04
GW 1.48125
Task 339 400 0.8475
Task 31 200 0.155
Task 10 100 0.1
Task 70 800 0.0875
Task 42 800 0.0525
Task 20 400 0.05
Task 40 800 0.05
Task 40 800 0.05
Task 4 100 0.04
Task 39 800 0.04875
GW 0
-------------
025
-------------
GW 1.47875
Task 55 100 0.55
Task 86 400 0.215
Task 35 200 0.175
Task 50 400 0.125
Task 36 400 0.09
Task 71 800 0.08875
Task 8 100 0.08
Task 11 200 0.055
Task 20 400 0.05
Task 10 200 0.05
GW 1.48125
Task 420 800 0.525
Task 44 200 0.22
Task 167 800 0.20875
Task 161 800 0.20125
Task 33 400 0.0825
Task 11 200 0.055
Task 10 200 0.05
Task 9 200 0.045
Task 39 800 0.04875
Task 9 200 0.045
GW 0
-------------
026
-------------
GW 1.48125
Task 515 800 0.64375
Task 319 800 0.39875
Task 15 200 0.075
Task 7 100 0.07
Task 42 800 0.0525
Task 5 100 0.05
Task 20 400 0.05
Task 39 800 0.04875
Task 9 200 0.045
Task 19 400 0.0475
GW 1.46625
Task 272 400 0.68
Task 38 100 0.38
Task 8 100 0.08
Task 10 200 0.05
Task 40 800 0.05
Task 9 200 0.045
Task 4 100 0.04
Task 39 800 0.04875
Task 19 400 0.0475
Task 9 200 0.045
GW 0
-------------
027
-------------
GW 1.47625
Task 185 200 0.925
Task 73 800 0.09125
Task 36 400 0.09
Task 15 200 0.075
Task 5 100 0.05
Task 44 800 0.055
Task 41 800 0.05125
Task 5 100 0.05
Task 4 100 0.04
Task 39 800 0.04875
GW 1.48125
Task 134 200 0.67
Task 83 200 0.415
Task 22 400 0.055
Task 10 200 0.05
Task 20 400 0.05
Task 41 800 0.05125
Task 40 800 0.05
Task 40 800 0.05
Task 9 200 0.045
Task 9 200 0.045
GW 0
-------------
028
-------------
GW 1.46
Task 160 200 0.8
Task 178 800 0.2225
Task 9 100 0.09
Task 15 200 0.075
Task 10 200 0.05
Task 10 200 0.05
Task 9 200 0.045
Task 4 100 0.04
Task 4 100 0.04
Task 19 400 0.0475
GW 1.45375
Task 277 400 0.6925
Task 282 800 0.3525
Task 6 100 0.06
Task 6 100 0.06
Task 25 400 0.0625
Task 5 100 0.05
Task 19 400 0.0475
Task 4 100 0.04
Task 4 100 0.04
Task 39 800 0.04875
GW 0
-------------
029
-------------
GW 1.465
Task 65 100 0.65
Task 107 400 0.2675
Task 18 100 0.18
Task 8 100 0.08
Task 48 800 0.06
Task 40 800 0.05
Task 10 200 0.05
Task 19 400 0.0475
Task 4 100 0.04
Task 4 100 0.04
GW 1.47875
Task 364 400 0.91
Task 67 400 0.1675
Task 30 400 0.075
Task 4 100 0.04
Task 19 400 0.0475
Task 39 800 0.04875
Task 39 800 0.04875
Task 39 800 0.04875
Task 9 200 0.045
Task 19 400 0.0475
GW 0
-------------
030
-------------
GW 1.4675
Task 101 200 0.505
Task 28 100 0.28
Task 152 800 0.19
Task 74 400 0.185
Task 50 800 0.0625
Task 5 100 0.05
Task 10 200 0.05
Task 20 400 0.05
Task 40 800 0.05
Task 9 200 0.045
GW 1.4675
Task 34 100 0.34
Task 58 200 0.29
Task 201 800 0.25125
Task 98 400 0.245
Task 65 800 0.08125
Task 7 100 0.07
Task 11 200 0.055
Task 20 400 0.05
Task 9 200 0.045
Task 4 100 0.04
GW 0
-------------
031
-------------
GW 1.47625
Task 296 800 0.37
Task 34 100 0.34
Task 59 200 0.295
Task 16 100 0.16
Task 57 800 0.07125
Task 10 200 0.05
Task 39 800 0.04875
Task 9 200 0.045
Task 39 800 0.04875
Task 19 400 0.0475
GW 1.47625
Task 55 100 0.55
Task 129 400 0.3225
Task 168 800 0.21
Task 59 800 0.07375
Task 6 100 0.06
Task 24 400 0.06
Task 45 800 0.05625
Task 11 200 0.055
Task 4 100 0.04
Task 39 800 0.04875
GW 0
-------------
032
-------------
GW 1.49375
Task 148 400 0.37
Task 29 100 0.29
Task 38 200 0.19
Task 134 800 0.1675
Task 108 800 0.135
Task 23 200 0.115
Task 13 200 0.065
Task 49 800 0.06125
Task 41 800 0.05125
Task 39 800 0.04875
GW 1.47875
Task 321 800 0.40125
Task 59 200 0.295
Task 104 400 0.26
Task 57 400 0.1425
Task 40 400 0.1
Task 31 400 0.0775
Task 6 100 0.06
Task 5 100 0.05
Task 19 400 0.0475
Task 9 200 0.045
GW 0
-------------
033
-------------
GW 1.47875
Task 360 800 0.45
Task 263 800 0.32875
Task 63 200 0.315
Task 8 100 0.08
Task 7 100 0.07
Task 19 400 0.0475
Task 9 200 0.045
Task 39 800 0.04875
Task 9 200 0.045
Task 39 800 0.04875
GW 1.46875
Task 256 800 0.32
Task 28 100 0.28
Task 100 400 0.25
Task 180 800 0.225
Task 66 400 0.165
Task 19 400 0.0475
Task 39 800 0.04875
Task 19 400 0.0475
Task 9 200 0.045
Task 4 100 0.04
GW 0
-------------
034
-------------
GW 1.48625
Task 186 200 0.93
Task 128 800 0.16
Task 43 800 0.05375
Task 10 200 0.05
Task 5 100 0.05
Task 5 100 0.05
Task 20 400 0.05
Task 5 100 0.05
Task 9 200 0.045
Task 19 400 0.0475
GW 1.46
Task 60 100 0.6
Task 251 800 0.31375
Task 15 100 0.15
Task 12 100 0.12
Task 5 100 0.05
Task 9 200 0.045
Task 9 200 0.045
Task 39 800 0.04875
Task 19 400 0.0475
Task 4 100 0.04
GW 0
-------------
035
-------------
GW 1.46875
Task 126 200 0.63
Task 357 800 0.44625
Task 59 800 0.07375
Task 39 800 0.04875
Task 4 100 0.04
Task 9 200 0.045
Task 9 200 0.045
Task 19 400 0.0475
Task 9 200 0.045
Task 19 400 0.0475
GW 1.4825
Task 519 800 0.64875
Task 136 800 0.17
Task 63 400 0.1575
Task 11 100 0.11
Task 75 800 0.09375
Task 65 800 0.08125
Task 60 800 0.075
Task 41 800 0.05125
Task 10 200 0.05
Task 9 200 0.045
GW 0
-------------
036
-------------
GW 1.45375
Task 213 400 0.5325
Task 155 400 0.3875
Task 23 100 0.23
Task 9 200 0.045
Task 4 100 0.04
Task 9 200 0.045
Task 4 100 0.04
Task 4 100 0.04
Task 9 200 0.045
Task 39 800 0.04875
GW 1.4775
Task 129 400 0.3225
Task 238 800 0.2975
Task 156 800 0.195
Task 19 100 0.19
Task 19 100 0.19
Task 19 200 0.095
Task 10 200 0.05
Task 10 200 0.05
Task 4 100 0.04
Task 19 400 0.0475
GW 0
-------------
037
-------------
GW 1.48375
Task 232 400 0.58
Task 200 800 0.25
Task 63 400 0.1575
Task 25 200 0.125
Task 50 400 0.125
Task 41 800 0.05125
Task 40 800 0.05
Task 20 400 0.05
Task 20 400 0.05
Task 9 200 0.045
GW 1.4725
Task 614 800 0.7675
Task 14 100 0.14
Task 59 400 0.1475
Task 27 200 0.135
Task 20 400 0.05
Task 10 200 0.05
Task 39 800 0.04875
Task 39 800 0.04875
Task 4 100 0.04
Task 9 200 0.045
GW 0
-------------
038
-------------
GW 1.46875
Task 112 200 0.56
Task 106 200 0.53
Task 22 400 0.055
Task 10 200 0.05
Task 10 200 0.05
Task 19 400 0.0475
Task 4 100 0.04
Task 19 400 0.0475
Task 4 100 0.04
Task 39 800 0.04875
GW 1.46125
Task 133 200 0.665
Task 39 100 0.39
Task 33 400 0.0825
Task 20 400 0.05
Task 9 200 0.045
Task 9 200 0.045
Task 9 200 0.045
Task 9 200 0.045
Task 39 800 0.04875
Task 9 200 0.045
GW 0
-------------
039
-------------
GW 1.47375
Task 198 200 0.99
Task 85 800 0.10625
Task 5 100 0.05
Task 41 800 0.05125
Task 39 800 0.04875
Task 4 100 0.04
Task 19 400 0.0475
Task 19 400 0.0475
Task 9 200 0.045
Task 19 400 0.0475
GW 1.47125
Task 144 200 0.72
Task 35 100 0.35
Task 61 800 0.07625
Task 40 800 0.05
Task 9 200 0.045
Task 19 400 0.0475
Task 39 800 0.04875
Task 39 800 0.04875
Task 9 200 0.045
Task 4 100 0.04
GW 0
-------------
040
-------------
GW 1.47375
Task 79 100 0.79
Task 113 400 0.2825
Task 50 800 0.0625
Task 24 400 0.06
Task 20 400 0.05
Task 9 200 0.045
Task 19 400 0.0475
Task 4 100 0.04
Task 39 800 0.04875
Task 19 400 0.0475
GW 1.48375
Task 397 400 0.9925
Task 18 200 0.09
Task 51 800 0.06375
Task 5 100 0.05
Task 10 200 0.05
Task 19 400 0.0475
Task 39 800 0.04875
Task 19 400 0.0475
Task 39 800 0.04875
Task 9 200 0.045
GW 0
-------------
041
-------------
GW 1.48125
Task 187 400 0.4675
Task 33 100 0.33
Task 38 200 0.19
Task 83 800 0.10375
Task 8 100 0.08
Task 32 400 0.08
Task 7 100 0.07
Task 12 200 0.06
Task 5 100 0.05
Task 10 200 0.05
GW 1.48625
Task 64 200 0.32
Task 242 800 0.3025
Task 118 400 0.295
Task 144 800 0.18
Task 38 400 0.095
Task 32 400 0.08
Task 47 800 0.05875
Task 44 800 0.055
Task 10 200 0.05
Task 10 200 0.05
GW 0
-------------
042
-------------
GW 1.4775
Task 221 400 0.5525
Task 225 800 0.28125
Task 187 800 0.23375
Task 32 400 0.08
Task 7 100 0.07
Task 13 200 0.065
Task 11 200 0.055
Task 40 800 0.05
Task 10 200 0.05
Task 4 100 0.04
GW 1.47875
Task 44 100 0.44
Task 187 800 0.23375
Task 34 200 0.17
Task 62 400 0.155
Task 41 400 0.1025
Task 37 400 0.0925
Task 36 400 0.09
Task 17 200 0.085
Task 28 400 0.07
Task 4 100 0.04
GW 0
-------------
043
-------------
GW 1.475
Task 99 200 0.495
Task 61 200 0.305
Task 16 100 0.16
Task 78 800 0.0975
Task 38 400 0.095
Task 17 200 0.085
Task 8 100 0.08
Task 23 400 0.0575
Task 10 200 0.05
Task 5 100 0.05
GW 1.47375
Task 115 200 0.575
Task 58 200 0.29
Task 145 800 0.18125
Task 116 800 0.145
Task 10 200 0.05
Task 39 800 0.04875
Task 4 100 0.04
Task 19 400 0.0475
Task 39 800 0.04875
Task 19 400 0.0475
GW 0
-------------
044
-------------
GW 1.485
Task 592 800 0.74
Task 220 800 0.275
Task 26 200 0.13
Task 46 800 0.0575
Task 39 800 0.04875
Task 19 400 0.0475
Task 39 800 0.04875
Task 4 100 0.04
Task 39 800 0.04875
Task 39 800 0.04875
GW 1.46875
Task 679 800 0.84875
Task 43 200 0.215
Task 7 100 0.07
Task 5 100 0.05
Task 43 800 0.05375
Task 20 400 0.05
Task 9 200 0.045
Task 4 100 0.04
Task 19 400 0.0475
Task 39 800 0.04875
GW 0
-------------
045
-------------
GW 1.47625
Task 218 400 0.545
Task 267 800 0.33375
Task 14 100 0.14
Task 22 200 0.11
Task 9 100 0.09
Task 27 400 0.0675
Task 10 200 0.05
Task 40 800 0.05
Task 9 200 0.045
Task 9 200 0.045
GW 1.47125
Task 56 100 0.56
Task 163 400 0.4075
Task 26 200 0.13
Task 81 800 0.10125
Task 20 400 0.05
Task 40 800 0.05
Task 4 100 0.04
Task 4 100 0.04
Task 9 200 0.045
Task 19 400 0.0475
GW 0
-------------
046
-------------
GW 1.46125
Task 99 100 0.99
Task 74 800 0.0925
Task 22 400 0.055
Task 5 100 0.05
Task 41 800 0.05125
Task 19 400 0.0475
Task 9 200 0.045
Task 9 200 0.045
Task 4 100 0.04
Task 9 200 0.045
GW 1.46875
Task 50 100 0.5
Task 365 800 0.45625
Task 63 400 0.1575
Task 12 200 0.06
Task 24 400 0.06
Task 42 800 0.0525
Task 5 100 0.05
Task 9 200 0.045
Task 4 100 0.04
Task 19 400 0.0475
GW 0
-------------
047
-------------
GW 1.48375
Task 738 800 0.9225
Task 34 200 0.17
Task 44 800 0.055
Task 5 100 0.05
Task 20 400 0.05
Task 19 400 0.0475
Task 9 200 0.045
Task 19 400 0.0475
Task 39 800 0.04875
Task 19 400 0.0475
GW 1.485
Task 236 400 0.59
Task 170 800 0.2125
Task 35 200 0.175
Task 14 100 0.14
Task 14 200 0.07
Task 58 800 0.0725
Task 24 400 0.06
Task 12 200 0.06
Task 11 200 0.055
Task 5 100 0.05
GW 0
-------------
048
-------------
GW 1.47
Task 248 400 0.62
Task 38 200 0.19
Task 16 100 0.16
Task 61 400 0.1525
Task 11 100 0.11
Task 41 800 0.05125
Task 5 100 0.05
Task 4 100 0.04
Task 39 800 0.04875
Task 19 400 0.0475
GW 1.4725
Task 302 400 0.755
Task 118 400 0.295
Task 73 800 0.09125
Task 41 800 0.05125
Task 41 800 0.05125
Task 5 100 0.05
Task 9 200 0.045
Task 4 100 0.04
Task 9 200 0.045
Task 39 800 0.04875
GW 0
-------------
049
-------------
GW 1.48375
Task 90 100 0.9
Task 47 400 0.1175
Task 76 800 0.095
Task 13 200 0.065
Task 44 800 0.055
Task 43 800 0.05375
Task 21 400 0.0525
Task 20 400 0.05
Task 5 100 0.05
Task 9 200 0.045
GW 1.47125
Task 668 800 0.835
Task 61 400 0.1525
Task 67 800 0.08375
Task 7 100 0.07
Task 58 800 0.0725
Task 48 800 0.06
Task 5 100 0.05
Task 10 200 0.05
Task 10 200 0.05
Task 19 400 0.0475
GW 0
-------------
050
-------------
GW 1.48125
Task 252 400 0.63
Task 53 200 0.265
Task 50 200 0.25
Task 10 200 0.05
Task 5 100 0.05
Task 20 400 0.05
Task 39 800 0.04875
Task 19 400 0.0475
Task 9 200 0.045
Task 9 200 0.045
GW 1.4675
Task 67 100 0.67
Task 220 800 0.275
Task 16 100 0.16
Task 7 100 0.07
Task 22 400 0.055
Task 10 200 0.05
Task 19 400 0.0475
Task 9 200 0.045
Task 19 400 0.0475
Task 19 400 0.0475
GW 0
-------------
051
-------------
GW 1.48375
Task 581 800 0.72625
Task 18 100 0.18
Task 70 400 0.175
Task 41 400 0.1025
Task 11 200 0.055
Task 21 400 0.0525
Task 20 400 0.05
Task 20 400 0.05
Task 19 400 0.0475
Task 9 200 0.045
GW 1.48875
Task 646 800 0.8075
Task 34 200 0.17
Task 17 100 0.17
Task 20 400 0.05
Task 10 200 0.05
Task 20 400 0.05
Task 20 400 0.05
Task 19 400 0.0475
Task 9 200 0.045
Task 39 800 0.04875
GW 0
-------------
052
-------------
GW 1.475
Task 462 800 0.5775
Task 95 400 0.2375
Task 22 100 0.22
Task 47 400 0.1175
Task 32 400 0.08
Task 5 100 0.05
Task 5 100 0.05
Task 5 100 0.05
Task 9 200 0.045
Task 19 400 0.0475
GW 1.475
Task 140 200 0.7
Task 152 800 0.19
Task 35 200 0.175
Task 11 100 0.11
Task 14 200 0.07
Task 20 400 0.05
Task 19 400 0.0475
Task 19 400 0.0475
Task 4 100 0.04
Task 9 200 0.045
GW 0
-------------
053
-------------
GW 1.475
Task 242 400 0.605
Task 341 800 0.42625
Task 72 800 0.09
Task 7 100 0.07
Task 47 800 0.05875
Task 9 200 0.045
Task 19 400 0.0475
Task 9 200 0.045
Task 19 400 0.0475
Task 4 100 0.04
GW 1.46125
Task 470 800 0.5875
Task 39 100 0.39
Task 13 100 0.13
Task 6 100 0.06
Task 51 800 0.06375
Task 39 800 0.04875
Task 39 800 0.04875
Task 19 400 0.0475
Task 4 100 0.04
Task 9 200 0.045
GW 0
-------------
054
-------------
GW 1.47625
Task 69 200 0.345
Task 120 400 0.3
Task 46 200 0.23
Task 69 400 0.1725
Task 23 200 0.115
Task 35 400 0.0875
Task 59 800 0.07375
Task 23 400 0.0575
Task 11 200 0.055
Task 4 100 0.04
GW 1.49125
Task 455 800 0.56875
Task 193 400 0.4825
Task 29 400 0.0725
Task 54 800 0.0675
Task 10 200 0.05
Task 42 800 0.0525
Task 40 800 0.05
Task 20 400 0.05
Task 39 800 0.04875
Task 39 800 0.04875
GW 0
-------------
055
-------------
GW 1.46625
Task 201 400 0.5025
Task 28 100 0.28
Task 144 800 0.18
Task 15 100 0.15
Task 7 100 0.07
Task 15 200 0.075
Task 12 200 0.06
Task 5 100 0.05
Task 5 100 0.05
Task 39 800 0.04875
GW 1.4575
Task 265 400 0.6625
Task 33 100 0.33
Task 111 800 0.13875
Task 6 100 0.06
Task 5 100 0.05
Task 39 800 0.04875
Task 4 100 0.04
Task 19 400 0.0475
Task 4 100 0.04
Task 4 100 0.04
GW 0
-------------
056
-------------
GW 1.46625
Task 144 200 0.72
Task 283 800 0.35375
Task 13 200 0.065
Task 23 400 0.0575
Task 9 200 0.045
Task 4 100 0.04
Task 39 800 0.04875
Task 4 100 0.04
Task 19 400 0.0475
Task 39 800 0.04875
GW 1.47
Task 555 800 0.69375
Task 317 800 0.39625
Task 5 100 0.05
Task 10 200 0.05
Task 20 400 0.05
Task 19 400 0.0475
Task 39 800 0.04875
Task 9 200 0.045
Task 39 800 0.04875
Task 4 100 0.04
GW 0
-------------
057
-------------
GW 1.47875
Task 302 400 0.755
Task 179 800 0.22375
Task 60 400 0.15
Task 12 200 0.06
Task 11 200 0.055
Task 40 800 0.05
Task 39 800 0.04875
Task 39 800 0.04875
Task 4 100 0.04
Task 19 400 0.0475
GW 1.4775
Task 334 800 0.4175
Task 101 400 0.2525
Task 22 100 0.22
Task 13 100 0.13
Task 49 400 0.1225
Task 23 200 0.115
Task 52 800 0.065
Task 22 400 0.055
Task 5 100 0.05
Task 10 200 0.05
GW 0
-------------
058
-------------
GW 1.48375
Task 65 100 0.65
Task 74 200 0.37
Task 22 200 0.11
Task 12 200 0.06
Task 5 100 0.05
Task 10 200 0.05
Task 39 800 0.04875
Task 19 400 0.0475
Task 39 800 0.04875
Task 39 800 0.04875
GW 1.46375
Task 155 200 0.775
Task 69 400 0.1725
Task 13 100 0.13
Task 7 100 0.07
Task 53 800 0.06625
Task 24 400 0.06
Task 5 100 0.05
Task 20 400 0.05
Task 20 400 0.05
Task 4 100 0.04
GW 0
-------------
059
-------------
GW 1.49
Task 105 200 0.525
Task 75 200 0.375
Task 39 200 0.195
Task 7 100 0.07
Task 26 400 0.065
Task 12 200 0.06
Task 41 800 0.05125
Task 40 800 0.05
Task 10 200 0.05
Task 39 800 0.04875
GW 1.47
Task 781 800 0.97625
Task 82 800 0.1025
Task 7 100 0.07
Task 10 200 0.05
Task 20 400 0.05
Task 9 200 0.045
Task 19 400 0.0475
Task 4 100 0.04
Task 39 800 0.04875
Task 4 100 0.04
GW 0
-------------
060
-------------
GW 1.485
Task 571 800 0.71375
Task 50 200 0.25
Task 23 200 0.115
Task 14 200 0.07
Task 7 100 0.07
Task 53 800 0.06625
Task 5 100 0.05
Task 41 800 0.05125
Task 10 200 0.05
Task 39 800 0.04875
GW 1.485
Task 46 100 0.46
Task 200 800 0.25
Task 168 800 0.21
Task 137 800 0.17125
Task 41 400 0.1025
Task 14 200 0.07
Task 46 800 0.0575
Task 45 800 0.05625
Task 11 200 0.055
Task 21 400 0.0525
GW 0
-------------
061
-------------
GW 1.4625
Task 57 100 0.57
Task 79 200 0.395
Task 10 100 0.1
Task 71 800 0.08875
Task 54 800 0.0675
Task 50 800 0.0625
Task 10 200 0.05
Task 39 800 0.04875
Task 4 100 0.04
Task 4 100 0.04
GW 1.4575
Task 283 400 0.7075
Task 158 400 0.395
Task 40 800 0.05
Task 9 200 0.045
Task 4 100 0.04
Task 19 400 0.0475
Task 4 100 0.04
Task 9 200 0.045
Task 4 100 0.04
Task 19 400 0.0475
GW 0
-------------
062
-------------
GW 1.46875
Task 74 100 0.74
Task 26 100 0.26
Task 93 800 0.11625
Task 48 800 0.06
Task 10 200 0.05
Task 5 100 0.05
Task 21 400 0.0525
Task 10 200 0.05
Task 10 200 0.05
Task 4 100 0.04
GW 1.47125
Task 707 800 0.88375
Task 17 100 0.17
Task 64 800 0.08
Task 22 400 0.055
Task 21 400 0.0525
Task 10 200 0.05
Task 19 400 0.0475
Task 19 400 0.0475
Task 9 200 0.045
Task 4 100 0.04
GW 0
-------------
063
-------------
GW 1.48375
Task 170 400 0.425
Task 144 400 0.36
Task 32 100 0.32
Task 29 400 0.0725
Task 50 800 0.0625
Task 5 100 0.05
Task 10 200 0.05
Task 19 400 0.0475
Task 39 800 0.04875
Task 19 400 0.0475
GW 1.48375
Task 191 400 0.4775
Task 58 200 0.29
Task 18 100 0.18
Task 51 400 0.1275
Task 21 200 0.105
Task 8 100 0.08
Task 30 400 0.075
Task 40 800 0.05
Task 5 100 0.05
Task 39 800 0.04875
GW 0
-------------
064
-------------
GW 1.47375
Task 61 100 0.61
Task 178 800 0.2225
Task 63 400 0.1575
Task 109 800 0.13625
Task 11 100 0.11
Task 10 200 0.05
Task 10 200 0.05
Task 20 400 0.05
Task 19 400 0.0475
Task 4 100 0.04
GW 1.47125
Task 520 800 0.65
Task 49 200 0.245
Task 142 800 0.1775
Task 30 400 0.075
Task 6 100 0.06
Task 13 200 0.065
Task 12 200 0.06
Task 10 200 0.05
Task 39 800 0.04875
Task 4 100 0.04
GW 0
-------------
065
-------------
GW 1.48625
Task 521 800 0.65125
Task 95 400 0.2375
Task 105 800 0.13125
Task 37 400 0.0925
Task 70 800 0.0875
Task 15 200 0.075
Task 12 200 0.06
Task 5 100 0.05
Task 41 800 0.05125
Task 5 100 0.05
GW 1.47625
Task 430 800 0.5375
Task 22 100 0.22
Task 153 800 0.19125
Task 12 100 0.12
Task 22 200 0.11
Task 16 200 0.08
Task 28 400 0.07
Task 5 100 0.05
Task 10 200 0.05
Task 19 400 0.0475
GW 0
-------------
066
-------------
GW 1.46125
Task 175 200 0.875
Task 29 200 0.145
Task 8 100 0.08
Task 7 100 0.07
Task 12 200 0.06
Task 20 400 0.05
Task 4 100 0.04
Task 9 200 0.045
Task 19 400 0.0475
Task 39 800 0.04875
GW 1.48125
Task 94 200 0.47
Task 115 400 0.2875
Task 167 800 0.20875
Task 30 200 0.15
Task 17 200 0.085
Task 62 800 0.0775
Task 27 400 0.0675
Task 4 100 0.04
Task 19 400 0.0475
Task 19 400 0.0475
GW 0
-------------
067
-------------
GW 1.465
Task 311 400 0.7775
Task 17 100 0.17
Task 17 100 0.17
Task 6 100 0.06
Task 10 200 0.05
Task 20 400 0.05
Task 20 400 0.05
Task 5 100 0.05
Task 4 100 0.04
Task 19 400 0.0475
GW 1.47875
Task 158 200 0.79
Task 21 200 0.105
Task 18 200 0.09
Task 73 800 0.09125
Task 8 100 0.08
Task 66 800 0.0825
Task 26 400 0.065
Task 25 400 0.0625
Task 49 800 0.06125
Task 41 800 0.05125
GW 0
-------------
068
-------------
GW 1.485
Task 70 100 0.7
Task 60 400 0.15
Task 50 400 0.125
Task 88 800 0.11
Task 66 800 0.0825
Task 14 200 0.07
Task 14 200 0.07
Task 13 200 0.065
Task 6 100 0.06
Task 21 400 0.0525
GW 1.4825
Task 120 200 0.6
Task 63 400 0.1575
Task 58 400 0.145
Task 109 800 0.13625
Task 97 800 0.12125
Task 72 800 0.09
Task 30 400 0.075
Task 25 400 0.0625
Task 20 400 0.05
Task 9 200 0.045
GW 0
-------------
069
-------------
GW 1.47125
Task 59 100 0.59
Task 183 400 0.4575
Task 6 100 0.06
Task 12 200 0.06
Task 23 400 0.0575
Task 22 400 0.055
Task 43 800 0.05375
Task 40 800 0.05
Task 19 400 0.0475
Task 4 100 0.04
GW 1.46625
Task 63 100 0.63
Task 28 100 0.28
Task 11 100 0.11
Task 21 200 0.105
Task 14 200 0.07
Task 26 400 0.065
Task 47 800 0.05875
Task 5 100 0.05
Task 5 100 0.05
Task 19 400 0.0475
GW 0
-------------
070
-------------
GW 1.47125
Task 355 400 0.8875
Task 18 100 0.18
Task 28 400 0.07
Task 11 200 0.055
Task 19 400 0.0475
Task 4 100 0.04
Task 39 800 0.04875
Task 39 800 0.04875
Task 9 200 0.045
Task 39 800 0.04875
GW 1.47375
Task 37 100 0.37
Task 60 200 0.3
Task 45 200 0.225
Task 177 800 0.22125
Task 19 200 0.095
Task 14 200 0.07
Task 43 800 0.05375
Task 9 200 0.045
Task 39 800 0.04875
Task 9 200 0.045
GW 0
-------------
071
-------------
GW 1.48375
Task 302 800 0.3775
Task 280 800 0.35
Task 254 800 0.3175
Task 49 400 0.1225
Task 8 100 0.08
Task 19 400 0.0475
Task 19 400 0.0475
Task 9 200 0.045
Task 19 400 0.0475
Task 39 800 0.04875
GW 1.4725
Task 699 800 0.87375
Task 140 800 0.175
Task 38 400 0.095
Task 10 200 0.05
Task 41 800 0.05125
Task 40 800 0.05
Task 40 800 0.05
Task 4 100 0.04
Task 19 400 0.0475
Task 4 100 0.04
GW 0
-------------
072
-------------
GW 1.46125
Task 788 800 0.985
Task 39 400 0.0975
Task 53 800 0.06625
Task 42 800 0.0525
Task 4 100 0.04
Task 19 400 0.0475
Task 4 100 0.04
Task 4 100 0.04
Task 9 200 0.045
Task 19 400 0.0475
GW 1.47375
Task 115 200 0.575
Task 351 800 0.43875
Task 16 200 0.08
Task 15 200 0.075
Task 12 200 0.06
Task 12 200 0.06
Task 5 100 0.05
Task 19 400 0.0475
Task 19 400 0.0475
Task 4 100 0.04
GW 0
-------------
073
-------------
GW 1.48625
Task 72 100 0.72
Task 34 100 0.34
Task 15 200 0.075
Task 22 400 0.055
Task 11 200 0.055
Task 5 100 0.05
Task 39 800 0.04875
Task 39 800 0.04875
Task 39 800 0.04875
Task 9 200 0.045
GW 1.45875
Task 358 800 0.4475
Task 177 400 0.4425
Task 131 800 0.16375
Task 11 100 0.11
Task 27 400 0.0675
Task 5 100 0.05
Task 5 100 0.05
Task 4 100 0.04
Task 19 400 0.0475
Task 4 100 0.04
GW 0
-------------
074
-------------
GW 1.4775
Task 170 200 0.85
Task 122 800 0.1525
Task 23 200 0.115
Task 50 800 0.0625
Task 5 100 0.05
Task 10 200 0.05
Task 20 400 0.05
Task 20 400 0.05
Task 40 800 0.05
Task 19 400 0.0475
GW 1.47625
Task 329 400 0.8225
Task 51 200 0.255
Task 23 400 0.0575
Task 22 400 0.055
Task 21 400 0.0525
Task 10 200 0.05
Task 19 400 0.0475
Task 4 100 0.04
Task 19 400 0.0475
Task 39 800 0.04875
GW 0
-------------
075
-------------
GW 1.48375
Task 225 400 0.5625
Task 46 100 0.46
Task 76 800 0.095
Task 31 400 0.0775
Task 10 200 0.05
Task 20 400 0.05
Task 19 400 0.0475
Task 39 800 0.04875
Task 9 200 0.045
Task 19 400 0.0475
GW 1.48125
Task 118 200 0.59
Task 103 400 0.2575
Task 28 200 0.14
Task 11 100 0.11
Task 42 400 0.105
Task 26 400 0.065
Task 48 800 0.06
Task 10 200 0.05
Task 43 800 0.05375
Task 40 800 0.05
GW 0
-------------
076
-------------
GW 1.48125
Task 391 400 0.9775
Task 77 800 0.09625
Task 12 200 0.06
Task 11 200 0.055
Task 5 100 0.05
Task 5 100 0.05
Task 10 200 0.05
Task 19 400 0.0475
Task 19 400 0.0475
Task 19 400 0.0475
GW 1.44625
Task 67 100 0.67
Task 40 200 0.2
Task 37 200 0.185
Task 25 200 0.125
Task 5 100 0.05
Task 4 100 0.04
Task 39 800 0.04875
Task 4 100 0.04
Task 19 400 0.0475
Task 4 100 0.04
GW 0
-------------
077
-------------
GW 1.47
Task 524 800 0.655
Task 114 400 0.285
Task 20 200 0.1
Task 9 100 0.09
Task 62 800 0.0775
Task 7 100 0.07
Task 10 200 0.05
Task 20 400 0.05
Task 19 400 0.0475
Task 9 200 0.045
GW 1.47875
Task 356 400 0.89
Task 15 100 0.15
Task 16 200 0.08
Task 48 800 0.06
Task 11 200 0.055
Task 41 800 0.05125
Task 10 200 0.05
Task 39 800 0.04875
Task 9 200 0.045
Task 39 800 0.04875
GW 0
-------------
078
-------------
GW 1.4625
Task 49 100 0.49
Task 29 100 0.29
Task 26 100 0.26
Task 10 100 0.1
Task 30 400 0.075
Task 56 800 0.07
Task 10 200 0.05
Task 19 400 0.0475
Task 4 100 0.04
Task 4 100 0.04
GW 1.48375
Task 154 400 0.385
Task 153 400 0.3825
Task 160 800 0.2
Task 11 100 0.11
Task 20 200 0.1
Task 17 200 0.085
Task 12 200 0.06
Task 24 400 0.06
Task 41 800 0.05125
Task 40 800 0.05
GW 0
-------------
079
-------------
GW 1.4775
Task 443 800 0.55375
Task 215 400 0.5375
Task 47 800 0.05875
Task 41 800 0.05125
Task 20 400 0.05
Task 9 200 0.045
Task 4 100 0.04
Task 39 800 0.04875
Task 19 400 0.0475
Task 9 200 0.045
GW 1.4675
Task 718 800 0.8975
Task 167 800 0.20875
Task 9 200 0.045
Task 9 200 0.045
Task 39 800 0.04875
Task 39 800 0.04875
Task 4 100 0.04
Task 4 100 0.04
Task 9 200 0.045
Task 39 800 0.04875
GW 0
-------------
080
-------------
GW 1.47625
Task 575 800 0.71875
Task 38 100 0.38
Task 41 800 0.05125
Task 40 800 0.05
Task 19 400 0.0475
Task 4 100 0.04
Task 19 400 0.0475
Task 19 400 0.0475
Task 9 200 0.045
Task 39 800 0.04875
GW 1.48375
Task 444 800 0.555
Task 272 800 0.34
Task 28 200 0.14
Task 95 800 0.11875
Task 24 400 0.06
Task 47 800 0.05875
Task 46 800 0.0575
Task 5 100 0.05
Task 43 800 0.05375
Task 5 100 0.05
GW 0
-------------
081
-------------
GW 1.4925
Task 388 400 0.97
Task 32 400 0.08
Task 15 200 0.075
Task 14 200 0.07
Task 10 200 0.05
Task 5 100 0.05
Task 40 800 0.05
Task 40 800 0.05
Task 39 800 0.04875
Task 39 800 0.04875
GW 1.48125
Task 522 800 0.6525
Task 90 200 0.45
Task 39 800 0.04875
Task 19 400 0.0475
Task 19 400 0.0475
Task 39 800 0.04875
Task 19 400 0.0475
Task 9 200 0.045
Task 39 800 0.04875
Task 9 200 0.045
GW 0
-------------
082
-------------
GW 1.4725
Task 670 800 0.8375
Task 16 100 0.16
Task 21 200 0.105
Task 72 800 0.09
Task 20 400 0.05
Task 39 800 0.04875
Task 4 100 0.04
Task 19 400 0.0475
Task 39 800 0.04875
Task 9 200 0.045
GW 1.4525
Task 69 100 0.69
Task 55 200 0.275
Task 70 400 0.175
Task 5 100 0.05
Task 5 100 0.05
Task 4 100 0.04
Task 19 400 0.0475
Task 4 100 0.04
Task 9 200 0.045
Task 4 100 0.04
GW 0
-------------
083
-------------
GW 1.45875
Task 46 100 0.46
Task 20 100 0.2
Task 72 400 0.18
Task 31 200 0.155
Task 12 100 0.12
Task 22 200 0.11
Task 68 800 0.085
Task 10 200 0.05
Task 20 400 0.05
Task 39 800 0.04875
GW 1.455
Task 100 200 0.5
Task 56 200 0.28
Task 95 400 0.2375
Task 12 100 0.12
Task 66 800 0.0825
Task 27 400 0.0675
Task 19 400 0.0475
Task 4 100 0.04
Task 4 100 0.04
Task 4 100 0.04
GW 0
-------------
084
-------------
GW 1.4725
Task 87 100 0.87
Task 66 400 0.165
Task 9 100 0.09
Task 45 800 0.05625
Task 5 100 0.05
Task 44 800 0.055
Task 9 200 0.045
Task 9 200 0.045
Task 19 400 0.0475
Task 39 800 0.04875
GW 1.47875
Task 65 100 0.65
Task 123 400 0.3075
Task 68 400 0.17
Task 52 800 0.065
Task 42 800 0.0525
Task 9 200 0.045
Task 39 800 0.04875
Task 19 400 0.0475
Task 9 200 0.045
Task 19 400 0.0475
GW 0
-------------
085
-------------
GW 1.45625
Task 112 200 0.56
Task 55 200 0.275
Task 52 200 0.26
Task 37 400 0.0925
Task 43 800 0.05375
Task 4 100 0.04
Task 4 100 0.04
Task 19 400 0.0475
Task 19 400 0.0475
Task 4 100 0.04
GW 1.46125
Task 468 800 0.585
Task 156 400 0.39
Task 24 200 0.12
Task 13 200 0.065
Task 52 800 0.065
Task 49 800 0.06125
Task 10 200 0.05
Task 4 100 0.04
Task 4 100 0.04
Task 9 200 0.045
GW 0
-------------
086
-------------
GW 1.46375
Task 90 100 0.9
Task 145 800 0.18125
Task 5 100 0.05
Task 5 100 0.05
Task 21 400 0.0525
Task 10 200 0.05
Task 4 100 0.04
Task 19 400 0.0475
Task 19 400 0.0475
Task 9 200 0.045
GW 1.47625
Task 46 100 0.46
Task 118 400 0.295
Task 217 800 0.27125
Task 36 400 0.09
Task 64 800 0.08
Task 30 400 0.075
Task 26 400 0.065
Task 40 800 0.05
Task 40 800 0.05
Task 4 100 0.04
GW 0
-------------
087
-------------
GW 1.47875
Task 311 400 0.7775
Task 40 200 0.2
Task 107 800 0.13375
Task 25 400 0.0625
Task 11 200 0.055
Task 23 400 0.0575
Task 20 400 0.05
Task 40 800 0.05
Task 9 200 0.045
Task 19 400 0.0475
GW 1.48
Task 310 800 0.3875
Task 151 400 0.3775
Task 42 200 0.21
Task 14 100 0.14
Task 39 400 0.0975
Task 12 200 0.06
Task 5 100 0.05
Task 46 800 0.0575
Task 5 100 0.05
Task 5 100 0.05
GW 0
-------------
088
-------------
GW 1.465
Task 355 800 0.44375
Task 288 800 0.36
Task 280 800 0.35
Task 4 100 0.04
Task 9 200 0.045
Task 9 200 0.045
Task 4 100 0.04
Task 19 400 0.0475
Task 39 800 0.04875
Task 9 200 0.045
GW 1.475
Task 339 400 0.8475
Task 31 200 0.155
Task 59 400 0.1475
Task 10 200 0.05
Task 19 400 0.0475
Task 9 200 0.045
Task 4 100 0.04
Task 39 800 0.04875
Task 9 200 0.045
Task 39 800 0.04875
GW 0
-------------
089
-------------
GW 1.47375
Task 411 800 0.51375
Task 171 400 0.4275
Task 22 200 0.11
Task 9 100 0.09
Task 16 200 0.08
Task 6 100 0.06
Task 21 400 0.0525
Task 10 200 0.05
Task 10 200 0.05
Task 4 100 0.04
GW 1.47
Task 656 800 0.82
Task 49 200 0.245
Task 6 100 0.06
Task 6 100 0.06
Task 11 200 0.055
Task 5 100 0.05
Task 40 800 0.05
Task 4 100 0.04
Task 9 200 0.045
Task 9 200 0.045
GW 0
-------------
090
-------------
GW 1.4725
Task 89 100 0.89
Task 97 800 0.12125
Task 20 200 0.1
Task 64 800 0.08
Task 5 100 0.05
Task 5 100 0.05
Task 9 200 0.045
Task 19 400 0.0475
Task 39 800 0.04875
Task 4 100 0.04
GW 1.4625
Task 72 100 0.72
Task 148 800 0.185
Task 70 400 0.175
Task 31 400 0.0775
Task 6 100 0.06
Task 5 100 0.05
Task 22 400 0.055
Task 20 400 0.05
Task 5 100 0.05
Task 4 100 0.04
GW 0
-------------
091
-------------
GW 1.46875
Task 77 100 0.77
Task 18 100 0.18
Task 88 800 0.11
Task 15 200 0.075
Task 15 200 0.075
Task 49 800 0.06125
Task 10 200 0.05
Task 42 800 0.0525
Task 10 200 0.05
Task 9 200 0.045
GW 1.47375
Task 157 200 0.785
Task 85 400 0.2125
Task 10 100 0.1
Task 16 200 0.08
Task 28 400 0.07
Task 39 800 0.04875
Task 39 800 0.04875
Task 39 800 0.04875
Task 4 100 0.04
Task 4 100 0.04
GW 0
-------------
092
-------------
GW 1.47125
Task 146 200 0.73
Task 90 400 0.225
Task 54 400 0.135
Task 39 400 0.0975
Task 5 100 0.05
Task 10 200 0.05
Task 39 800 0.04875
Task 19 400 0.0475
Task 19 400 0.0475
Task 4 100 0.04
GW 1.47875
Task 159 400 0.3975
Task 74 200 0.37
Task 18 100 0.18
Task 31 200 0.155
Task 82 800 0.1025
Task 52 800 0.065
Task 12 200 0.06
Task 5 100 0.05
Task 40 800 0.05
Task 39 800 0.04875
GW 0
-------------
093
-------------
GW 1.46125
Task 221 400 0.5525
Task 163 400 0.4075
Task 13 100 0.13
Task 29 400 0.0725
Task 28 400 0.07
Task 22 400 0.055
Task 4 100 0.04
Task 9 200 0.045
Task 4 100 0.04
Task 39 800 0.04875
GW 1.47125
Task 72 100 0.72
Task 96 400 0.24
Task 60 400 0.15
Task 22 400 0.055
Task 5 100 0.05
Task 11 200 0.055
Task 10 200 0.05
Task 41 800 0.05125
Task 10 200 0.05
Task 5 100 0.05
GW 0
-------------
094
-------------
GW 1.47375
Task 54 100 0.54
Task 86 200 0.43
Task 26 200 0.13
Task 30 400 0.075
Task 6 100 0.06
Task 10 200 0.05
Task 40 800 0.05
Task 9 200 0.045
Task 9 200 0.045
Task 39 800 0.04875
GW 1.46625
Task 66 100 0.66
Task 36 100 0.36
Task 64 800 0.08
Task 6 100 0.06
Task 6 100 0.06
Task 5 100 0.05
Task 10 200 0.05
Task 40 800 0.05
Task 39 800 0.04875
Task 19 400 0.0475
GW 0
-------------
095
-------------
GW 1.4675
Task 77 200 0.385
Task 141 400 0.3525
Task 65 200 0.325
Task 20 200 0.1
Task 12 200 0.06
Task 46 800 0.0575
Task 5 100 0.05
Task 39 800 0.04875
Task 4 100 0.04
Task 39 800 0.04875
GW 1.4675
Task 160 400 0.4
Task 73 200 0.365
Task 109 400 0.2725
Task 61 400 0.1525
Task 5 100 0.05
Task 5 100 0.05
Task 10 200 0.05
Task 19 400 0.0475
Task 4 100 0.04
Task 4 100 0.04
GW 0
-------------
096
-------------
GW 1.475
Task 209 400 0.5225
Task 196 400 0.49
Task 42 400 0.105
Task 8 100 0.08
Task 10 200 0.05
Task 9 200 0.045
Task 4 100 0.04
Task 9 200 0.045
Task 39 800 0.04875
Task 39 800 0.04875
GW 1.46875
Task 185 400 0.4625
Task 219 800 0.27375
Task 87 400 0.2175
Task 25 200 0.125
Task 11 100 0.11
Task 16 200 0.08
Task 11 200 0.055
Task 10 200 0.05
Task 10 200 0.05
Task 9 200 0.045
GW 0
-------------
097
-------------
GW 1.47625
Task 69 100 0.69
Task 42 200 0.21
Task 77 400 0.1925
Task 7 100 0.07
Task 11 200 0.055
Task 43 800 0.05375
Task 5 100 0.05
Task 42 800 0.0525
Task 21 400 0.0525
Task 10 200 0.05
GW 1.455
Task 75 200 0.375
Task 67 200 0.335
Task 253 800 0.31625
Task 14 100 0.14
Task 51 800 0.06375
Task 5 100 0.05
Task 4 100 0.04
Task 9 200 0.045
Task 9 200 0.045
Task 9 200 0.045
GW 0
-------------
098
-------------
GW 1.47625
Task 134 200 0.67
Task 108 400 0.27
Task 47 400 0.1175
Task 75 800 0.09375
Task 8 100 0.08
Task 5 100 0.05
Task 20 400 0.05
Task 39 800 0.04875
Task 39 800 0.04875
Task 19 400 0.0475
GW 1.49
Task 391 800 0.48875
Task 68 200 0.34
Task 121 800 0.15125
Task 28 200 0.14
Task 49 400 0.1225
Task 5 100 0.05
Task 20 400 0.05
Task 20 400 0.05
Task 40 800 0.05
Task 19 400 0.0475
GW 0
-------------
099
-------------
GW 1.4825
Task 396 400 0.99
Task 54 800 0.0675
Task 26 400 0.065
Task 47 800 0.05875
Task 46 800 0.0575
Task 11 200 0.055
Task 10 200 0.05
Task 20 400 0.05
Task 4 100 0.04
Task 39 800 0.04875
GW 1.4675
Task 227 400 0.5675
Task 320 800 0.4
Task 69 400 0.1725
Task 5 100 0.05
Task 20 400 0.05
Task 5 100 0.05
Task 4 100 0.04
Task 19 400 0.0475
Task 9 200 0.045
Task 9 200 0.045
GW 0
-------------
100
-------------
