GW 1.48875
Task 77 100 0.77
Task 50 200 0.25
Task 18 100 0.18
Task 56 800 0.07
Task 50 800 0.0625
Task 43 800 0.05375
Task 42 800 0.0525
Task 5 100 0.05
GW 1.47125
Task 125 200 0.625
Task 25 100 0.25
Task 136 800 0.17
Task 31 200 0.155
Task 73 800 0.09125
Task 7 100 0.07
Task 7 100 0.07
Task 4 100 0.04
GW 0
-------------
001
-------------
GW 1.4875
Task 63 100 0.63
Task 38 200 0.19
Task 34 200 0.17
Task 56 400 0.14
Task 22 200 0.11
Task 44 400 0.11
Task 64 800 0.08
Task 46 800 0.0575
GW 1.48875
Task 571 800 0.71375
Task 208 800 0.26
Task 33 200 0.165
Task 60 400 0.15
Task 45 800 0.05625
Task 5 100 0.05
Task 39 800 0.04875
Task 9 200 0.045
GW 0
-------------
002
-------------
GW 1.4825
Task 122 200 0.61
Task 117 400 0.2925
Task 168 800 0.21
Task 16 100 0.16
Task 12 200 0.06
Task 5 100 0.05
Task 20 400 0.05
Task 40 800 0.05
GW 1.4825
Task 391 400 0.9775
Task 40 200 0.2
Task 14 200 0.07
Task 42 800 0.0525
Task 4 100 0.04
Task 39 800 0.04875
Task 9 200 0.045
Task 39 800 0.04875
GW 0
-------------
003
-------------
GW 1.4775
Task 80 100 0.8
Task 107 800 0.13375
Task 53 400 0.1325
Task 11 100 0.11
Task 43 400 0.1075
Task 17 200 0.085
Task 47 800 0.05875
Task 10 200 0.05
GW 1.48125
Task 38 100 0.38
Task 60 200 0.3
Task 80 400 0.2
Task 134 800 0.1675
Task 61 400 0.1525
Task 121 800 0.15125
Task 13 200 0.065
Task 13 200 0.065
GW 0
-------------
004
-------------
GW 1.4875
Task 124 200 0.62
Task 228 400 0.57
Task 43 800 0.05375
Task 41 800 0.05125
Task 20 400 0.05
Task 5 100 0.05
Task 19 400 0.0475
Task 9 200 0.045
GW 1.48125
Task 76 200 0.38
Task 71 200 0.355
Task 212 800 0.265
Task 19 100 0.19
Task 39 400 0.0975
Task 19 200 0.095
Task 5 100 0.05
Task 39 800 0.04875
GW 0
-------------
005
-------------
GW 1.4775
Task 440 800 0.55
Task 139 400 0.3475
Task 20 100 0.2
Task 76 800 0.095
Task 36 400 0.09
Task 7 100 0.07
Task 28 400 0.07
Task 11 200 0.055
GW 1.48375
Task 613 800 0.76625
Task 175 400 0.4375
Task 19 400 0.0475
Task 19 400 0.0475
Task 19 400 0.0475
Task 19 400 0.0475
Task 9 200 0.045
Task 9 200 0.045
GW 0
-------------
006
-------------
GW 1.46375
Task 198 400 0.495
Task 231 800 0.28875
Task 21 100 0.21
Task 15 100 0.15
Task 14 100 0.14
Task 7 100 0.07
Task 6 100 0.06
Task 20 400 0.05
GW 1.4775
Task 170 200 0.85
Task 58 200 0.29
Task 59 800 0.07375
Task 55 800 0.06875
Task 49 800 0.06125
Task 39 800 0.04875
Task 4 100 0.04
Task 9 200 0.045
GW 0
-------------
007
-------------
GW 1.4875
Task 73 200 0.365
Task 56 200 0.28
Task 90 400 0.225
Task 69 400 0.1725
Task 132 800 0.165
Task 45 400 0.1125
Task 35 400 0.0875
Task 16 200 0.08
GW 1.4875
Task 177 400 0.4425
Task 43 100 0.43
Task 88 400 0.22
Task 21 200 0.105
Task 19 200 0.095
Task 71 800 0.08875
Task 43 800 0.05375
Task 21 400 0.0525
GW 0
-------------
008
-------------
GW 1.46875
Task 55 100 0.55
Task 174 800 0.2175
Task 64 400 0.16
Task 62 400 0.155
Task 13 100 0.13
Task 85 800 0.10625
Task 8 100 0.08
Task 14 200 0.07
GW 1.47375
Task 78 100 0.78
Task 39 100 0.39
Task 54 800 0.0675
Task 10 200 0.05
Task 5 100 0.05
Task 4 100 0.04
Task 39 800 0.04875
Task 19 400 0.0475
GW 0
-------------
009
-------------
GW 1.45875
Task 77 100 0.77
Task 237 800 0.29625
Task 14 100 0.14
Task 6 100 0.06
Task 21 400 0.0525
Task 21 400 0.0525
Task 19 400 0.0475
Task 4 100 0.04
GW 1.4825
Task 236 400 0.59
Task 46 100 0.46
Task 29 200 0.145
Task 64 800 0.08
Task 11 200 0.055
Task 5 100 0.05
Task 42 800 0.0525
Task 10 200 0.05
GW 0
-------------
010
-------------
GW 1.48
Task 670 800 0.8375
Task 72 200 0.36
Task 40 800 0.05
Task 20 400 0.05
Task 4 100 0.04
Task 19 400 0.0475
Task 19 400 0.0475
Task 19 400 0.0475
GW 1.4875
Task 142 200 0.71
Task 43 100 0.43
Task 7 100 0.07
Task 25 400 0.0625
Task 12 200 0.06
Task 46 800 0.0575
Task 21 400 0.0525
Task 9 200 0.045
GW 0
-------------
011
-------------
GW 1.4775
Task 500 800 0.625
Task 191 400 0.4775
Task 33 400 0.0825
Task 7 100 0.07
Task 13 200 0.065
Task 44 800 0.055
Task 21 400 0.0525
Task 10 200 0.05
GW 1.4775
Task 356 800 0.445
Task 326 800 0.4075
Task 42 200 0.21
Task 25 200 0.125
Task 78 800 0.0975
Task 33 400 0.0825
Task 14 200 0.07
Task 4 100 0.04
GW 0
-------------
012
-------------
GW 1.47875
Task 136 400 0.34
Task 28 100 0.28
Task 27 100 0.27
Task 166 800 0.2075
Task 15 100 0.15
Task 19 200 0.095
Task 69 800 0.08625
Task 5 100 0.05
GW 1.48625
Task 242 400 0.605
Task 337 800 0.42125
Task 72 400 0.18
Task 15 200 0.075
Task 51 800 0.06375
Task 39 800 0.04875
Task 9 200 0.045
Task 19 400 0.0475
GW 0
-------------
013
-------------
GW 1.48375
Task 438 800 0.5475
Task 336 800 0.42
Task 18 100 0.18
Task 56 400 0.14
Task 5 100 0.05
Task 41 800 0.05125
Task 40 800 0.05
Task 9 200 0.045
GW 1.485
Task 436 800 0.545
Task 223 800 0.27875
Task 49 200 0.245
Task 116 800 0.145
Task 34 400 0.085
Task 65 800 0.08125
Task 11 200 0.055
Task 5 100 0.05
GW 0
-------------
014
-------------
GW 1.46875
Task 85 100 0.85
Task 92 400 0.23
Task 15 100 0.15
Task 10 200 0.05
Task 20 400 0.05
Task 9 200 0.045
Task 9 200 0.045
Task 39 800 0.04875
GW 1.48875
Task 241 400 0.6025
Task 343 800 0.42875
Task 21 200 0.105
Task 31 400 0.0775
Task 7 100 0.07
Task 58 800 0.0725
Task 7 100 0.07
Task 50 800 0.0625
GW 0
-------------
015
-------------
GW 1.465
Task 53 100 0.53
Task 74 200 0.37
Task 16 100 0.16
Task 13 100 0.13
Task 24 200 0.12
Task 22 400 0.055
Task 5 100 0.05
Task 10 200 0.05
GW 1.4625
Task 667 800 0.83375
Task 134 400 0.335
Task 7 100 0.07
Task 10 200 0.05
Task 39 800 0.04875
Task 9 200 0.045
Task 4 100 0.04
Task 4 100 0.04
GW 0
-------------
016
-------------
GW 1.47625
Task 70 200 0.35
Task 130 400 0.325
Task 235 800 0.29375
Task 63 400 0.1575
Task 14 100 0.14
Task 11 100 0.11
Task 5 100 0.05
Task 5 100 0.05
GW 1.47875
Task 102 200 0.51
Task 100 200 0.5
Task 132 800 0.165
Task 30 400 0.075
Task 14 200 0.07
Task 55 800 0.06875
Task 10 200 0.05
Task 4 100 0.04
GW 0
-------------
017
-------------
GW 1.48875
Task 123 200 0.615
Task 360 800 0.45
Task 56 400 0.14
Task 9 100 0.09
Task 19 400 0.0475
Task 39 800 0.04875
Task 39 800 0.04875
Task 39 800 0.04875
GW 1.48875
Task 386 800 0.4825
Task 364 800 0.455
Task 14 100 0.14
Task 28 200 0.14
Task 47 400 0.1175
Task 47 800 0.05875
Task 40 800 0.05
Task 9 200 0.045
GW 0
-------------
018
-------------
GW 1.48375
Task 137 400 0.3425
Task 244 800 0.305
Task 93 400 0.2325
Task 21 100 0.21
Task 32 200 0.16
Task 22 200 0.11
Task 25 400 0.0625
Task 49 800 0.06125
GW 1.48125
Task 69 100 0.69
Task 158 400 0.395
Task 116 800 0.145
Task 13 200 0.065
Task 20 400 0.05
Task 39 800 0.04875
Task 19 400 0.0475
Task 4 100 0.04
GW 0
-------------
019
-------------
GW 1.475
Task 127 200 0.635
Task 29 100 0.29
Task 51 400 0.1275
Task 48 400 0.12
Task 10 100 0.1
Task 9 100 0.09
Task 12 200 0.06
Task 21 400 0.0525
GW 1.4675
Task 736 800 0.92
Task 18 100 0.18
Task 12 100 0.12
Task 12 200 0.06
Task 20 400 0.05
Task 20 400 0.05
Task 4 100 0.04
Task 19 400 0.0475
GW 0
-------------
020
-------------
GW 1.47875
Task 728 800 0.91
Task 22 200 0.11
Task 20 200 0.1
Task 79 800 0.09875
Task 8 100 0.08
Task 7 100 0.07
Task 6 100 0.06
Task 20 400 0.05
GW 1.48625
Task 66 100 0.66
Task 185 400 0.4625
Task 30 400 0.075
Task 28 400 0.07
Task 6 100 0.06
Task 23 400 0.0575
Task 42 800 0.0525
Task 39 800 0.04875
GW 0
-------------
021
-------------
GW 1.47
Task 762 800 0.9525
Task 87 400 0.2175
Task 63 800 0.07875
Task 42 800 0.0525
Task 39 800 0.04875
Task 4 100 0.04
Task 4 100 0.04
Task 4 100 0.04
GW 1.48
Task 54 100 0.54
Task 30 100 0.3
Task 22 100 0.22
Task 144 800 0.18
Task 17 200 0.085
Task 11 200 0.055
Task 5 100 0.05
Task 40 800 0.05
GW 0
-------------
022
-------------
GW 1.49625
Task 275 400 0.6875
Task 333 800 0.41625
Task 22 200 0.11
Task 59 800 0.07375
Task 47 800 0.05875
Task 5 100 0.05
Task 20 400 0.05
Task 20 400 0.05
GW 1.4675
Task 695 800 0.86875
Task 29 100 0.29
Task 7 100 0.07
Task 49 800 0.06125
Task 40 800 0.05
Task 4 100 0.04
Task 19 400 0.0475
Task 4 100 0.04
GW 0
-------------
023
-------------
GW 1.475
Task 189 400 0.4725
Task 184 400 0.46
Task 48 200 0.24
Task 23 200 0.115
Task 10 200 0.05
Task 40 800 0.05
Task 19 400 0.0475
Task 4 100 0.04
GW 1.48
Task 675 800 0.84375
Task 219 800 0.27375
Task 7 100 0.07
Task 27 400 0.0675
Task 6 100 0.06
Task 12 200 0.06
Task 11 200 0.055
Task 5 100 0.05
GW 0
-------------
024
-------------
GW 1.47625
Task 159 200 0.795
Task 57 200 0.285
Task 9 100 0.09
Task 33 400 0.0825
Task 6 100 0.06
Task 26 400 0.065
Task 20 400 0.05
Task 39 800 0.04875
GW 1.48875
Task 684 800 0.855
Task 31 200 0.155
Task 25 200 0.125
Task 23 200 0.115
Task 9 100 0.09
Task 5 100 0.05
Task 5 100 0.05
Task 39 800 0.04875
GW 0
-------------
025
-------------
GW 1.4925
Task 234 400 0.585
Task 118 400 0.295
Task 74 400 0.185
Task 129 800 0.16125
Task 18 200 0.09
Task 29 400 0.0725
Task 43 800 0.05375
Task 5 100 0.05
GW 1.47875
Task 80 100 0.8
Task 114 400 0.285
Task 54 400 0.135
Task 13 200 0.065
Task 11 200 0.055
Task 41 800 0.05125
Task 4 100 0.04
Task 19 400 0.0475
GW 0
-------------
026
-------------
GW 1.48625
Task 475 800 0.59375
Task 93 400 0.2325
Task 36 200 0.18
Task 33 200 0.165
Task 108 800 0.135
Task 14 200 0.07
Task 44 800 0.055
Task 44 800 0.055
GW 1.4875
Task 382 800 0.4775
Task 190 400 0.475
Task 31 200 0.155
Task 51 400 0.1275
Task 9 100 0.09
Task 13 200 0.065
Task 20 400 0.05
Task 19 400 0.0475
GW 0
-------------
027
-------------
GW 1.47
Task 116 200 0.58
Task 91 400 0.2275
Task 17 100 0.17
Task 31 200 0.155
Task 13 100 0.13
Task 23 200 0.115
Task 21 400 0.0525
Task 4 100 0.04
GW 1.47875
Task 45 100 0.45
Task 306 800 0.3825
Task 271 800 0.33875
Task 10 100 0.1
Task 11 200 0.055
Task 21 400 0.0525
Task 5 100 0.05
Task 5 100 0.05
GW 0
-------------
028
-------------
GW 1.47875
Task 294 400 0.735
Task 74 400 0.185
Task 14 100 0.14
Task 14 100 0.14
Task 50 400 0.125
Task 47 800 0.05875
Task 44 800 0.055
Task 4 100 0.04
GW 1.48
Task 290 400 0.725
Task 308 800 0.385
Task 11 100 0.11
Task 5 100 0.05
Task 23 400 0.0575
Task 11 200 0.055
Task 5 100 0.05
Task 19 400 0.0475
GW 0
-------------
029
-------------
GW 1.475
Task 50 100 0.5
Task 387 800 0.48375
Task 51 400 0.1275
Task 95 800 0.11875
Task 18 200 0.09
Task 14 200 0.07
Task 9 200 0.045
Task 4 100 0.04
GW 1.48125
Task 75 100 0.75
Task 119 400 0.2975
Task 14 100 0.14
Task 55 800 0.06875
Task 13 200 0.065
Task 6 100 0.06
Task 5 100 0.05
Task 20 400 0.05
GW 0
-------------
030
-------------
GW 1.47125
Task 86 100 0.86
Task 227 800 0.28375
Task 7 100 0.07
Task 47 800 0.05875
Task 5 100 0.05
Task 5 100 0.05
Task 10 200 0.05
Task 39 800 0.04875
GW 1.48875
Task 177 200 0.885
Task 36 200 0.18
Task 24 200 0.12
Task 34 400 0.085
Task 13 200 0.065
Task 45 800 0.05625
Task 20 400 0.05
Task 19 400 0.0475
GW 0
-------------
031
-------------
GW 1.465
Task 131 200 0.655
Task 54 100 0.54
Task 4 100 0.04
Task 19 400 0.0475
Task 9 200 0.045
Task 39 800 0.04875
Task 39 800 0.04875
Task 4 100 0.04
GW 1.48875
Task 600 800 0.75
Task 87 200 0.435
Task 6 100 0.06
Task 43 800 0.05375
Task 39 800 0.04875
Task 19 400 0.0475
Task 39 800 0.04875
Task 9 200 0.045
GW 0
-------------
032
-------------
GW 1.48375
Task 334 400 0.835
Task 56 200 0.28
Task 52 400 0.13
Task 20 400 0.05
Task 19 400 0.0475
Task 19 400 0.0475
Task 39 800 0.04875
Task 9 200 0.045
GW 1.48
Task 184 200 0.92
Task 18 100 0.18
Task 46 400 0.115
Task 13 200 0.065
Task 22 400 0.055
Task 11 200 0.055
Task 5 100 0.05
Task 4 100 0.04
GW 0
-------------
033
-------------
GW 1.485
Task 332 400 0.83
Task 201 800 0.25125
Task 66 400 0.165
Task 42 800 0.0525
Task 19 400 0.0475
Task 39 800 0.04875
Task 9 200 0.045
Task 9 200 0.045
GW 1.48125
Task 53 100 0.53
Task 214 800 0.2675
Task 19 100 0.19
Task 73 400 0.1825
Task 15 100 0.15
Task 24 400 0.06
Task 5 100 0.05
Task 41 800 0.05125
GW 0
-------------
034
-------------
GW 1.47125
Task 583 800 0.72875
Task 142 400 0.355
Task 122 800 0.1525
Task 23 400 0.0575
Task 5 100 0.05
Task 19 400 0.0475
Task 4 100 0.04
Task 4 100 0.04
GW 1.475
Task 263 400 0.6575
Task 286 800 0.3575
Task 62 400 0.155
Task 9 100 0.09
Task 6 100 0.06
Task 5 100 0.05
Task 22 400 0.055
Task 5 100 0.05
GW 0
-------------
035
-------------
GW 1.48125
Task 169 200 0.845
Task 68 400 0.17
Task 100 800 0.125
Task 9 100 0.09
Task 59 800 0.07375
Task 25 400 0.0625
Task 6 100 0.06
Task 22 400 0.055
GW 1.4725
Task 125 200 0.625
Task 100 400 0.25
Task 162 800 0.2025
Task 30 200 0.15
Task 20 200 0.1
Task 24 400 0.06
Task 9 200 0.045
Task 4 100 0.04
GW 0
-------------
036
-------------
GW 1.48
Task 165 200 0.825
Task 89 400 0.2225
Task 20 200 0.1
Task 20 200 0.1
Task 15 200 0.075
Task 5 100 0.05
Task 46 800 0.0575
Task 5 100 0.05
GW 1.4925
Task 527 800 0.65875
Task 113 400 0.2825
Task 147 800 0.18375
Task 15 100 0.15
Task 51 800 0.06375
Task 44 800 0.055
Task 20 400 0.05
Task 39 800 0.04875
GW 0
-------------
037
-------------
GW 1.4925
Task 269 400 0.6725
Task 368 800 0.46
Task 29 400 0.0725
Task 13 200 0.065
Task 12 200 0.06
Task 46 800 0.0575
Task 11 200 0.055
Task 40 800 0.05
GW 1.485
Task 256 400 0.64
Task 94 200 0.47
Task 9 100 0.09
Task 17 200 0.085
Task 22 400 0.055
Task 40 800 0.05
Task 20 400 0.05
Task 9 200 0.045
GW 0
-------------
038
-------------
GW 1.475
Task 644 800 0.805
Task 60 200 0.3
Task 79 800 0.09875
Task 33 400 0.0825
Task 43 800 0.05375
Task 5 100 0.05
Task 9 200 0.045
Task 4 100 0.04
GW 1.4875
Task 102 200 0.51
Task 312 800 0.39
Task 82 400 0.205
Task 34 200 0.17
Task 53 800 0.06625
Task 42 800 0.0525
Task 39 800 0.04875
Task 9 200 0.045
GW 0
-------------
039
-------------
GW 1.47125
Task 197 200 0.985
Task 102 800 0.1275
Task 8 100 0.08
Task 54 800 0.0675
Task 53 800 0.06625
Task 5 100 0.05
Task 5 100 0.05
Task 9 200 0.045
GW 1.4825
Task 95 100 0.95
Task 26 200 0.13
Task 34 400 0.085
Task 8 100 0.08
Task 32 400 0.08
Task 6 100 0.06
Task 20 400 0.05
Task 19 400 0.0475
GW 0
-------------
040
-------------
GW 1.4725
Task 637 800 0.79625
Task 23 100 0.23
Task 149 800 0.18625
Task 28 400 0.07
Task 22 400 0.055
Task 5 100 0.05
Task 4 100 0.04
Task 9 200 0.045
GW 1.4875
Task 65 100 0.65
Task 186 400 0.465
Task 18 200 0.09
Task 16 200 0.08
Task 42 800 0.0525
Task 5 100 0.05
Task 5 100 0.05
Task 10 200 0.05
GW 0
-------------
041
-------------
GW 1.47125
Task 199 200 0.995
Task 78 800 0.0975
Task 9 100 0.09
Task 17 200 0.085
Task 6 100 0.06
Task 5 100 0.05
Task 9 200 0.045
Task 39 800 0.04875
GW 1.49
Task 627 800 0.78375
Task 89 400 0.2225
Task 23 200 0.115
Task 89 800 0.11125
Task 33 400 0.0825
Task 26 400 0.065
Task 6 100 0.06
Task 5 100 0.05
GW 0
-------------
042
-------------
GW 1.48375
Task 347 400 0.8675
Task 14 100 0.14
Task 102 800 0.1275
Task 11 100 0.11
Task 9 100 0.09
Task 21 400 0.0525
Task 39 800 0.04875
Task 19 400 0.0475
GW 1.485
Task 136 200 0.68
Task 76 200 0.38
Task 16 100 0.16
Task 26 400 0.065
Task 5 100 0.05
Task 21 400 0.0525
Task 10 200 0.05
Task 19 400 0.0475
GW 0
-------------
043
-------------
GW 1.48125
Task 68 100 0.68
Task 112 400 0.28
Task 178 800 0.2225
Task 15 200 0.075
Task 13 200 0.065
Task 11 200 0.055
Task 21 400 0.0525
Task 41 800 0.05125
GW 1.48875
Task 98 200 0.49
Task 41 100 0.41
Task 16 100 0.16
Task 125 800 0.15625
Task 52 400 0.13
Task 19 400 0.0475
Task 19 400 0.0475
Task 19 400 0.0475
GW 0
-------------
044
-------------
GW 1.49125
Task 190 400 0.475
Task 88 200 0.44
Task 21 100 0.21
Task 56 400 0.14
Task 6 100 0.06
Task 12 200 0.06
Task 46 800 0.0575
Task 39 800 0.04875
GW 1.47625
Task 195 400 0.4875
Task 77 200 0.385
Task 50 200 0.25
Task 10 100 0.1
Task 71 800 0.08875
Task 13 200 0.065
Task 5 100 0.05
Task 5 100 0.05
GW 0
-------------
045
-------------
GW 1.49375
Task 49 100 0.49
Task 375 800 0.46875
Task 111 400 0.2775
Task 50 800 0.0625
Task 10 200 0.05
Task 10 200 0.05
Task 19 400 0.0475
Task 19 400 0.0475
GW 1.47375
Task 149 200 0.745
Task 18 100 0.18
Task 32 200 0.16
Task 112 800 0.14
Task 19 200 0.095
Task 11 200 0.055
Task 10 200 0.05
Task 39 800 0.04875
GW 0
-------------
046
-------------
GW 1.48875
Task 640 800 0.8
Task 28 100 0.28
Task 99 800 0.12375
Task 17 200 0.085
Task 5 100 0.05
Task 10 200 0.05
Task 40 800 0.05
Task 40 800 0.05
GW 1.47875
Task 376 400 0.94
Task 150 800 0.1875
Task 98 800 0.1225
Task 20 400 0.05
Task 39 800 0.04875
Task 9 200 0.045
Task 4 100 0.04
Task 9 200 0.045
GW 0
-------------
047
-------------
GW 1.4775
Task 154 200 0.77
Task 40 200 0.2
Task 14 100 0.14
Task 27 200 0.135
Task 27 400 0.0675
Task 6 100 0.06
Task 11 200 0.055
Task 5 100 0.05
GW 1.4825
Task 54 100 0.54
Task 143 400 0.3575
Task 160 800 0.2
Task 41 400 0.1025
Task 33 400 0.0825
Task 64 800 0.08
Task 14 200 0.07
Task 10 200 0.05
GW 0
-------------
048
-------------
GW 1.47
Task 357 400 0.8925
Task 219 800 0.27375
Task 7 100 0.07
Task 5 100 0.05
Task 5 100 0.05
Task 4 100 0.04
Task 9 200 0.045
Task 39 800 0.04875
GW 1.48125
Task 73 100 0.73
Task 47 200 0.235
Task 43 200 0.215
Task 77 800 0.09625
Task 22 400 0.055
Task 10 200 0.05
Task 10 200 0.05
Task 20 400 0.05
GW 0
-------------
049
-------------
GW 1.465
Task 87 100 0.87
Task 18 100 0.18
Task 59 400 0.1475
Task 34 400 0.085
Task 43 800 0.05375
Task 4 100 0.04
Task 39 800 0.04875
Task 4 100 0.04
GW 1.4825
Task 368 800 0.46
Task 331 800 0.41375
Task 125 800 0.15625
Task 47 400 0.1175
Task 10 100 0.1
Task 19 200 0.095
Task 9 100 0.09
Task 40 800 0.05
GW 0
-------------
050
-------------
GW 1.475
Task 52 100 0.52
Task 60 200 0.3
Task 182 800 0.2275
Task 130 800 0.1625
Task 41 400 0.1025
Task 25 400 0.0625
Task 5 100 0.05
Task 10 200 0.05
GW 1.48625
Task 50 100 0.5
Task 165 400 0.4125
Task 87 400 0.2175
Task 15 100 0.15
Task 49 800 0.06125
Task 10 200 0.05
Task 40 800 0.05
Task 9 200 0.045
GW 0
-------------
051
-------------
GW 1.4775
Task 160 200 0.8
Task 33 200 0.165
Task 60 400 0.15
Task 28 200 0.14
Task 7 100 0.07
Task 24 400 0.06
Task 9 200 0.045
Task 19 400 0.0475
GW 1.47875
Task 188 200 0.94
Task 22 100 0.22
Task 30 400 0.075
Task 11 200 0.055
Task 44 800 0.055
Task 9 200 0.045
Task 4 100 0.04
Task 39 800 0.04875
GW 0
-------------
052
-------------
GW 1.48625
Task 201 400 0.5025
Task 249 800 0.31125
Task 51 200 0.255
Task 25 200 0.125
Task 88 800 0.11
Task 16 200 0.08
Task 21 400 0.0525
Task 5 100 0.05
GW 1.4825
Task 208 400 0.52
Task 172 400 0.43
Task 196 800 0.245
Task 81 800 0.10125
Task 20 400 0.05
Task 39 800 0.04875
Task 19 400 0.0475
Task 4 100 0.04
GW 0
-------------
053
-------------
GW 1.46125
Task 61 100 0.61
Task 24 100 0.24
Task 15 100 0.15
Task 24 200 0.12
Task 85 800 0.10625
Task 38 400 0.095
Task 8 100 0.08
Task 6 100 0.06
GW 1.475
Task 97 200 0.485
Task 36 100 0.36
Task 61 200 0.305
Task 34 400 0.085
Task 30 400 0.075
Task 6 100 0.06
Task 22 400 0.055
Task 5 100 0.05
GW 0
-------------
054
-------------
GW 1.475
Task 398 400 0.995
Task 49 400 0.1225
Task 17 200 0.085
Task 56 800 0.07
Task 5 100 0.05
Task 5 100 0.05
Task 22 400 0.055
Task 19 400 0.0475
GW 1.48125
Task 121 200 0.605
Task 85 200 0.425
Task 28 200 0.14
Task 73 800 0.09125
Task 14 200 0.07
Task 5 100 0.05
Task 10 200 0.05
Task 20 400 0.05
GW 0
-------------
055
-------------
GW 1.4875
Task 64 100 0.64
Task 44 100 0.44
Task 94 800 0.1175
Task 37 400 0.0925
Task 40 800 0.05
Task 20 400 0.05
Task 5 100 0.05
Task 19 400 0.0475
GW 1.48
Task 121 200 0.605
Task 96 200 0.48
Task 21 200 0.105
Task 9 100 0.09
Task 11 200 0.055
Task 10 200 0.05
Task 19 400 0.0475
Task 19 400 0.0475
GW 0
-------------
056
-------------
GW 1.48875
Task 90 200 0.45
Task 36 100 0.36
Task 34 200 0.17
Task 113 800 0.14125
Task 13 100 0.13
Task 26 200 0.13
Task 22 400 0.055
Task 42 800 0.0525
GW 1.49
Task 108 200 0.54
Task 75 200 0.375
Task 176 800 0.22
Task 113 800 0.14125
Task 46 800 0.0575
Task 43 800 0.05375
Task 21 400 0.0525
Task 5 100 0.05
GW 0
-------------
057
-------------
GW 1.47625
Task 53 100 0.53
Task 318 800 0.3975
Task 87 400 0.2175
Task 25 200 0.125
Task 45 800 0.05625
Task 5 100 0.05
Task 5 100 0.05
Task 10 200 0.05
GW 1.475
Task 592 800 0.74
Task 57 200 0.285
Task 20 100 0.2
Task 6 100 0.06
Task 42 800 0.0525
Task 40 800 0.05
Task 19 400 0.0475
Task 4 100 0.04
GW 0
-------------
058
-------------
GW 1.49125
Task 165 400 0.4125
Task 222 800 0.2775
Task 49 200 0.245
Task 158 800 0.1975
Task 153 800 0.19125
Task 25 400 0.0625
Task 22 400 0.055
Task 20 400 0.05
GW 1.49125
Task 288 400 0.72
Task 269 800 0.33625
Task 101 800 0.12625
Task 77 800 0.09625
Task 28 400 0.07
Task 9 200 0.045
Task 39 800 0.04875
Task 39 800 0.04875
GW 0
-------------
059
-------------
GW 1.47
Task 87 100 0.87
Task 16 100 0.16
Task 108 800 0.135
Task 11 100 0.11
Task 10 200 0.05
Task 10 200 0.05
Task 40 800 0.05
Task 9 200 0.045
GW 1.485
Task 493 800 0.61625
Task 37 100 0.37
Task 30 200 0.15
Task 107 800 0.13375
Task 26 400 0.065
Task 5 100 0.05
Task 40 800 0.05
Task 40 800 0.05
GW 0
-------------
060
-------------
GW 1.485
Task 135 200 0.675
Task 231 800 0.28875
Task 58 400 0.145
Task 28 200 0.14
Task 34 400 0.085
Task 10 200 0.05
Task 41 800 0.05125
Task 10 200 0.05
GW 1.48125
Task 723 800 0.90375
Task 34 200 0.17
Task 41 400 0.1025
Task 9 100 0.09
Task 13 200 0.065
Task 5 100 0.05
Task 10 200 0.05
Task 20 400 0.05
GW 0
-------------
061
-------------
GW 1.48125
Task 436 800 0.545
Task 395 800 0.49375
Task 12 100 0.12
Task 35 400 0.0875
Task 35 400 0.0875
Task 21 400 0.0525
Task 5 100 0.05
Task 9 200 0.045
GW 1.49
Task 688 800 0.86
Task 97 400 0.2425
Task 19 200 0.095
Task 28 400 0.07
Task 50 800 0.0625
Task 43 800 0.05375
Task 21 400 0.0525
Task 43 800 0.05375
GW 0
-------------
062
-------------
GW 1.47125
Task 88 200 0.44
Task 41 100 0.41
Task 72 200 0.36
Task 25 400 0.0625
Task 12 200 0.06
Task 40 800 0.05
Task 4 100 0.04
Task 39 800 0.04875
GW 1.47875
Task 212 400 0.53
Task 59 200 0.295
Task 215 800 0.26875
Task 13 100 0.13
Task 39 400 0.0975
Task 27 400 0.0675
Task 9 200 0.045
Task 9 200 0.045
GW 0
-------------
063
-------------
GW 1.4825
Task 313 400 0.7825
Task 96 400 0.24
Task 19 100 0.19
Task 50 800 0.0625
Task 12 200 0.06
Task 42 800 0.0525
Task 10 200 0.05
Task 9 200 0.045
GW 1.46875
Task 110 200 0.55
Task 37 100 0.37
Task 115 800 0.14375
Task 11 100 0.11
Task 9 100 0.09
Task 68 800 0.085
Task 7 100 0.07
Task 5 100 0.05
GW 0
-------------
064
-------------
GW 1.48875
Task 481 800 0.60125
Task 213 400 0.5325
Task 58 800 0.0725
Task 29 400 0.0725
Task 48 800 0.06
Task 5 100 0.05
Task 5 100 0.05
Task 5 100 0.05
GW 1.48625
Task 333 800 0.41625
Task 65 200 0.325
Task 238 800 0.2975
Task 44 200 0.22
Task 13 200 0.065
Task 25 400 0.0625
Task 10 200 0.05
Task 40 800 0.05
GW 0
-------------
065
-------------
GW 1.48375
Task 477 800 0.59625
Task 408 800 0.51
Task 39 400 0.0975
Task 16 200 0.08
Task 45 800 0.05625
Task 20 400 0.05
Task 39 800 0.04875
Task 9 200 0.045
GW 1.475
Task 187 200 0.935
Task 86 400 0.215
Task 18 200 0.09
Task 20 400 0.05
Task 20 400 0.05
Task 4 100 0.04
Task 19 400 0.0475
Task 19 400 0.0475
GW 0
-------------
066
-------------
GW 1.48125
Task 169 400 0.4225
Task 302 800 0.3775
Task 259 800 0.32375
Task 12 100 0.12
Task 7 100 0.07
Task 6 100 0.06
Task 23 400 0.0575
Task 5 100 0.05
GW 1.48625
Task 266 400 0.665
Task 27 100 0.27
Task 46 200 0.23
Task 49 400 0.1225
Task 22 400 0.055
Task 19 400 0.0475
Task 19 400 0.0475
Task 39 800 0.04875
GW 0
-------------
067
-------------
GW 1.48875
Task 623 800 0.77875
Task 221 800 0.27625
Task 24 200 0.12
Task 35 400 0.0875
Task 28 400 0.07
Task 12 200 0.06
Task 19 400 0.0475
Task 39 800 0.04875
GW 1.475
Task 237 400 0.5925
Task 263 800 0.32875
Task 25 100 0.25
Task 8 100 0.08
Task 29 400 0.0725
Task 23 400 0.0575
Task 39 800 0.04875
Task 9 200 0.045
GW 0
-------------
068
-------------
GW 1.485
Task 258 400 0.645
Task 117 400 0.2925
Task 208 800 0.26
Task 68 800 0.085
Task 12 200 0.06
Task 10 200 0.05
Task 19 400 0.0475
Task 9 200 0.045
GW 1.46
Task 190 200 0.95
Task 40 200 0.2
Task 34 400 0.085
Task 5 100 0.05
Task 10 200 0.05
Task 4 100 0.04
Task 4 100 0.04
Task 9 200 0.045
GW 0
-------------
069
-------------
GW 1.48
Task 56 100 0.56
Task 314 800 0.3925
Task 17 100 0.17
Task 14 100 0.14
Task 23 400 0.0575
Task 47 800 0.05875
Task 10 200 0.05
Task 41 800 0.05125
GW 1.48625
Task 433 800 0.54125
Task 78 200 0.39
Task 204 800 0.255
Task 10 100 0.1
Task 11 200 0.055
Task 20 400 0.05
Task 19 400 0.0475
Task 19 400 0.0475
GW 0
-------------
070
-------------
GW 1.47375
Task 399 800 0.49875
Task 180 400 0.45
Task 43 200 0.215
Task 9 100 0.09
Task 15 200 0.075
Task 23 400 0.0575
Task 4 100 0.04
Task 19 400 0.0475
GW 1.4775
Task 181 400 0.4525
Task 40 100 0.4
Task 23 100 0.23
Task 38 400 0.095
Task 9 100 0.09
Task 32 400 0.08
Task 32 400 0.08
Task 10 200 0.05
GW 0
-------------
071
-------------
GW 1.48125
Task 651 800 0.81375
Task 83 400 0.2075
Task 140 800 0.175
Task 7 100 0.07
Task 45 800 0.05625
Task 22 400 0.055
Task 43 800 0.05375
Task 5 100 0.05
GW 1.475
Task 139 200 0.695
Task 269 800 0.33625
Task 62 400 0.155
Task 72 800 0.09
Task 6 100 0.06
Task 20 400 0.05
Task 39 800 0.04875
Task 4 100 0.04
GW 0
-------------
072
-------------
GW 1.48125
Task 91 200 0.455
Task 78 200 0.39
Task 30 100 0.3
Task 91 800 0.11375
Task 27 400 0.0675
Task 10 200 0.05
Task 21 400 0.0525
Task 42 800 0.0525
GW 1.48625
Task 151 200 0.755
Task 319 800 0.39875
Task 26 400 0.065
Task 25 400 0.0625
Task 45 800 0.05625
Task 20 400 0.05
Task 41 800 0.05125
Task 19 400 0.0475
GW 0
-------------
073
-------------
GW 1.465
Task 156 200 0.78
Task 27 100 0.27
Task 23 200 0.115
Task 9 100 0.09
Task 6 100 0.06
Task 5 100 0.05
Task 5 100 0.05
Task 40 800 0.05
GW 1.48625
Task 176 400 0.44
Task 34 100 0.34
Task 44 200 0.22
Task 15 100 0.15
Task 111 800 0.13875
Task 37 400 0.0925
Task 11 200 0.055
Task 10 200 0.05
GW 0
-------------
074
-------------
GW 1.48375
Task 87 200 0.435
Task 158 400 0.395
Task 205 800 0.25625
Task 75 400 0.1875
Task 11 200 0.055
Task 44 800 0.055
Task 10 200 0.05
Task 20 400 0.05
GW 1.48125
Task 74 100 0.74
Task 39 100 0.39
Task 31 400 0.0775
Task 25 400 0.0625
Task 49 800 0.06125
Task 42 800 0.0525
Task 40 800 0.05
Task 19 400 0.0475
GW 0
-------------
075
-------------
GW 1.475
Task 48 100 0.48
Task 276 800 0.345
Task 141 800 0.17625
Task 125 800 0.15625
Task 46 400 0.115
Task 41 400 0.1025
Task 5 100 0.05
Task 5 100 0.05
GW 1.485
Task 107 200 0.535
Task 85 200 0.425
Task 149 800 0.18625
Task 104 800 0.13
Task 24 400 0.06
Task 10 200 0.05
Task 10 200 0.05
Task 39 800 0.04875
GW 0
-------------
076
-------------
GW 1.48875
Task 79 100 0.79
Task 64 200 0.32
Task 22 200 0.11
Task 6 100 0.06
Task 23 400 0.0575
Task 5 100 0.05
Task 41 800 0.05125
Task 40 800 0.05
GW 1.465
Task 555 800 0.69375
Task 57 200 0.285
Task 14 100 0.14
Task 44 400 0.11
Task 16 200 0.08
Task 6 100 0.06
Task 45 800 0.05625
Task 4 100 0.04
GW 0
-------------
077
-------------
GW 1.48625
Task 645 800 0.80625
Task 77 400 0.1925
Task 23 200 0.115
Task 22 200 0.11
Task 36 400 0.09
Task 25 400 0.0625
Task 24 400 0.06
Task 40 800 0.05
GW 1.48375
Task 105 200 0.525
Task 95 200 0.475
Task 15 100 0.15
Task 36 400 0.09
Task 62 800 0.0775
Task 13 200 0.065
Task 45 800 0.05625
Task 9 200 0.045
GW 0
-------------
078
-------------
GW 1.47
Task 84 100 0.84
Task 18 100 0.18
Task 32 200 0.16
Task 64 800 0.08
Task 14 200 0.07
Task 5 100 0.05
Task 10 200 0.05
Task 4 100 0.04
GW 1.4825
Task 92 100 0.92
Task 107 800 0.13375
Task 41 400 0.1025
Task 63 800 0.07875
Task 7 100 0.07
Task 25 400 0.0625
Task 24 400 0.06
Task 44 800 0.055
GW 0
-------------
079
-------------
GW 1.485
Task 183 200 0.915
Task 18 100 0.18
Task 84 800 0.105
Task 8 100 0.08
Task 23 400 0.0575
Task 5 100 0.05
Task 39 800 0.04875
Task 39 800 0.04875
GW 1.49
Task 494 800 0.6175
Task 103 400 0.2575
Task 202 800 0.2525
Task 10 100 0.1
Task 38 400 0.095
Task 14 200 0.07
Task 20 400 0.05
Task 19 400 0.0475
GW 0
-------------
080
-------------
GW 1.4875
Task 260 400 0.65
Task 351 800 0.43875
Task 18 200 0.09
Task 62 800 0.0775
Task 53 800 0.06625
Task 23 400 0.0575
Task 23 400 0.0575
Task 10 200 0.05
GW 1.48375
Task 105 200 0.525
Task 298 800 0.3725
Task 70 400 0.175
Task 30 200 0.15
Task 37 400 0.0925
Task 12 200 0.06
Task 44 800 0.055
Task 43 800 0.05375
GW 0
-------------
081
-------------
GW 1.48125
Task 633 800 0.79125
Task 30 100 0.3
Task 108 800 0.135
Task 25 400 0.0625
Task 10 200 0.05
Task 9 200 0.045
Task 39 800 0.04875
Task 39 800 0.04875
GW 1.47875
Task 187 200 0.935
Task 129 800 0.16125
Task 53 400 0.1325
Task 26 400 0.065
Task 5 100 0.05
Task 5 100 0.05
Task 9 200 0.045
Task 4 100 0.04
GW 0
-------------
082
-------------
GW 1.4875
Task 254 400 0.635
Task 362 800 0.4525
Task 21 200 0.105
Task 31 400 0.0775
Task 6 100 0.06
Task 21 400 0.0525
Task 43 800 0.05375
Task 41 800 0.05125
GW 1.48625
Task 196 200 0.98
Task 24 200 0.12
Task 45 400 0.1125
Task 28 400 0.07
Task 6 100 0.06
Task 5 100 0.05
Task 9 200 0.045
Task 39 800 0.04875
GW 0
-------------
083
-------------
GW 1.485
Task 88 200 0.44
Task 240 800 0.3
Task 170 800 0.2125
Task 30 200 0.15
Task 49 400 0.1225
Task 44 400 0.11
Task 72 800 0.09
Task 6 100 0.06
GW 1.4675
Task 306 400 0.765
Task 86 200 0.43
Task 5 100 0.05
Task 40 800 0.05
Task 4 100 0.04
Task 4 100 0.04
Task 9 200 0.045
Task 19 400 0.0475
GW 0
-------------
084
-------------
GW 1.48
Task 151 200 0.755
Task 25 100 0.25
Task 26 200 0.13
Task 20 200 0.1
Task 15 200 0.075
Task 28 400 0.07
Task 10 200 0.05
Task 10 200 0.05
GW 1.48
Task 62 100 0.62
Task 53 100 0.53
Task 28 400 0.07
Task 11 200 0.055
Task 44 800 0.055
Task 10 200 0.05
Task 10 200 0.05
Task 20 400 0.05
GW 0
-------------
085
-------------
GW 1.47375
Task 97 200 0.485
Task 91 200 0.455
Task 127 800 0.15875
Task 12 100 0.12
Task 46 400 0.115
Task 5 100 0.05
Task 10 200 0.05
Task 4 100 0.04
GW 1.48125
Task 683 800 0.85375
Task 41 200 0.205
Task 17 100 0.17
Task 11 200 0.055
Task 5 100 0.05
Task 41 800 0.05125
Task 39 800 0.04875
Task 19 400 0.0475
GW 0
-------------
086
-------------
GW 1.47875
Task 199 200 0.995
Task 55 400 0.1375
Task 18 200 0.09
Task 25 400 0.0625
Task 24 400 0.06
Task 9 200 0.045
Task 4 100 0.04
Task 39 800 0.04875
GW 1.48
Task 89 200 0.445
Task 333 800 0.41625
Task 147 400 0.3675
Task 23 400 0.0575
Task 5 100 0.05
Task 10 200 0.05
Task 39 800 0.04875
Task 9 200 0.045
GW 0
-------------
087
-------------
GW 1.48
Task 61 100 0.61
Task 67 200 0.335
Task 36 200 0.18
Task 10 100 0.1
Task 7 100 0.07
Task 27 400 0.0675
Task 27 400 0.0675
Task 40 800 0.05
GW 1.49
Task 55 100 0.55
Task 208 400 0.52
Task 25 200 0.125
Task 16 200 0.08
Task 6 100 0.06
Task 12 200 0.06
Task 40 800 0.05
Task 9 200 0.045
GW 0
-------------
088
-------------
GW 1.48
Task 377 800 0.47125
Task 143 400 0.3575
Task 170 800 0.2125
Task 143 800 0.17875
Task 17 200 0.085
Task 14 200 0.07
Task 5 100 0.05
Task 11 200 0.055
GW 1.48375
Task 75 100 0.75
Task 85 400 0.2125
Task 26 200 0.13
Task 49 400 0.1225
Task 70 800 0.0875
Task 33 400 0.0825
Task 20 400 0.05
Task 39 800 0.04875
GW 0
-------------
089
-------------
GW 1.4775
Task 126 200 0.63
Task 54 200 0.27
Task 167 800 0.20875
Task 144 800 0.18
Task 5 100 0.05
Task 20 400 0.05
Task 39 800 0.04875
Task 4 100 0.04
GW 1.48375
Task 640 800 0.8
Task 62 200 0.31
Task 36 400 0.09
Task 7 100 0.07
Task 6 100 0.06
Task 5 100 0.05
Task 43 800 0.05375
Task 5 100 0.05
GW 0
-------------
090
-------------
GW 1.49375
Task 438 800 0.5475
Task 128 400 0.32
Task 109 400 0.2725
Task 41 400 0.1025
Task 65 800 0.08125
Task 25 400 0.0625
Task 23 400 0.0575
Task 5 100 0.05
GW 1.475
Task 173 200 0.865
Task 29 100 0.29
Task 57 800 0.07125
Task 43 800 0.05375
Task 5 100 0.05
Task 10 200 0.05
Task 40 800 0.05
Task 9 200 0.045
GW 0
-------------
091
-------------
GW 1.4775
Task 175 200 0.875
Task 14 100 0.14
Task 48 400 0.12
Task 39 400 0.0975
Task 15 200 0.075
Task 14 200 0.07
Task 40 800 0.05
Task 10 200 0.05
GW 1.48125
Task 305 400 0.7625
Task 233 800 0.29125
Task 22 200 0.11
Task 8 100 0.08
Task 29 400 0.0725
Task 28 400 0.07
Task 5 100 0.05
Task 9 200 0.045
GW 0
-------------
092
-------------
GW 1.47875
Task 294 400 0.735
Task 169 400 0.4225
Task 7 100 0.07
Task 49 800 0.06125
Task 5 100 0.05
Task 19 400 0.0475
Task 19 400 0.0475
Task 9 200 0.045
GW 1.485
Task 546 800 0.6825
Task 143 400 0.3575
Task 21 200 0.105
Task 16 200 0.08
Task 58 800 0.0725
Task 29 400 0.0725
Task 6 100 0.06
Task 11 200 0.055
GW 0
-------------
093
-------------
GW 1.48125
Task 104 200 0.52
Task 27 100 0.27
Task 38 200 0.19
Task 117 800 0.14625
Task 23 200 0.115
Task 20 200 0.1
Task 36 400 0.09
Task 5 100 0.05
GW 1.4775
Task 348 400 0.87
Task 53 200 0.265
Task 15 200 0.075
Task 6 100 0.06
Task 45 800 0.05625
Task 10 200 0.05
Task 5 100 0.05
Task 41 800 0.05125
GW 0
-------------
094
-------------
GW 1.485
Task 67 200 0.335
Task 61 200 0.305
Task 187 800 0.23375
Task 38 200 0.19
Task 34 200 0.17
Task 93 800 0.11625
Task 8 100 0.08
Task 11 200 0.055
GW 1.48
Task 124 200 0.62
Task 91 200 0.455
Task 97 800 0.12125
Task 13 200 0.065
Task 51 800 0.06375
Task 22 400 0.055
Task 10 200 0.05
Task 10 200 0.05
GW 0
-------------
095
-------------
GW 1.49125
Task 60 100 0.6
Task 272 800 0.34
Task 79 400 0.1975
Task 71 800 0.08875
Task 34 400 0.085
Task 7 100 0.07
Task 12 200 0.06
Task 20 400 0.05
GW 1.47875
Task 273 400 0.6825
Task 45 100 0.45
Task 9 100 0.09
Task 6 100 0.06
Task 5 100 0.05
Task 40 800 0.05
Task 19 400 0.0475
Task 39 800 0.04875
GW 0
-------------
096
-------------
GW 1.4825
Task 384 400 0.96
Task 154 800 0.1925
Task 62 800 0.0775
Task 5 100 0.05
Task 10 200 0.05
Task 21 400 0.0525
Task 20 400 0.05
Task 20 400 0.05
GW 1.48
Task 268 800 0.335
Task 28 100 0.28
Task 23 100 0.23
Task 91 400 0.2275
Task 58 400 0.145
Task 24 200 0.12
Task 16 200 0.08
Task 50 800 0.0625
GW 0
-------------
097
-------------
GW 1.48875
Task 505 800 0.63125
Task 166 400 0.415
Task 10 100 0.1
Task 84 800 0.105
Task 32 400 0.08
Task 11 200 0.055
Task 42 800 0.0525
Task 10 200 0.05
GW 1.4925
Task 354 400 0.885
Task 31 200 0.155
Task 13 100 0.13
Task 39 400 0.0975
Task 50 800 0.0625
Task 23 400 0.0575
Task 22 400 0.055
Task 40 800 0.05
GW 0
-------------
098
-------------
GW 1.48875
Task 773 800 0.96625
Task 23 200 0.115
Task 75 800 0.09375
Task 9 100 0.09
Task 57 800 0.07125
Task 46 800 0.0575
Task 20 400 0.05
Task 9 200 0.045
GW 1.48875
Task 551 800 0.68875
Task 266 800 0.3325
Task 78 400 0.195
Task 27 400 0.0675
Task 6 100 0.06
Task 5 100 0.05
Task 20 400 0.05
Task 9 200 0.045
GW 0
-------------
099
-------------
GW 1.47125
Task 538 800 0.6725
Task 41 100 0.41
Task 103 800 0.12875
Task 7 100 0.07
Task 5 100 0.05
Task 10 200 0.05
Task 40 800 0.05
Task 4 100 0.04
GW 1.46875
Task 700 800 0.875
Task 85 400 0.2125
Task 14 100 0.14
Task 5 100 0.05
Task 23 400 0.0575
Task 39 800 0.04875
Task 9 200 0.045
Task 4 100 0.04
GW 0
-------------
100
-------------
