GW 0.4775
Task 42 400 0.105
Task 57 800 0.07125
Task 14 200 0.07
Task 42 800 0.0525
Task 40 800 0.05
Task 39 800 0.04875
Task 4 100 0.04
Task 4 100 0.04
GW 0.475
Task 120 800 0.15
Task 10 200 0.05
Task 40 800 0.05
Task 4 100 0.04
Task 9 200 0.045
Task 9 200 0.045
Task 19 400 0.0475
Task 19 400 0.0475
GW 0
-------------
001
-------------
GW 0.4925
Task 19 200 0.095
Task 59 800 0.07375
Task 13 200 0.065
Task 12 200 0.06
Task 5 100 0.05
Task 10 200 0.05
Task 10 200 0.05
Task 39 800 0.04875
GW 0.48375
Task 27 400 0.0675
Task 55 800 0.06875
Task 27 400 0.0675
Task 6 100 0.06
Task 46 800 0.0575
Task 11 200 0.055
Task 22 400 0.055
Task 42 800 0.0525
GW 0
-------------
002
-------------
GW 0.4675
Task 13 100 0.13
Task 6 100 0.06
Task 5 100 0.05
Task 4 100 0.04
Task 19 400 0.0475
Task 9 200 0.045
Task 19 400 0.0475
Task 19 400 0.0475
GW 0.4825
Task 41 400 0.1025
Task 6 100 0.06
Task 6 100 0.06
Task 12 200 0.06
Task 20 400 0.05
Task 10 200 0.05
Task 10 200 0.05
Task 20 400 0.05
GW 0
-------------
003
-------------
GW 0.475
Task 39 400 0.0975
Task 17 200 0.085
Task 48 800 0.06
Task 5 100 0.05
Task 39 800 0.04875
Task 4 100 0.04
Task 39 800 0.04875
Task 9 200 0.045
GW 0.48125
Task 30 200 0.15
Task 43 800 0.05375
Task 9 200 0.045
Task 4 100 0.04
Task 19 400 0.0475
Task 39 800 0.04875
Task 19 400 0.0475
Task 39 800 0.04875
GW 0
-------------
004
-------------
GW 0.48
Task 19 200 0.095
Task 8 100 0.08
Task 12 200 0.06
Task 10 200 0.05
Task 10 200 0.05
Task 10 200 0.05
Task 10 200 0.05
Task 9 200 0.045
GW 0.47125
Task 24 200 0.12
Task 12 200 0.06
Task 5 100 0.05
Task 5 100 0.05
Task 39 800 0.04875
Task 39 800 0.04875
Task 39 800 0.04875
Task 9 200 0.045
GW 0
-------------
005
-------------
GW 0.485
Task 105 800 0.13125
Task 25 400 0.0625
Task 23 400 0.0575
Task 39 800 0.04875
Task 39 800 0.04875
Task 19 400 0.0475
Task 39 800 0.04875
Task 4 100 0.04
GW 0.4925
Task 9 100 0.09
Task 59 800 0.07375
Task 27 400 0.0675
Task 23 400 0.0575
Task 42 800 0.0525
Task 41 800 0.05125
Task 10 200 0.05
Task 10 200 0.05
GW 0
-------------
006
-------------
GW 0.4775
Task 50 400 0.125
Task 50 800 0.0625
Task 49 800 0.06125
Task 41 800 0.05125
Task 5 100 0.05
Task 4 100 0.04
Task 4 100 0.04
Task 19 400 0.0475
GW 0.46875
Task 58 400 0.145
Task 10 200 0.05
Task 5 100 0.05
Task 9 200 0.045
Task 39 800 0.04875
Task 4 100 0.04
Task 9 200 0.045
Task 9 200 0.045
GW 0
-------------
007
-------------
GW 0.4675
Task 53 400 0.1325
Task 6 100 0.06
Task 5 100 0.05
Task 4 100 0.04
Task 4 100 0.04
Task 19 400 0.0475
Task 39 800 0.04875
Task 39 800 0.04875
GW 0.47
Task 9 100 0.09
Task 29 400 0.0725
Task 6 100 0.06
Task 6 100 0.06
Task 5 100 0.05
Task 39 800 0.04875
Task 4 100 0.04
Task 39 800 0.04875
GW 0
-------------
008
-------------
GW 0.47625
Task 10 100 0.1
Task 19 200 0.095
Task 40 800 0.05
Task 19 400 0.0475
Task 39 800 0.04875
Task 19 400 0.0475
Task 19 400 0.0475
Task 4 100 0.04
GW 0.475
Task 83 800 0.10375
Task 18 200 0.09
Task 42 800 0.0525
Task 40 800 0.05
Task 9 200 0.045
Task 4 100 0.04
Task 39 800 0.04875
Task 9 200 0.045
GW 0
-------------
009
-------------
GW 0.49125
Task 72 800 0.09
Task 14 200 0.07
Task 12 200 0.06
Task 49 800 0.06125
Task 11 200 0.055
Task 22 400 0.055
Task 5 100 0.05
Task 5 100 0.05
GW 0.4925
Task 36 400 0.09
Task 53 800 0.06625
Task 50 800 0.0625
Task 12 200 0.06
Task 47 800 0.05875
Task 21 400 0.0525
Task 42 800 0.0525
Task 40 800 0.05
GW 0
-------------
010
-------------
GW 0.49
Task 113 800 0.14125
Task 48 800 0.06
Task 10 200 0.05
Task 39 800 0.04875
Task 39 800 0.04875
Task 9 200 0.045
Task 39 800 0.04875
Task 19 400 0.0475
GW 0.48125
Task 41 400 0.1025
Task 7 100 0.07
Task 50 800 0.0625
Task 5 100 0.05
Task 41 800 0.05125
Task 20 400 0.05
Task 19 400 0.0475
Task 19 400 0.0475
GW 0
-------------
011
-------------
GW 0.4825
Task 105 800 0.13125
Task 48 800 0.06
Task 6 100 0.06
Task 10 200 0.05
Task 19 400 0.0475
Task 9 200 0.045
Task 39 800 0.04875
Task 4 100 0.04
GW 0.48625
Task 40 400 0.1
Task 67 800 0.08375
Task 25 400 0.0625
Task 5 100 0.05
Task 20 400 0.05
Task 19 400 0.0475
Task 19 400 0.0475
Task 9 200 0.045
GW 0
-------------
012
-------------
GW 0.47375
Task 14 100 0.14
Task 47 800 0.05875
Task 20 400 0.05
Task 40 800 0.05
Task 19 400 0.0475
Task 19 400 0.0475
Task 4 100 0.04
Task 4 100 0.04
GW 0.48375
Task 9 100 0.09
Task 32 400 0.08
Task 6 100 0.06
Task 22 400 0.055
Task 10 200 0.05
Task 10 200 0.05
Task 40 800 0.05
Task 39 800 0.04875
GW 0
-------------
013
-------------
GW 0.4825
Task 36 400 0.09
Task 17 200 0.085
Task 6 100 0.06
Task 5 100 0.05
Task 10 200 0.05
Task 10 200 0.05
Task 5 100 0.05
Task 19 400 0.0475
GW 0.48
Task 14 200 0.07
Task 57 800 0.07125
Task 54 800 0.0675
Task 25 400 0.0625
Task 12 200 0.06
Task 5 100 0.05
Task 20 400 0.05
Task 39 800 0.04875
GW 0
-------------
014
-------------
GW 0.46375
Task 24 200 0.12
Task 6 100 0.06
Task 23 400 0.0575
Task 21 400 0.0525
Task 4 100 0.04
Task 4 100 0.04
Task 9 200 0.045
Task 39 800 0.04875
GW 0.4775
Task 30 200 0.15
Task 5 100 0.05
Task 40 800 0.05
Task 4 100 0.04
Task 9 200 0.045
Task 19 400 0.0475
Task 19 400 0.0475
Task 19 400 0.0475
GW 0
-------------
015
-------------
GW 0.47
Task 88 800 0.11
Task 7 100 0.07
Task 13 200 0.065
Task 20 400 0.05
Task 4 100 0.04
Task 19 400 0.0475
Task 4 100 0.04
Task 19 400 0.0475
GW 0.47
Task 29 200 0.145
Task 5 100 0.05
Task 21 400 0.0525
Task 4 100 0.04
Task 9 200 0.045
Task 39 800 0.04875
Task 39 800 0.04875
Task 4 100 0.04
GW 0
-------------
016
-------------
GW 0.4875
Task 19 200 0.095
Task 73 800 0.09125
Task 6 100 0.06
Task 10 200 0.05
Task 20 400 0.05
Task 19 400 0.0475
Task 39 800 0.04875
Task 9 200 0.045
GW 0.48625
Task 86 800 0.1075
Task 13 200 0.065
Task 12 200 0.06
Task 12 200 0.06
Task 41 800 0.05125
Task 20 400 0.05
Task 19 400 0.0475
Task 9 200 0.045
GW 0
-------------
017
-------------
GW 0.46875
Task 14 100 0.14
Task 25 400 0.0625
Task 9 200 0.045
Task 9 200 0.045
Task 4 100 0.04
Task 19 400 0.0475
Task 39 800 0.04875
Task 4 100 0.04
GW 0.475
Task 12 100 0.12
Task 13 200 0.065
Task 22 400 0.055
Task 10 200 0.05
Task 21 400 0.0525
Task 19 400 0.0475
Task 9 200 0.045
Task 4 100 0.04
GW 0
-------------
018
-------------
GW 0.4675
Task 103 800 0.12875
Task 47 800 0.05875
Task 5 100 0.05
Task 42 800 0.0525
Task 42 800 0.0525
Task 4 100 0.04
Task 9 200 0.045
Task 4 100 0.04
GW 0.4625
Task 119 800 0.14875
Task 5 100 0.05
Task 41 800 0.05125
Task 9 200 0.045
Task 4 100 0.04
Task 4 100 0.04
Task 4 100 0.04
Task 19 400 0.0475
GW 0
-------------
019
-------------
GW 0.48875
Task 113 800 0.14125
Task 45 800 0.05625
Task 21 400 0.0525
Task 20 400 0.05
Task 19 400 0.0475
Task 39 800 0.04875
Task 19 400 0.0475
Task 9 200 0.045
GW 0.48125
Task 97 800 0.12125
Task 51 800 0.06375
Task 5 100 0.05
Task 5 100 0.05
Task 21 400 0.0525
Task 5 100 0.05
Task 9 200 0.045
Task 39 800 0.04875
GW 0
-------------
020
-------------
GW 0.4825
Task 84 800 0.105
Task 7 100 0.07
Task 24 400 0.06
Task 11 200 0.055
Task 10 200 0.05
Task 9 200 0.045
Task 39 800 0.04875
Task 39 800 0.04875
GW 0.4875
Task 91 800 0.11375
Task 13 200 0.065
Task 51 800 0.06375
Task 45 800 0.05625
Task 5 100 0.05
Task 5 100 0.05
Task 4 100 0.04
Task 39 800 0.04875
GW 0
-------------
021
-------------
GW 0.4825
Task 122 800 0.1525
Task 5 100 0.05
Task 19 400 0.0475
Task 39 800 0.04875
Task 9 200 0.045
Task 9 200 0.045
Task 9 200 0.045
Task 39 800 0.04875
GW 0.485
Task 11 100 0.11
Task 13 200 0.065
Task 24 400 0.06
Task 21 400 0.0525
Task 20 400 0.05
Task 20 400 0.05
Task 10 200 0.05
Task 19 400 0.0475
GW 0
-------------
022
-------------
GW 0.4775
Task 13 100 0.13
Task 45 800 0.05625
Task 21 400 0.0525
Task 42 800 0.0525
Task 41 800 0.05125
Task 5 100 0.05
Task 9 200 0.045
Task 4 100 0.04
GW 0.4875
Task 41 400 0.1025
Task 7 100 0.07
Task 25 400 0.0625
Task 22 400 0.055
Task 41 800 0.05125
Task 5 100 0.05
Task 19 400 0.0475
Task 39 800 0.04875
GW 0
-------------
023
-------------
GW 0.475
Task 49 400 0.1225
Task 26 400 0.065
Task 5 100 0.05
Task 10 200 0.05
Task 41 800 0.05125
Task 19 400 0.0475
Task 4 100 0.04
Task 39 800 0.04875
GW 0.49125
Task 39 400 0.0975
Task 29 400 0.0725
Task 27 400 0.0675
Task 23 400 0.0575
Task 20 400 0.05
Task 5 100 0.05
Task 39 800 0.04875
Task 19 400 0.0475
GW 0
-------------
024
-------------
GW 0.4775
Task 26 200 0.13
Task 24 400 0.06
Task 22 400 0.055
Task 10 200 0.05
Task 39 800 0.04875
Task 4 100 0.04
Task 39 800 0.04875
Task 9 200 0.045
GW 0.4725
Task 14 100 0.14
Task 5 100 0.05
Task 39 800 0.04875
Task 39 800 0.04875
Task 4 100 0.04
Task 19 400 0.0475
Task 39 800 0.04875
Task 39 800 0.04875
GW 0
-------------
025
-------------
GW 0.465
Task 11 100 0.11
Task 6 100 0.06
Task 12 200 0.06
Task 5 100 0.05
Task 20 400 0.05
Task 5 100 0.05
Task 9 200 0.045
Task 4 100 0.04
GW 0.47875
Task 14 100 0.14
Task 5 100 0.05
Task 20 400 0.05
Task 39 800 0.04875
Task 39 800 0.04875
Task 9 200 0.045
Task 39 800 0.04875
Task 19 400 0.0475
GW 0
-------------
026
-------------
GW 0.465
Task 57 400 0.1425
Task 12 200 0.06
Task 4 100 0.04
Task 4 100 0.04
Task 4 100 0.04
Task 19 400 0.0475
Task 19 400 0.0475
Task 19 400 0.0475
GW 0.4825
Task 9 100 0.09
Task 71 800 0.08875
Task 47 800 0.05875
Task 46 800 0.0575
Task 20 400 0.05
Task 19 400 0.0475
Task 9 200 0.045
Task 9 200 0.045
GW 0
-------------
027
-------------
GW 0.47125
Task 40 400 0.1
Task 7 100 0.07
Task 53 800 0.06625
Task 11 200 0.055
Task 19 400 0.0475
Task 4 100 0.04
Task 19 400 0.0475
Task 9 200 0.045
GW 0.47
Task 9 100 0.09
Task 7 100 0.07
Task 12 200 0.06
Task 48 800 0.06
Task 23 400 0.0575
Task 9 200 0.045
Task 19 400 0.0475
Task 4 100 0.04
GW 0
-------------
028
-------------
GW 0.4875
Task 21 200 0.105
Task 64 800 0.08
Task 22 400 0.055
Task 41 800 0.05125
Task 41 800 0.05125
Task 20 400 0.05
Task 40 800 0.05
Task 9 200 0.045
GW 0.465
Task 77 800 0.09625
Task 8 100 0.08
Task 23 400 0.0575
Task 21 400 0.0525
Task 10 200 0.05
Task 39 800 0.04875
Task 4 100 0.04
Task 4 100 0.04
GW 0
-------------
029
-------------
GW 0.48625
Task 79 800 0.09875
Task 39 400 0.0975
Task 43 800 0.05375
Task 5 100 0.05
Task 39 800 0.04875
Task 9 200 0.045
Task 19 400 0.0475
Task 9 200 0.045
GW 0.47625
Task 18 200 0.09
Task 30 400 0.075
Task 6 100 0.06
Task 5 100 0.05
Task 45 800 0.05625
Task 5 100 0.05
Task 10 200 0.05
Task 9 200 0.045
GW 0
-------------
030
-------------
GW 0.49
Task 42 400 0.105
Task 57 800 0.07125
Task 23 400 0.0575
Task 46 800 0.0575
Task 21 400 0.0525
Task 5 100 0.05
Task 39 800 0.04875
Task 19 400 0.0475
GW 0.48125
Task 29 200 0.145
Task 11 200 0.055
Task 19 400 0.0475
Task 19 400 0.0475
Task 39 800 0.04875
Task 9 200 0.045
Task 19 400 0.0475
Task 9 200 0.045
GW 0
-------------
031
-------------
GW 0.47375
Task 14 100 0.14
Task 21 400 0.0525
Task 41 800 0.05125
Task 10 200 0.05
Task 19 400 0.0475
Task 4 100 0.04
Task 9 200 0.045
Task 19 400 0.0475
GW 0.4775
Task 12 100 0.12
Task 11 200 0.055
Task 5 100 0.05
Task 21 400 0.0525
Task 10 200 0.05
Task 5 100 0.05
Task 5 100 0.05
Task 10 200 0.05
GW 0
-------------
032
-------------
GW 0.475
Task 40 400 0.1
Task 29 400 0.0725
Task 14 200 0.07
Task 10 200 0.05
Task 40 800 0.05
Task 19 400 0.0475
Task 4 100 0.04
Task 9 200 0.045
GW 0.4875
Task 85 800 0.10625
Task 51 800 0.06375
Task 6 100 0.06
Task 5 100 0.05
Task 43 800 0.05375
Task 42 800 0.0525
Task 21 400 0.0525
Task 39 800 0.04875
GW 0
-------------
033
-------------
GW 0.49125
Task 43 400 0.1075
Task 32 400 0.08
Task 11 200 0.055
Task 10 200 0.05
Task 41 800 0.05125
Task 20 400 0.05
Task 40 800 0.05
Task 19 400 0.0475
GW 0.45875
Task 31 200 0.155
Task 9 200 0.045
Task 9 200 0.045
Task 4 100 0.04
Task 4 100 0.04
Task 39 800 0.04875
Task 4 100 0.04
Task 9 200 0.045
GW 0
-------------
034
-------------
GW 0.47
Task 9 100 0.09
Task 30 400 0.075
Task 7 100 0.07
Task 5 100 0.05
Task 40 800 0.05
Task 4 100 0.04
Task 19 400 0.0475
Task 19 400 0.0475
GW 0.46625
Task 31 400 0.0775
Task 7 100 0.07
Task 28 400 0.07
Task 49 800 0.06125
Task 46 800 0.0575
Task 5 100 0.05
Task 4 100 0.04
Task 4 100 0.04
GW 0
-------------
035
-------------
GW 0.46625
Task 84 800 0.105
Task 56 800 0.07
Task 6 100 0.06
Task 5 100 0.05
Task 39 800 0.04875
Task 9 200 0.045
Task 19 400 0.0475
Task 4 100 0.04
GW 0.46625
Task 29 200 0.145
Task 43 800 0.05375
Task 40 800 0.05
Task 9 200 0.045
Task 19 400 0.0475
Task 4 100 0.04
Task 9 200 0.045
Task 4 100 0.04
GW 0
-------------
036
-------------
GW 0.47625
Task 84 800 0.105
Task 18 200 0.09
Task 11 200 0.055
Task 39 800 0.04875
Task 39 800 0.04875
Task 4 100 0.04
Task 4 100 0.04
Task 39 800 0.04875
GW 0.47875
Task 10 100 0.1
Task 78 800 0.0975
Task 5 100 0.05
Task 39 800 0.04875
Task 9 200 0.045
Task 39 800 0.04875
Task 39 800 0.04875
Task 4 100 0.04
GW 0
-------------
037
-------------
GW 0.4725
Task 83 800 0.10375
Task 16 200 0.08
Task 5 100 0.05
Task 10 200 0.05
Task 10 200 0.05
Task 20 400 0.05
Task 4 100 0.04
Task 39 800 0.04875
GW 0.46125
Task 11 100 0.11
Task 6 100 0.06
Task 6 100 0.06
Task 11 200 0.055
Task 39 800 0.04875
Task 4 100 0.04
Task 19 400 0.0475
Task 4 100 0.04
GW 0
-------------
038
-------------
GW 0.48625
Task 53 400 0.1325
Task 12 200 0.06
Task 45 800 0.05625
Task 10 200 0.05
Task 39 800 0.04875
Task 9 200 0.045
Task 9 200 0.045
Task 39 800 0.04875
GW 0.4675
Task 14 100 0.14
Task 22 400 0.055
Task 41 800 0.05125
Task 9 200 0.045
Task 4 100 0.04
Task 19 400 0.0475
Task 39 800 0.04875
Task 4 100 0.04
GW 0
-------------
039
-------------
GW 0.495
Task 36 400 0.09
Task 31 400 0.0775
Task 14 200 0.07
Task 11 200 0.055
Task 22 400 0.055
Task 10 200 0.05
Task 39 800 0.04875
Task 39 800 0.04875
GW 0.495
Task 46 400 0.115
Task 66 800 0.0825
Task 20 400 0.05
Task 5 100 0.05
Task 20 400 0.05
Task 10 200 0.05
Task 39 800 0.04875
Task 39 800 0.04875
GW 0
-------------
040
-------------
GW 0.48
Task 88 800 0.11
Task 25 400 0.0625
Task 24 400 0.06
Task 22 400 0.055
Task 42 800 0.0525
Task 5 100 0.05
Task 20 400 0.05
Task 4 100 0.04
GW 0.48625
Task 98 800 0.1225
Task 29 400 0.0725
Task 5 100 0.05
Task 20 400 0.05
Task 19 400 0.0475
Task 39 800 0.04875
Task 19 400 0.0475
Task 19 400 0.0475
GW 0
-------------
041
-------------
GW 0.47625
Task 44 400 0.11
Task 18 200 0.09
Task 20 400 0.05
Task 4 100 0.04
Task 9 200 0.045
Task 9 200 0.045
Task 39 800 0.04875
Task 19 400 0.0475
GW 0.46625
Task 29 200 0.145
Task 11 200 0.055
Task 4 100 0.04
Task 19 400 0.0475
Task 9 200 0.045
Task 4 100 0.04
Task 9 200 0.045
Task 39 800 0.04875
GW 0
-------------
042
-------------
GW 0.47375
Task 25 200 0.125
Task 56 800 0.07
Task 43 800 0.05375
Task 42 800 0.0525
Task 4 100 0.04
Task 4 100 0.04
Task 19 400 0.0475
Task 9 200 0.045
GW 0.4725
Task 9 100 0.09
Task 37 400 0.0925
Task 6 100 0.06
Task 19 400 0.0475
Task 9 200 0.045
Task 4 100 0.04
Task 39 800 0.04875
Task 39 800 0.04875
GW 0
-------------
043
-------------
GW 0.47125
Task 94 800 0.1175
Task 7 100 0.07
Task 44 800 0.055
Task 10 200 0.05
Task 20 400 0.05
Task 4 100 0.04
Task 4 100 0.04
Task 39 800 0.04875
GW 0.4575
Task 11 100 0.11
Task 18 200 0.09
Task 4 100 0.04
Task 9 200 0.045
Task 9 200 0.045
Task 19 400 0.0475
Task 4 100 0.04
Task 4 100 0.04
GW 0
-------------
044
-------------
GW 0.48875
Task 120 800 0.15
Task 5 100 0.05
Task 39 800 0.04875
Task 39 800 0.04875
Task 19 400 0.0475
Task 39 800 0.04875
Task 19 400 0.0475
Task 19 400 0.0475
GW 0.485
Task 106 800 0.1325
Task 22 400 0.055
Task 11 200 0.055
Task 44 800 0.055
Task 10 200 0.05
Task 4 100 0.04
Task 39 800 0.04875
Task 39 800 0.04875
GW 0
-------------
045
-------------
GW 0.4725
Task 15 100 0.15
Task 43 800 0.05375
Task 19 400 0.0475
Task 39 800 0.04875
Task 4 100 0.04
Task 4 100 0.04
Task 9 200 0.045
Task 19 400 0.0475
GW 0.4875
Task 123 800 0.15375
Task 10 200 0.05
Task 10 200 0.05
Task 9 200 0.045
Task 19 400 0.0475
Task 19 400 0.0475
Task 39 800 0.04875
Task 9 200 0.045
GW 0
-------------
046
-------------
GW 0.47375
Task 9 100 0.09
Task 16 200 0.08
Task 23 400 0.0575
Task 5 100 0.05
Task 5 100 0.05
Task 20 400 0.05
Task 41 800 0.05125
Task 9 200 0.045
GW 0.47875
Task 69 800 0.08625
Task 14 200 0.07
Task 13 200 0.065
Task 11 200 0.055
Task 10 200 0.05
Task 21 400 0.0525
Task 5 100 0.05
Task 5 100 0.05
GW 0
-------------
047
-------------
GW 0.47375
Task 23 200 0.115
Task 32 400 0.08
Task 5 100 0.05
Task 41 800 0.05125
Task 9 200 0.045
Task 9 200 0.045
Task 19 400 0.0475
Task 4 100 0.04
GW 0.48875
Task 49 400 0.1225
Task 6 100 0.06
Task 12 200 0.06
Task 41 800 0.05125
Task 10 200 0.05
Task 40 800 0.05
Task 10 200 0.05
Task 9 200 0.045
GW 0
-------------
048
-------------
GW 0.4775
Task 51 400 0.1275
Task 7 100 0.07
Task 20 400 0.05
Task 19 400 0.0475
Task 39 800 0.04875
Task 9 200 0.045
Task 4 100 0.04
Task 39 800 0.04875
GW 0.485
Task 19 200 0.095
Task 38 400 0.095
Task 10 200 0.05
Task 41 800 0.05125
Task 10 200 0.05
Task 39 800 0.04875
Task 19 400 0.0475
Task 19 400 0.0475
GW 0
-------------
049
-------------
GW 0.485
Task 30 200 0.15
Task 40 800 0.05
Task 40 800 0.05
Task 9 200 0.045
Task 19 400 0.0475
Task 19 400 0.0475
Task 19 400 0.0475
Task 19 400 0.0475
GW 0.4575
Task 29 200 0.145
Task 21 400 0.0525
Task 10 200 0.05
Task 4 100 0.04
Task 9 200 0.045
Task 4 100 0.04
Task 4 100 0.04
Task 9 200 0.045
GW 0
-------------
050
-------------
GW 0.47375
Task 99 800 0.12375
Task 24 400 0.06
Task 22 400 0.055
Task 5 100 0.05
Task 5 100 0.05
Task 20 400 0.05
Task 9 200 0.045
Task 4 100 0.04
GW 0.4875
Task 45 400 0.1125
Task 27 400 0.0675
Task 51 800 0.06375
Task 44 800 0.055
Task 10 200 0.05
Task 39 800 0.04875
Task 9 200 0.045
Task 9 200 0.045
GW 0
-------------
051
-------------
GW 0.475
Task 40 400 0.1
Task 65 800 0.08125
Task 24 400 0.06
Task 43 800 0.05375
Task 21 400 0.0525
Task 19 400 0.0475
Task 4 100 0.04
Task 4 100 0.04
GW 0.47875
Task 103 800 0.12875
Task 50 800 0.0625
Task 44 800 0.055
Task 5 100 0.05
Task 20 400 0.05
Task 19 400 0.0475
Task 4 100 0.04
Task 9 200 0.045
GW 0
-------------
052
-------------
GW 0.4725
Task 23 200 0.115
Task 27 400 0.0675
Task 25 400 0.0625
Task 41 800 0.05125
Task 4 100 0.04
Task 19 400 0.0475
Task 39 800 0.04875
Task 4 100 0.04
GW 0.48125
Task 11 100 0.11
Task 58 800 0.0725
Task 11 200 0.055
Task 20 400 0.05
Task 40 800 0.05
Task 10 200 0.05
Task 9 200 0.045
Task 39 800 0.04875
GW 0
-------------
053
-------------
GW 0.48625
Task 37 400 0.0925
Task 65 800 0.08125
Task 31 400 0.0775
Task 39 800 0.04875
Task 19 400 0.0475
Task 9 200 0.045
Task 9 200 0.045
Task 39 800 0.04875
GW 0.48
Task 83 800 0.10375
Task 9 100 0.09
Task 10 200 0.05
Task 20 400 0.05
Task 39 800 0.04875
Task 9 200 0.045
Task 9 200 0.045
Task 19 400 0.0475
GW 0
-------------
054
-------------
GW 0.475
Task 27 200 0.135
Task 5 100 0.05
Task 44 800 0.055
Task 20 400 0.05
Task 20 400 0.05
Task 9 200 0.045
Task 9 200 0.045
Task 9 200 0.045
GW 0.47125
Task 37 400 0.0925
Task 31 400 0.0775
Task 7 100 0.07
Task 20 400 0.05
Task 39 800 0.04875
Task 9 200 0.045
Task 4 100 0.04
Task 19 400 0.0475
GW 0
-------------
055
-------------
GW 0.47125
Task 26 200 0.13
Task 53 800 0.06625
Task 21 400 0.0525
Task 5 100 0.05
Task 9 200 0.045
Task 19 400 0.0475
Task 4 100 0.04
Task 4 100 0.04
GW 0.4825
Task 58 800 0.0725
Task 13 200 0.065
Task 6 100 0.06
Task 13 200 0.065
Task 11 200 0.055
Task 22 400 0.055
Task 44 800 0.055
Task 44 800 0.055
GW 0
-------------
056
-------------
GW 0.46625
Task 11 100 0.11
Task 9 100 0.09
Task 9 200 0.045
Task 4 100 0.04
Task 4 100 0.04
Task 39 800 0.04875
Task 9 200 0.045
Task 19 400 0.0475
GW 0.48375
Task 53 400 0.1325
Task 12 200 0.06
Task 21 400 0.0525
Task 10 200 0.05
Task 10 200 0.05
Task 9 200 0.045
Task 9 200 0.045
Task 39 800 0.04875
GW 0
-------------
057
-------------
GW 0.4825
Task 12 100 0.12
Task 6 100 0.06
Task 24 400 0.06
Task 10 200 0.05
Task 19 400 0.0475
Task 39 800 0.04875
Task 19 400 0.0475
Task 39 800 0.04875
GW 0.45875
Task 39 400 0.0975
Task 9 100 0.09
Task 5 100 0.05
Task 19 400 0.0475
Task 4 100 0.04
Task 9 200 0.045
Task 39 800 0.04875
Task 4 100 0.04
GW 0
-------------
058
-------------
GW 0.47125
Task 51 400 0.1275
Task 5 100 0.05
Task 46 800 0.0575
Task 5 100 0.05
Task 9 200 0.045
Task 39 800 0.04875
Task 9 200 0.045
Task 19 400 0.0475
GW 0.48625
Task 24 200 0.12
Task 14 200 0.07
Task 23 400 0.0575
Task 20 400 0.05
Task 19 400 0.0475
Task 39 800 0.04875
Task 19 400 0.0475
Task 9 200 0.045
GW 0
-------------
059
-------------
GW 0.47875
Task 21 200 0.105
Task 6 100 0.06
Task 50 800 0.0625
Task 45 800 0.05625
Task 5 100 0.05
Task 5 100 0.05
Task 5 100 0.05
Task 9 200 0.045
GW 0.48625
Task 78 800 0.0975
Task 32 400 0.08
Task 47 800 0.05875
Task 5 100 0.05
Task 20 400 0.05
Task 10 200 0.05
Task 20 400 0.05
Task 20 400 0.05
GW 0
-------------
060
-------------
GW 0.48125
Task 40 400 0.1
Task 31 400 0.0775
Task 44 800 0.055
Task 5 100 0.05
Task 10 200 0.05
Task 10 200 0.05
Task 10 200 0.05
Task 39 800 0.04875
GW 0.46125
Task 19 200 0.095
Task 18 200 0.09
Task 21 400 0.0525
Task 43 800 0.05375
Task 10 200 0.05
Task 4 100 0.04
Task 4 100 0.04
Task 4 100 0.04
GW 0
-------------
061
-------------
GW 0.47875
Task 18 200 0.09
Task 15 200 0.075
Task 58 800 0.0725
Task 23 400 0.0575
Task 10 200 0.05
Task 9 200 0.045
Task 4 100 0.04
Task 39 800 0.04875
GW 0.46625
Task 19 200 0.095
Task 17 200 0.085
Task 12 200 0.06
Task 21 400 0.0525
Task 9 200 0.045
Task 4 100 0.04
Task 4 100 0.04
Task 39 800 0.04875
GW 0
-------------
062
-------------
GW 0.4825
Task 103 800 0.12875
Task 13 200 0.065
Task 10 200 0.05
Task 5 100 0.05
Task 10 200 0.05
Task 40 800 0.05
Task 4 100 0.04
Task 39 800 0.04875
GW 0.4775
Task 39 400 0.0975
Task 77 800 0.09625
Task 11 200 0.055
Task 10 200 0.05
Task 9 200 0.045
Task 39 800 0.04875
Task 9 200 0.045
Task 4 100 0.04
GW 0
-------------
063
-------------
GW 0.46125
Task 10 100 0.1
Task 29 400 0.0725
Task 5 100 0.05
Task 5 100 0.05
Task 5 100 0.05
Task 40 800 0.05
Task 4 100 0.04
Task 39 800 0.04875
GW 0.47
Task 14 100 0.14
Task 12 200 0.06
Task 4 100 0.04
Task 19 400 0.0475
Task 9 200 0.045
Task 9 200 0.045
Task 9 200 0.045
Task 19 400 0.0475
GW 0
-------------
064
-------------
GW 0.49
Task 25 200 0.125
Task 51 800 0.06375
Task 43 800 0.05375
Task 5 100 0.05
Task 20 400 0.05
Task 5 100 0.05
Task 10 200 0.05
Task 19 400 0.0475
GW 0.485
Task 25 200 0.125
Task 13 200 0.065
Task 22 400 0.055
Task 40 800 0.05
Task 10 200 0.05
Task 5 100 0.05
Task 40 800 0.05
Task 4 100 0.04
GW 0
-------------
065
-------------
GW 0.47625
Task 14 100 0.14
Task 46 800 0.0575
Task 5 100 0.05
Task 39 800 0.04875
Task 19 400 0.0475
Task 19 400 0.0475
Task 4 100 0.04
Task 9 200 0.045
GW 0.44875
Task 83 800 0.10375
Task 8 100 0.08
Task 12 200 0.06
Task 4 100 0.04
Task 4 100 0.04
Task 9 200 0.045
Task 4 100 0.04
Task 4 100 0.04
GW 0
-------------
066
-------------
GW 0.4875
Task 15 100 0.15
Task 39 800 0.04875
Task 19 400 0.0475
Task 39 800 0.04875
Task 39 800 0.04875
Task 39 800 0.04875
Task 19 400 0.0475
Task 19 400 0.0475
GW 0.47625
Task 9 100 0.09
Task 15 200 0.075
Task 53 800 0.06625
Task 24 400 0.06
Task 10 200 0.05
Task 19 400 0.0475
Task 4 100 0.04
Task 19 400 0.0475
GW 0
-------------
067
-------------
GW 0.485
Task 69 800 0.08625
Task 17 200 0.085
Task 54 800 0.0675
Task 23 400 0.0575
Task 20 400 0.05
Task 5 100 0.05
Task 39 800 0.04875
Task 4 100 0.04
GW 0.4825
Task 18 200 0.09
Task 8 100 0.08
Task 46 800 0.0575
Task 45 800 0.05625
Task 21 400 0.0525
Task 5 100 0.05
Task 19 400 0.0475
Task 39 800 0.04875
GW 0
-------------
068
-------------
GW 0.48125
Task 105 800 0.13125
Task 12 200 0.06
Task 21 400 0.0525
Task 5 100 0.05
Task 20 400 0.05
Task 9 200 0.045
Task 9 200 0.045
Task 19 400 0.0475
GW 0.48375
Task 12 100 0.12
Task 13 200 0.065
Task 10 200 0.05
Task 10 200 0.05
Task 10 200 0.05
Task 40 800 0.05
Task 20 400 0.05
Task 39 800 0.04875
GW 0
-------------
069
-------------
GW 0.4825
Task 9 100 0.09
Task 16 200 0.08
Task 12 200 0.06
Task 23 400 0.0575
Task 11 200 0.055
Task 19 400 0.0475
Task 19 400 0.0475
Task 9 200 0.045
GW 0.45875
Task 8 100 0.08
Task 8 100 0.08
Task 13 200 0.065
Task 5 100 0.05
Task 5 100 0.05
Task 9 200 0.045
Task 4 100 0.04
Task 39 800 0.04875
GW 0
-------------
070
-------------
GW 0.47625
Task 27 200 0.135
Task 48 800 0.06
Task 5 100 0.05
Task 5 100 0.05
Task 9 200 0.045
Task 4 100 0.04
Task 39 800 0.04875
Task 19 400 0.0475
GW 0.47625
Task 13 100 0.13
Task 13 200 0.065
Task 10 200 0.05
Task 5 100 0.05
Task 39 800 0.04875
Task 4 100 0.04
Task 9 200 0.045
Task 19 400 0.0475
GW 0
-------------
071
-------------
GW 0.48875
Task 77 800 0.09625
Task 14 200 0.07
Task 50 800 0.0625
Task 47 800 0.05875
Task 5 100 0.05
Task 5 100 0.05
Task 41 800 0.05125
Task 10 200 0.05
GW 0.48
Task 26 200 0.13
Task 12 200 0.06
Task 47 800 0.05875
Task 4 100 0.04
Task 19 400 0.0475
Task 39 800 0.04875
Task 19 400 0.0475
Task 19 400 0.0475
GW 0
-------------
072
-------------
GW 0.46
Task 30 200 0.15
Task 20 400 0.05
Task 19 400 0.0475
Task 4 100 0.04
Task 4 100 0.04
Task 19 400 0.0475
Task 9 200 0.045
Task 4 100 0.04
GW 0.47125
Task 30 200 0.15
Task 41 800 0.05125
Task 4 100 0.04
Task 9 200 0.045
Task 39 800 0.04875
Task 19 400 0.0475
Task 39 800 0.04875
Task 4 100 0.04
GW 0
-------------
073
-------------
GW 0.47875
Task 90 800 0.1125
Task 36 400 0.09
Task 20 400 0.05
Task 19 400 0.0475
Task 9 200 0.045
Task 9 200 0.045
Task 39 800 0.04875
Task 4 100 0.04
GW 0.4675
Task 23 200 0.115
Task 6 100 0.06
Task 53 800 0.06625
Task 4 100 0.04
Task 9 200 0.045
Task 19 400 0.0475
Task 39 800 0.04875
Task 9 200 0.045
GW 0
-------------
074
-------------
GW 0.4775
Task 36 400 0.09
Task 34 400 0.085
Task 15 200 0.075
Task 4 100 0.04
Task 39 800 0.04875
Task 9 200 0.045
Task 39 800 0.04875
Task 9 200 0.045
GW 0.48125
Task 28 200 0.14
Task 46 800 0.0575
Task 40 800 0.05
Task 19 400 0.0475
Task 39 800 0.04875
Task 9 200 0.045
Task 19 400 0.0475
Task 9 200 0.045
GW 0
-------------
075
-------------
GW 0.48125
Task 104 800 0.13
Task 51 800 0.06375
Task 11 200 0.055
Task 40 800 0.05
Task 40 800 0.05
Task 4 100 0.04
Task 9 200 0.045
Task 19 400 0.0475
GW 0.48375
Task 13 100 0.13
Task 49 800 0.06125
Task 22 400 0.055
Task 44 800 0.055
Task 9 200 0.045
Task 39 800 0.04875
Task 4 100 0.04
Task 39 800 0.04875
GW 0
-------------
076
-------------
GW 0.47375
Task 23 200 0.115
Task 6 100 0.06
Task 6 100 0.06
Task 20 400 0.05
Task 9 200 0.045
Task 39 800 0.04875
Task 19 400 0.0475
Task 19 400 0.0475
GW 0.465
Task 124 800 0.155
Task 19 400 0.0475
Task 19 400 0.0475
Task 4 100 0.04
Task 4 100 0.04
Task 9 200 0.045
Task 9 200 0.045
Task 9 200 0.045
GW 0
-------------
077
-------------
GW 0.46875
Task 20 200 0.1
Task 64 800 0.08
Task 49 800 0.06125
Task 44 800 0.055
Task 19 400 0.0475
Task 4 100 0.04
Task 9 200 0.045
Task 4 100 0.04
GW 0.49
Task 78 800 0.0975
Task 15 200 0.075
Task 30 400 0.075
Task 5 100 0.05
Task 19 400 0.0475
Task 39 800 0.04875
Task 19 400 0.0475
Task 39 800 0.04875
GW 0
-------------
078
-------------
GW 0.4875
Task 9 100 0.09
Task 67 800 0.08375
Task 6 100 0.06
Task 11 200 0.055
Task 41 800 0.05125
Task 20 400 0.05
Task 40 800 0.05
Task 19 400 0.0475
GW 0.47
Task 9 100 0.09
Task 7 100 0.07
Task 29 400 0.0725
Task 22 400 0.055
Task 5 100 0.05
Task 19 400 0.0475
Task 4 100 0.04
Task 9 200 0.045
GW 0
-------------
079
-------------
GW 0.47375
Task 15 100 0.15
Task 43 800 0.05375
Task 39 800 0.04875
Task 4 100 0.04
Task 9 200 0.045
Task 39 800 0.04875
Task 4 100 0.04
Task 19 400 0.0475
GW 0.4925
Task 79 800 0.09875
Task 29 400 0.0725
Task 50 800 0.0625
Task 22 400 0.055
Task 21 400 0.0525
Task 10 200 0.05
Task 41 800 0.05125
Task 5 100 0.05
GW 0
-------------
080
-------------
GW 0.4875
Task 58 400 0.145
Task 20 400 0.05
Task 5 100 0.05
Task 20 400 0.05
Task 40 800 0.05
Task 19 400 0.0475
Task 19 400 0.0475
Task 19 400 0.0475
GW 0.4625
Task 27 200 0.135
Task 6 100 0.06
Task 5 100 0.05
Task 20 400 0.05
Task 4 100 0.04
Task 19 400 0.0475
Task 4 100 0.04
Task 4 100 0.04
GW 0
-------------
081
-------------
GW 0.4875
Task 74 800 0.0925
Task 71 800 0.08875
Task 14 200 0.07
Task 39 800 0.04875
Task 9 200 0.045
Task 39 800 0.04875
Task 9 200 0.045
Task 39 800 0.04875
GW 0.47
Task 30 200 0.15
Task 20 400 0.05
Task 5 100 0.05
Task 19 400 0.0475
Task 4 100 0.04
Task 9 200 0.045
Task 4 100 0.04
Task 19 400 0.0475
GW 0
-------------
082
-------------
GW 0.485
Task 25 200 0.125
Task 12 200 0.06
Task 5 100 0.05
Task 10 200 0.05
Task 5 100 0.05
Task 40 800 0.05
Task 5 100 0.05
Task 40 800 0.05
GW 0.47375
Task 49 400 0.1225
Task 31 400 0.0775
Task 5 100 0.05
Task 39 800 0.04875
Task 9 200 0.045
Task 9 200 0.045
Task 4 100 0.04
Task 9 200 0.045
GW 0
-------------
083
-------------
GW 0.48625
Task 25 200 0.125
Task 47 800 0.05875
Task 23 400 0.0575
Task 45 800 0.05625
Task 10 200 0.05
Task 9 200 0.045
Task 9 200 0.045
Task 39 800 0.04875
GW 0.47375
Task 12 100 0.12
Task 32 400 0.08
Task 4 100 0.04
Task 9 200 0.045
Task 19 400 0.0475
Task 39 800 0.04875
Task 19 400 0.0475
Task 9 200 0.045
GW 0
-------------
084
-------------
GW 0.45875
Task 79 800 0.09875
Task 7 100 0.07
Task 6 100 0.06
Task 10 200 0.05
Task 10 200 0.05
Task 20 400 0.05
Task 4 100 0.04
Task 4 100 0.04
GW 0.49
Task 50 400 0.125
Task 16 200 0.08
Task 39 800 0.04875
Task 39 800 0.04875
Task 39 800 0.04875
Task 39 800 0.04875
Task 9 200 0.045
Task 9 200 0.045
GW 0
-------------
085
-------------
GW 0.48875
Task 19 200 0.095
Task 65 800 0.08125
Task 6 100 0.06
Task 43 800 0.05375
Task 10 200 0.05
Task 5 100 0.05
Task 40 800 0.05
Task 39 800 0.04875
GW 0.48375
Task 21 200 0.105
Task 14 200 0.07
Task 6 100 0.06
Task 21 400 0.0525
Task 5 100 0.05
Task 20 400 0.05
Task 19 400 0.0475
Task 39 800 0.04875
GW 0
-------------
086
-------------
GW 0.4775
Task 68 800 0.085
Task 7 100 0.07
Task 24 400 0.06
Task 23 400 0.0575
Task 11 200 0.055
Task 10 200 0.05
Task 20 400 0.05
Task 5 100 0.05
GW 0.485
Task 124 800 0.155
Task 20 400 0.05
Task 9 200 0.045
Task 39 800 0.04875
Task 9 200 0.045
Task 19 400 0.0475
Task 39 800 0.04875
Task 9 200 0.045
GW 0
-------------
087
-------------
GW 0.475
Task 38 400 0.095
Task 16 200 0.08
Task 54 800 0.0675
Task 11 200 0.055
Task 19 400 0.0475
Task 9 200 0.045
Task 9 200 0.045
Task 4 100 0.04
GW 0.49
Task 24 200 0.12
Task 6 100 0.06
Task 47 800 0.05875
Task 5 100 0.05
Task 42 800 0.0525
Task 5 100 0.05
Task 40 800 0.05
Task 39 800 0.04875
GW 0
-------------
088
-------------
GW 0.47875
Task 12 100 0.12
Task 16 200 0.08
Task 20 400 0.05
Task 39 800 0.04875
Task 19 400 0.0475
Task 19 400 0.0475
Task 9 200 0.045
Task 4 100 0.04
GW 0.4625
Task 99 800 0.12375
Task 6 100 0.06
Task 24 400 0.06
Task 41 800 0.05125
Task 4 100 0.04
Task 4 100 0.04
Task 4 100 0.04
Task 19 400 0.0475
GW 0
-------------
089
-------------
GW 0.47
Task 30 200 0.15
Task 5 100 0.05
Task 39 800 0.04875
Task 9 200 0.045
Task 19 400 0.0475
Task 39 800 0.04875
Task 4 100 0.04
Task 4 100 0.04
GW 0.47375
Task 22 200 0.11
Task 7 100 0.07
Task 6 100 0.06
Task 20 400 0.05
Task 9 200 0.045
Task 9 200 0.045
Task 9 200 0.045
Task 39 800 0.04875
GW 0
-------------
090
-------------
GW 0.48375
Task 102 800 0.1275
Task 28 400 0.07
Task 42 800 0.0525
Task 20 400 0.05
Task 19 400 0.0475
Task 4 100 0.04
Task 19 400 0.0475
Task 39 800 0.04875
GW 0.47875
Task 27 200 0.135
Task 5 100 0.05
Task 5 100 0.05
Task 40 800 0.05
Task 20 400 0.05
Task 39 800 0.04875
Task 19 400 0.0475
Task 19 400 0.0475
GW 0
-------------
091
-------------
GW 0.47
Task 26 200 0.13
Task 7 100 0.07
Task 21 400 0.0525
Task 4 100 0.04
Task 4 100 0.04
Task 9 200 0.045
Task 19 400 0.0475
Task 9 200 0.045
GW 0.4675
Task 23 200 0.115
Task 27 400 0.0675
Task 45 800 0.05625
Task 43 800 0.05375
Task 5 100 0.05
Task 4 100 0.04
Task 4 100 0.04
Task 9 200 0.045
GW 0
-------------
092
-------------
GW 0.46375
Task 9 100 0.09
Task 17 200 0.085
Task 24 400 0.06
Task 21 400 0.0525
Task 39 800 0.04875
Task 4 100 0.04
Task 19 400 0.0475
Task 4 100 0.04
GW 0.47875
Task 16 200 0.08
Task 58 800 0.0725
Task 6 100 0.06
Task 12 200 0.06
Task 6 100 0.06
Task 41 800 0.05125
Task 10 200 0.05
Task 9 200 0.045
GW 0
-------------
093
-------------
GW 0.49375
Task 45 400 0.1125
Task 63 800 0.07875
Task 21 400 0.0525
Task 10 200 0.05
Task 5 100 0.05
Task 5 100 0.05
Task 5 100 0.05
Task 40 800 0.05
GW 0.47375
Task 80 800 0.1
Task 59 800 0.07375
Task 56 800 0.07
Task 11 200 0.055
Task 4 100 0.04
Task 9 200 0.045
Task 9 200 0.045
Task 9 200 0.045
GW 0
-------------
094
-------------
GW 0.4725
Task 10 100 0.1
Task 14 200 0.07
Task 12 200 0.06
Task 44 800 0.055
Task 43 800 0.05375
Task 39 800 0.04875
Task 9 200 0.045
Task 4 100 0.04
GW 0.475
Task 56 400 0.14
Task 46 800 0.0575
Task 5 100 0.05
Task 40 800 0.05
Task 9 200 0.045
Task 19 400 0.0475
Task 9 200 0.045
Task 4 100 0.04
GW 0
-------------
095
-------------
GW 0.48625
Task 38 400 0.095
Task 8 100 0.08
Task 7 100 0.07
Task 39 800 0.04875
Task 19 400 0.0475
Task 39 800 0.04875
Task 39 800 0.04875
Task 19 400 0.0475
GW 0.47125
Task 14 100 0.14
Task 5 100 0.05
Task 39 800 0.04875
Task 4 100 0.04
Task 19 400 0.0475
Task 19 400 0.0475
Task 39 800 0.04875
Task 39 800 0.04875
GW 0
-------------
096
-------------
GW 0.48125
Task 32 400 0.08
Task 57 800 0.07125
Task 6 100 0.06
Task 13 200 0.065
Task 44 800 0.055
Task 5 100 0.05
Task 5 100 0.05
Task 5 100 0.05
GW 0.47375
Task 44 400 0.11
Task 36 400 0.09
Task 20 400 0.05
Task 19 400 0.0475
Task 4 100 0.04
Task 39 800 0.04875
Task 4 100 0.04
Task 19 400 0.0475
GW 0
-------------
097
-------------
GW 0.4925
Task 93 800 0.11625
Task 27 400 0.0675
Task 49 800 0.06125
Task 20 400 0.05
Task 5 100 0.05
Task 10 200 0.05
Task 39 800 0.04875
Task 39 800 0.04875
GW 0.48625
Task 17 200 0.085
Task 29 400 0.0725
Task 54 800 0.0675
Task 24 400 0.06
Task 5 100 0.05
Task 10 200 0.05
Task 42 800 0.0525
Task 39 800 0.04875
GW 0
-------------
098
-------------
GW 0.4725
Task 16 200 0.08
Task 8 100 0.08
Task 30 400 0.075
Task 5 100 0.05
Task 10 200 0.05
Task 10 200 0.05
Task 4 100 0.04
Task 19 400 0.0475
GW 0.47625
Task 13 100 0.13
Task 50 800 0.0625
Task 41 800 0.05125
Task 4 100 0.04
Task 39 800 0.04875
Task 19 400 0.0475
Task 19 400 0.0475
Task 39 800 0.04875
GW 0
-------------
099
-------------
GW 0.47125
Task 23 200 0.115
Task 7 100 0.07
Task 5 100 0.05
Task 5 100 0.05
Task 41 800 0.05125
Task 4 100 0.04
Task 19 400 0.0475
Task 19 400 0.0475
GW 0.47
Task 106 800 0.1325
Task 29 400 0.0725
Task 9 200 0.045
Task 19 400 0.0475
Task 19 400 0.0475
Task 9 200 0.045
Task 4 100 0.04
Task 4 100 0.04
GW 0
-------------
100
-------------
