Meet_R
NOFLD	myOFLD	AOFLDC	SeGW
1	1	0.832634	0.975374	
1	0.998257	0.875845	0.941362	
0.629517	0.98931	0.877743	0.857929	
0.509829	0.960866	0.882342	0.842577	
1	1	0.721533	0.954349	
1	0.998561	0.7679	0.898474	
0.711705	0.983622	0.744927	0.846592	
0.585643	0.948398	0.726222	0.801669	
1	1	0.586926	0.939869	
1	0.997952	0.551984	0.888135	
0.76936	0.990963	0.624443	0.826313	
0.654532	0.938547	0.555447	0.764426	
1	1	0.451243	0.922766	
1	0.999809	0.452076	0.858945	
0.79954	0.991465	0.418325	0.796462	
0.710735	0.953573	0.44359	0.737041	
1	1	0.230728	0.909481	
1	0.999103	0.23989	0.810242	
0.829817	0.990524	0.249845	0.759115	
0.767373	0.958089	0.245158	0.697692	
1	1	0.125967	0.912209	
1	0.999871	0.15599	0.767914	
0.857101	0.991689	0.16006	0.733209	
0.786726	0.955822	0.146366	0.656726	


Energy
NOFLD	myOFLD	AOFLDC	SeGW
12334.2	9653.78	9621.95	10997.1	
17535.2	9839.84	9544.29	12041.1	
17608.8	10019.6	9610.54	12742.8	
17608.8	9919.29	9509.92	11916.1	
12310.1	9871.52	10018.9	11226.2	
17515.4	10250.4	10002.6	12291	
17608.8	10621.5	9965.68	13095.4	
17608.8	10882.6	10032.4	13188.7	
12284.1	10211.4	10304.7	11474.8	
17487	10548	10334	12469	
17608.8	11008.7	10305.2	13504.5	
17608.8	11762.5	10320.7	13820.8	
12252.9	10450.9	10413.9	11650.5	
17460.7	11076.6	10430	12955.3	
17608.8	11713.8	10460.1	13849.3	
17608.8	11852.8	10464.9	14038.8	
12174.2	10861.6	10509.9	11866.9	
17395.8	11715.8	10500.3	13580.8	
17608.8	12127.5	10507.3	14015.2	
17608.8	12433.5	10502	14531.8	
12069.5	11075.4	10497.8	11885.6	
17331.8	12152.2	10505.1	13882.6	
17608.8	12676.7	10510.5	14301	
17608.8	13108.2	10514.9	14726.7	


Resp
NOFLD	myOFLD	AOFLDC	SeGW
573860	512370	889822	598917	
1433970	838565	986302	811442	
749450	1165900	1124108	927895	
639355	1359967	1261983	1073492	
661040	597446	1194595	746436	
1686440	998296	1310018	917438	
1071110	1397563	1286506	1112808	
891925	1731070	1386525	1315491	
745100	684702	1439011	918309	
1843965	1101450	1345533	1127179	
1342905	1619242	1506818	1311156	
1243230	2025098	1374914	1447170	
842050	804858	1390989	1061141	
2086245	1330015	1380096	1366375	
1575090	1882346	1279328	1517477	
1505935	2338848	1377262	1641775	
1033565	1057465	1008002	1406081	
2501300	1737462	993837	1742760	
2058425	2313535	1050687	1873071	
2095065	2897389	1037289	2014019	
1256175	1341183	664958	1700036	
2895315	2117430	786487	2116274	
2572145	2921913	794636	2314196	
2663530	3510313	758973	2535055	


CloudEng
NOFLD	myOFLD	AOFLDC	SeGW
0	63618	152026	41519	
0	219190	296961	163364	
0	376942	429152	282403	
0	527732	572089	458104	
0	53470	147369	32522	
0	200845	281214	147577	
0	350696	411838	262264	
0	495585	521640	400864	
0	40664	141039	22438	
0	182279	239533	142406	
0	333279	362056	244232	
0	452875	455289	363492	
0	30801	134759	14453	
0	163925	227085	122902	
0	300216	302565	226228	
0	444536	382688	343123	
0	10782	119371	3956	
0	132700	196188	92901	
0	279808	244997	213633	
0	412264	309372	306939	
0	0	96782	0	
0	114190	168047	75605	
0	254131	210784	194046	
0	385461	258481	294436	


FogEng
NOFLD	myOFLD	AOFLDC	SeGW
3601	4645	3601	3601	
3601	4845	3601	3601	
3601	4870	3601	3601	
3601	4499	3601	3601	
3601	4711	3601	3601	
3601	4998	3601	3601	
3601	5130	3601	3601	
3601	4885	3601	3601	
3601	4690	3601	3601	
3601	5248	3601	3601	
3601	5297	3601	3601	
3601	5341	3601	3601	
3601	4739	3601	3601	
3601	5347	3601	3601	
3601	5578	3601	3601	
3601	5574	3601	3601	
3601	4843	3601	3601	
3601	5687	3601	3601	
3601	5685	3601	3601	
3601	5853	3601	3601	
3601	4832	3601	3601	
3601	5749	3601	3601	
3601	5980	3601	3601	
3601	6060	3601	3601	


GW_Eng
GW1	GW2	GW3
9597.99	9709.57	9291.27
9855.5	9824.18	9691.57
9897.47	10141.7	9740.78
9934.01	9904.57	8999.13
9753.25	9989.79	9424.34
10438.9	10061.8	9996.68
10471	10772	10261.1
11006.5	10758.8	9771.34
10219.2	10203.6	9381.31
10495.9	10600.2	10496.8
11011.8	11005.5	10594.9
11879.6	11645.5	10683.7
10471.7	10430.1	9478.94
11125.6	11027.5	10695.1
11731.8	11695.9	11158.1
11789.7	11915.9	11150.2
10817.6	10905.6	9686.99
11727.8	11703.8	11375.5
12087.7	12167.3	11371
12386	12481.1	11707.6
11041.4	11109.4	9665.59
12253.4	12050.9	11500
12777.2	12576.2	11960.8
13142.6	13073.7	12122.1


