Meet_R
NOFLD	myOFLD	AOFLDC	SeGW
1	1	0.832634	0.975374	
1	0.999883	0.875845	0.941362	
0.629517	0.99202	0.877743	0.857929	
1	1	0.721533	0.954349	
1	0.99859	0.7679	0.898474	
0.711705	0.990844	0.744927	0.846592	
1	1	0.586926	0.939869	
1	0.999489	0.551984	0.888135	
0.76936	0.994194	0.624443	0.826313	
1	1	0.451243	0.922766	
1	0.999763	0.452076	0.858945	
0.79954	0.99054	0.418325	0.796462	
1	1	0.230728	0.909481	
1	0.999502	0.23989	0.810242	
0.829817	0.994453	0.249845	0.759115	
1	1	0.125967	0.912209	
1	0.999877	0.15599	0.767914	
0.857101	0.993058	0.16006	0.733209	


Energy
NOFLD	myOFLD	AOFLDC	SeGW
12334.2	9461.43	9621.95	10997.1	
17535.2	9620.8	9544.29	12041.1	
17608.8	9922.42	9610.54	12742.8	
12310.1	9703.05	10018.9	11226.2	
17515.4	10107.3	10002.6	12291	
17608.8	10402.8	9965.68	13095.4	
12284.1	10143.6	10304.7	11474.8	
17487	10387.4	10334	12469	
17608.8	10832.4	10305.2	13504.5	
12252.9	10380.3	10413.9	11650.5	
17460.7	10879.9	10430	12955.3	
17608.8	11534.4	10460.1	13849.3	
12174.2	10839.6	10509.9	11866.9	
17395.8	11607.8	10500.3	13580.8	
17608.8	12036.7	10507.3	14015.2	
12069.5	11071.8	10497.8	11885.6	
17331.8	12104.5	10505.1	13882.6	
17608.8	12621.2	10510.5	14301	


Resp
NOFLD	myOFLD	AOFLDC	SeGW
573860	507489	889822	598917	
1433970	813770	986302	811442	
749450	1155418	1124108	927895	
661040	589854	1194595	746436	
1686440	973323	1310018	917438	
1071110	1370357	1286506	1112808	
745100	684094	1439011	918309	
1843965	1072260	1345533	1127179	
1342905	1610300	1506818	1311156	
842050	804855	1390989	1061141	
2086245	1297303	1380096	1366375	
1575090	1839806	1279328	1517477	
1033565	1060371	1008002	1406081	
2501300	1689724	993837	1742760	
2058425	2297788	1050687	1873071	
1256175	1342805	664958	1700036	
2895315	2094199	786487	2116274	
2572145	2904581	794636	2314196	


CloudEng
NOFLD	myOFLD	AOFLDC	SeGW
0	63618	152026	41519	
0	219190	296961	163364	
0	376942	429152	282403	
0	53470	147369	32522	
0	200845	281214	147577	
0	351167	411838	262264	
0	40664	141039	22438	
0	182279	239533	142406	
0	333923	362056	244232	
0	30801	134759	14453	
0	163925	227085	122902	
0	299548	302565	226228	
0	10782	119371	3956	
0	132700	196188	92901	
0	279808	244997	213633	
0	0	96782	0	
0	114190	168047	75605	
0	254131	210784	194046	


FogEng
NOFLD	myOFLD	AOFLDC	SeGW
3601	4837	3601	3601	
3601	5059	3601	3601	
3601	4981	3601	3601	
3601	4880	3601	3601	
3601	5161	3601	3601	
3601	5316	3601	3601	
3601	4758	3601	3601	
3601	5416	3601	3601	
3601	5479	3601	3601	
3601	4809	3601	3601	
3601	5548	3601	3601	
3601	5757	3601	3601	
3601	4865	3601	3601	
3601	5791	3601	3601	
3601	5794	3601	3601	
3601	4836	3601	3601	
3601	5802	3601	3601	
3601	6037	3601	3601	


GW_Eng
GW1	GW2	GW3
9405.72	9517.15	9675.97
9677.63	9563.96	10119.8
9887.17	9957.67	9963.84
9590.12	9815.98	9761.27
10285.3	9929.33	10324.5
10325.2	10480.4	10633.2
10132.7	10154.6	9516.79
10304.3	10470.5	10834.4
10857	10807.9	10960.2
10391	10369.6	9620.07
10901.5	10858.4	11097.5
11537.9	11530.9	11514.9
10789.6	10889.6	9731.01
11577.3	11638.3	11582.6
12011.2	12062.2	11589.3
11037.2	11106.4	9672.82
12156.9	12052.1	11605.9
12759.5	12483	12076.1


