GW 1.98875
Task 89 100 0.89
Task 103 200 0.515
Task 143 400 0.3575
Task 42 400 0.105
Task 54 800 0.0675
Task 43 800 0.05375
GW 1.98375
Task 73 100 0.73
Task 65 100 0.65
Task 51 200 0.255
Task 66 400 0.165
Task 92 800 0.115
Task 55 800 0.06875
GW 0.3
Task 300 1000 0.3
-------------
001
-------------
GW 1.98
Task 71 100 0.71
Task 62 100 0.62
Task 32 100 0.32
Task 29 200 0.145
Task 44 400 0.11
Task 30 400 0.075
GW 1.985
Task 83 100 0.83
Task 86 200 0.43
Task 60 200 0.3
Task 56 200 0.28
Task 18 200 0.09
Task 22 400 0.055
GW 0.3
Task 300 1000 0.3
-------------
002
-------------
GW 1.98375
Task 68 100 0.68
Task 109 200 0.545
Task 59 200 0.295
Task 78 400 0.195
Task 132 800 0.165
Task 83 800 0.10375
GW 1.995
Task 68 100 0.68
Task 131 200 0.655
Task 59 200 0.295
Task 86 400 0.215
Task 69 800 0.08625
Task 51 800 0.06375
GW 0.3
Task 300 1000 0.3
-------------
003
-------------
GW 1.98875
Task 159 200 0.795
Task 139 200 0.695
Task 54 200 0.27
Task 39 400 0.0975
Task 28 400 0.07
Task 49 800 0.06125
GW 1.995
Task 130 200 0.65
Task 254 400 0.635
Task 224 800 0.28
Task 217 800 0.27125
Task 81 800 0.10125
Task 46 800 0.0575
GW 0.3
Task 300 1000 0.3
-------------
004
-------------
GW 1.985
Task 78 100 0.78
Task 75 200 0.375
Task 69 200 0.345
Task 66 200 0.33
Task 36 400 0.09
Task 52 800 0.065
GW 1.9875
Task 79 100 0.79
Task 145 200 0.725
Task 39 200 0.195
Task 66 400 0.165
Task 24 400 0.06
Task 21 400 0.0525
GW 0.3
Task 300 1000 0.3
-------------
005
-------------
GW 1.99125
Task 123 200 0.615
Task 104 200 0.52
Task 263 800 0.32875
Task 259 800 0.32375
Task 104 800 0.13
Task 59 800 0.07375
GW 1.985
Task 190 200 0.95
Task 111 200 0.555
Task 44 200 0.22
Task 48 400 0.12
Task 58 800 0.0725
Task 54 800 0.0675
GW 0.3
Task 300 1000 0.3
-------------
006
-------------
GW 1.98625
Task 48 100 0.48
Task 96 200 0.48
Task 176 400 0.44
Task 112 400 0.28
Task 69 400 0.1725
Task 107 800 0.13375
GW 1.9925
Task 197 200 0.985
Task 96 200 0.48
Task 79 400 0.1975
Task 101 800 0.12625
Task 87 800 0.10875
Task 76 800 0.095
GW 0.3
Task 300 1000 0.3
-------------
007
-------------
GW 1.985
Task 199 200 0.995
Task 111 200 0.555
Task 34 200 0.17
Task 18 200 0.09
Task 18 200 0.09
Task 34 400 0.085
GW 1.99625
Task 104 200 0.52
Task 202 400 0.505
Task 378 800 0.4725
Task 177 800 0.22125
Task 175 800 0.21875
Task 47 800 0.05875
GW 0.3
Task 300 1000 0.3
-------------
008
-------------
GW 1.99
Task 129 200 0.645
Task 96 200 0.48
Task 176 400 0.44
Task 102 400 0.255
Task 74 800 0.0925
Task 62 800 0.0775
GW 1.995
Task 179 200 0.895
Task 311 400 0.7775
Task 46 400 0.115
Task 67 800 0.08375
Task 57 800 0.07125
Task 42 800 0.0525
GW 0.3
Task 300 1000 0.3
-------------
009
-------------
GW 1.99375
Task 159 200 0.795
Task 179 400 0.4475
Task 146 400 0.365
Task 113 400 0.2825
Task 21 400 0.0525
Task 41 800 0.05125
GW 1.98375
Task 73 100 0.73
Task 48 100 0.48
Task 34 100 0.34
Task 41 200 0.205
Task 23 200 0.115
Task 91 800 0.11375
GW 0.3
Task 300 1000 0.3
-------------
010
-------------
GW 1.9775
Task 94 100 0.94
Task 114 200 0.57
Task 46 200 0.23
Task 18 200 0.09
Task 16 200 0.08
Task 27 400 0.0675
GW 1.985
Task 94 100 0.94
Task 52 100 0.52
Task 47 200 0.235
Task 61 400 0.1525
Task 33 400 0.0825
Task 22 400 0.055
GW 0.3
Task 300 1000 0.3
-------------
011
-------------
GW 1.985
Task 82 100 0.82
Task 91 200 0.455
Task 64 200 0.32
Task 144 800 0.18
Task 112 800 0.14
Task 56 800 0.07
GW 1.9825
Task 82 100 0.82
Task 47 100 0.47
Task 81 200 0.405
Task 72 400 0.18
Task 22 400 0.055
Task 42 800 0.0525
GW 0.3
Task 300 1000 0.3
-------------
012
-------------
GW 1.9725
Task 96 100 0.96
Task 70 100 0.7
Task 11 100 0.11
Task 14 200 0.07
Task 55 800 0.06875
Task 51 800 0.06375
GW 1.98875
Task 175 200 0.875
Task 114 200 0.57
Task 132 400 0.33
Task 32 400 0.08
Task 60 800 0.075
Task 47 800 0.05875
GW 0.3
Task 300 1000 0.3
-------------
013
-------------
GW 1.99625
Task 297 400 0.7425
Task 305 800 0.38125
Task 297 800 0.37125
Task 182 800 0.2275
Task 130 800 0.1625
Task 89 800 0.11125
GW 1.98125
Task 72 100 0.72
Task 48 100 0.48
Task 47 100 0.47
Task 34 200 0.17
Task 17 200 0.085
Task 45 800 0.05625
GW 0.3
Task 300 1000 0.3
-------------
014
-------------
GW 1.99125
Task 191 200 0.955
Task 223 400 0.5575
Task 125 400 0.3125
Task 52 800 0.065
Task 41 800 0.05125
Task 40 800 0.05
GW 1.97875
Task 70 100 0.7
Task 56 100 0.56
Task 59 200 0.295
Task 48 200 0.24
Task 20 200 0.1
Task 67 800 0.08375
GW 0.3
Task 300 1000 0.3
-------------
015
-------------
GW 1.98625
Task 64 100 0.64
Task 61 100 0.61
Task 79 200 0.395
Task 68 400 0.17
Task 41 400 0.1025
Task 55 800 0.06875
GW 1.98375
Task 90 100 0.9
Task 92 200 0.46
Task 180 400 0.45
Task 27 400 0.0675
Task 45 800 0.05625
Task 40 800 0.05
GW 0.3
Task 300 1000 0.3
-------------
016
-------------
GW 1.9875
Task 83 100 0.83
Task 102 200 0.51
Task 56 200 0.28
Task 38 200 0.19
Task 39 400 0.0975
Task 64 800 0.08
GW 1.985
Task 88 100 0.88
Task 44 100 0.44
Task 53 200 0.265
Task 87 400 0.2175
Task 42 400 0.105
Task 31 400 0.0775
GW 0.3
Task 300 1000 0.3
-------------
017
-------------
GW 1.985
Task 47 100 0.47
Task 47 100 0.47
Task 87 200 0.435
Task 98 400 0.245
Task 156 800 0.195
Task 136 800 0.17
GW 1.99
Task 59 100 0.59
Task 45 100 0.45
Task 80 200 0.4
Task 125 400 0.3125
Task 61 400 0.1525
Task 68 800 0.085
GW 0.3
Task 300 1000 0.3
-------------
018
-------------
GW 1.985
Task 87 100 0.87
Task 93 200 0.465
Task 58 200 0.29
Task 39 200 0.195
Task 33 400 0.0825
Task 33 400 0.0825
GW 1.99
Task 74 100 0.74
Task 96 200 0.48
Task 86 200 0.43
Task 55 400 0.1375
Task 45 400 0.1125
Task 72 800 0.09
GW 0.3
Task 300 1000 0.3
-------------
019
-------------
GW 1.9875
Task 57 100 0.57
Task 89 200 0.445
Task 87 200 0.435
Task 117 400 0.2925
Task 67 400 0.1675
Task 31 400 0.0775
GW 1.9925
Task 164 200 0.82
Task 79 200 0.395
Task 137 400 0.3425
Task 73 400 0.1825
Task 58 400 0.145
Task 86 800 0.1075
GW 0.3
Task 300 1000 0.3
-------------
020
-------------
GW 1.98875
Task 181 200 0.905
Task 162 200 0.81
Task 17 200 0.085
Task 27 400 0.0675
Task 27 400 0.0675
Task 43 800 0.05375
GW 1.98875
Task 92 100 0.92
Task 39 100 0.39
Task 72 200 0.36
Task 73 400 0.1825
Task 32 400 0.08
Task 45 800 0.05625
GW 0.3
Task 300 1000 0.3
-------------
021
-------------
GW 1.985
Task 74 100 0.74
Task 109 200 0.545
Task 183 400 0.4575
Task 77 800 0.09625
Task 76 800 0.095
Task 41 800 0.05125
GW 1.98625
Task 83 100 0.83
Task 66 200 0.33
Task 59 200 0.295
Task 94 400 0.235
Task 138 800 0.1725
Task 99 800 0.12375
GW 0.3
Task 300 1000 0.3
-------------
022
-------------
GW 1.97875
Task 57 100 0.57
Task 44 100 0.44
Task 37 100 0.37
Task 71 200 0.355
Task 98 800 0.1225
Task 97 800 0.12125
GW 1.98125
Task 81 100 0.81
Task 126 200 0.63
Task 64 200 0.32
Task 31 400 0.0775
Task 60 800 0.075
Task 55 800 0.06875
GW 0.3
Task 300 1000 0.3
-------------
023
-------------
GW 1.98625
Task 53 100 0.53
Task 50 100 0.5
Task 93 200 0.465
Task 128 400 0.32
Task 91 800 0.11375
Task 46 800 0.0575
GW 1.99125
Task 74 100 0.74
Task 119 200 0.595
Task 42 200 0.21
Task 145 800 0.18125
Task 132 800 0.165
Task 80 800 0.1
GW 0.3
Task 300 1000 0.3
-------------
024
-------------
GW 1.98875
Task 173 200 0.865
Task 72 200 0.36
Task 141 400 0.3525
Task 195 800 0.24375
Task 77 800 0.09625
Task 57 800 0.07125
GW 1.98875
Task 71 100 0.71
Task 105 200 0.525
Task 157 400 0.3925
Task 72 400 0.18
Task 51 400 0.1275
Task 43 800 0.05375
GW 0.3
Task 300 1000 0.3
-------------
025
-------------
GW 1.99125
Task 170 200 0.85
Task 166 400 0.415
Task 124 400 0.31
Task 160 800 0.2
Task 107 800 0.13375
Task 66 800 0.0825
GW 1.99125
Task 195 200 0.975
Task 90 200 0.45
Task 42 200 0.21
Task 60 400 0.15
Task 120 800 0.15
Task 45 800 0.05625
GW 0.3
Task 300 1000 0.3
-------------
026
-------------
GW 1.99
Task 71 100 0.71
Task 54 100 0.54
Task 82 200 0.41
Task 130 800 0.1625
Task 71 800 0.08875
Task 63 800 0.07875
GW 1.9825
Task 84 100 0.84
Task 46 100 0.46
Task 64 200 0.32
Task 78 400 0.195
Task 85 800 0.10625
Task 49 800 0.06125
GW 0.3
Task 300 1000 0.3
-------------
027
-------------
GW 1.98625
Task 98 100 0.98
Task 107 200 0.535
Task 36 200 0.18
Task 53 400 0.1325
Task 36 400 0.09
Task 55 800 0.06875
GW 1.985
Task 98 100 0.98
Task 78 100 0.78
Task 7 100 0.07
Task 22 400 0.055
Task 20 400 0.05
Task 40 800 0.05
GW 0.3
Task 300 1000 0.3
-------------
028
-------------
GW 1.985
Task 93 100 0.93
Task 76 100 0.76
Task 23 200 0.115
Task 15 200 0.075
Task 43 800 0.05375
Task 41 800 0.05125
GW 1.9875
Task 61 100 0.61
Task 55 100 0.55
Task 144 400 0.36
Task 180 800 0.225
Task 119 800 0.14875
Task 75 800 0.09375
GW 0.3
Task 300 1000 0.3
-------------
029
-------------
GW 1.99375
Task 112 200 0.56
Task 217 400 0.5425
Task 162 400 0.405
Task 95 400 0.2375
Task 101 800 0.12625
Task 98 800 0.1225
GW 1.975
Task 72 100 0.72
Task 71 100 0.71
Task 31 100 0.31
Task 17 200 0.085
Task 32 400 0.08
Task 28 400 0.07
GW 0.3
Task 300 1000 0.3
-------------
030
-------------
GW 1.97625
Task 79 100 0.79
Task 64 100 0.64
Task 59 200 0.295
Task 36 400 0.09
Task 72 800 0.09
Task 57 800 0.07125
GW 1.9875
Task 70 100 0.7
Task 121 200 0.605
Task 141 400 0.3525
Task 177 800 0.22125
Task 45 800 0.05625
Task 42 800 0.0525
GW 0.3
Task 300 1000 0.3
-------------
031
-------------
GW 1.985
Task 89 100 0.89
Task 59 100 0.59
Task 104 400 0.26
Task 39 400 0.0975
Task 30 400 0.075
Task 58 800 0.0725
GW 1.98625
Task 83 100 0.83
Task 126 200 0.63
Task 54 200 0.27
Task 42 400 0.105
Task 31 400 0.0775
Task 59 800 0.07375
GW 0.3
Task 300 1000 0.3
-------------
032
-------------
GW 1.98875
Task 48 100 0.48
Task 80 200 0.4
Task 123 400 0.3075
Task 123 400 0.3075
Task 241 800 0.30125
Task 154 800 0.1925
GW 1.995
Task 59 100 0.59
Task 52 100 0.52
Task 45 100 0.45
Task 80 400 0.2
Task 51 400 0.1275
Task 86 800 0.1075
GW 0.3
Task 300 1000 0.3
-------------
033
-------------
GW 1.985
Task 89 100 0.89
Task 155 200 0.775
Task 49 400 0.1225
Task 38 400 0.095
Task 42 800 0.0525
Task 40 800 0.05
GW 1.99125
Task 100 200 0.5
Task 77 200 0.385
Task 147 400 0.3675
Task 129 400 0.3225
Task 89 400 0.2225
Task 155 800 0.19375
GW 0.3
Task 300 1000 0.3
-------------
034
-------------
GW 1.9875
Task 94 100 0.94
Task 114 200 0.57
Task 38 200 0.19
Task 25 200 0.125
Task 36 400 0.09
Task 58 800 0.0725
GW 1.99125
Task 162 200 0.81
Task 270 400 0.675
Task 79 400 0.1975
Task 151 800 0.18875
Task 53 800 0.06625
Task 43 800 0.05375
GW 0.3
Task 300 1000 0.3
-------------
035
-------------
GW 1.985
Task 91 100 0.91
Task 39 100 0.39
Task 75 200 0.375
Task 34 200 0.17
Task 15 200 0.075
Task 26 400 0.065
GW 1.985
Task 93 100 0.93
Task 83 100 0.83
Task 6 100 0.06
Task 45 800 0.05625
Task 45 800 0.05625
Task 42 800 0.0525
GW 0.3
Task 300 1000 0.3
-------------
036
-------------
GW 1.9875
Task 85 100 0.85
Task 72 100 0.72
Task 67 400 0.1675
Task 41 400 0.1025
Task 38 400 0.095
Task 42 800 0.0525
GW 1.9875
Task 83 100 0.83
Task 116 200 0.58
Task 54 200 0.27
Task 25 200 0.125
Task 38 400 0.095
Task 35 400 0.0875
GW 0.3
Task 300 1000 0.3
-------------
037
-------------
GW 1.9875
Task 170 200 0.85
Task 119 200 0.595
Task 131 400 0.3275
Task 42 400 0.105
Task 24 400 0.06
Task 40 800 0.05
GW 1.99
Task 198 200 0.99
Task 95 200 0.475
Task 149 400 0.3725
Task 21 400 0.0525
Task 20 400 0.05
Task 40 800 0.05
GW 0.3
Task 300 1000 0.3
-------------
038
-------------
GW 1.985
Task 89 100 0.89
Task 43 100 0.43
Task 75 200 0.375
Task 111 800 0.13875
Task 69 800 0.08625
Task 52 800 0.065
GW 1.995
Task 97 100 0.97
Task 62 100 0.62
Task 23 100 0.23
Task 12 200 0.06
Task 12 200 0.06
Task 11 200 0.055
GW 0.3
Task 300 1000 0.3
-------------
039
-------------
GW 1.9875
Task 58 100 0.58
Task 71 200 0.355
Task 140 400 0.35
Task 111 400 0.2775
Task 85 400 0.2125
Task 85 400 0.2125
GW 1.985
Task 99 100 0.99
Task 43 100 0.43
Task 26 100 0.26
Task 15 100 0.15
Task 19 200 0.095
Task 12 200 0.06
GW 0.3
Task 300 1000 0.3
-------------
040
-------------
GW 1.975
Task 79 100 0.79
Task 60 100 0.6
Task 53 200 0.265
Task 35 200 0.175
Task 33 400 0.0825
Task 50 800 0.0625
GW 1.985
Task 92 100 0.92
Task 67 100 0.67
Task 24 100 0.24
Task 11 200 0.055
Task 10 200 0.05
Task 40 800 0.05
GW 0.3
Task 300 1000 0.3
-------------
041
-------------
GW 1.99375
Task 154 200 0.77
Task 83 200 0.415
Task 152 400 0.38
Task 77 400 0.1925
Task 64 400 0.16
Task 61 800 0.07625
GW 1.97625
Task 79 100 0.79
Task 38 100 0.38
Task 31 100 0.31
Task 60 200 0.3
Task 46 400 0.115
Task 65 800 0.08125
GW 0.3
Task 300 1000 0.3
-------------
042
-------------
GW 1.97375
Task 93 100 0.93
Task 29 100 0.29
Task 26 100 0.26
Task 38 200 0.19
Task 32 200 0.16
Task 115 800 0.14375
GW 1.985
Task 80 100 0.8
Task 90 200 0.45
Task 132 400 0.33
Task 74 400 0.185
Task 61 400 0.1525
Task 54 800 0.0675
GW 0.3
Task 300 1000 0.3
-------------
043
-------------
GW 1.98125
Task 81 100 0.81
Task 49 100 0.49
Task 30 100 0.3
Task 121 800 0.15125
Task 117 800 0.14625
Task 67 800 0.08375
GW 1.99125
Task 130 200 0.65
Task 80 200 0.4
Task 62 200 0.31
Task 104 400 0.26
Task 163 800 0.20375
Task 134 800 0.1675
GW 0.3
Task 300 1000 0.3
-------------
044
-------------
GW 1.9825
Task 59 100 0.59
Task 41 100 0.41
Task 36 100 0.36
Task 70 200 0.35
Task 44 200 0.22
Task 21 400 0.0525
GW 1.9825
Task 93 100 0.93
Task 114 200 0.57
Task 60 200 0.3
Task 27 400 0.0675
Task 24 400 0.06
Task 22 400 0.055
GW 0.3
Task 300 1000 0.3
-------------
045
-------------
GW 1.98375
Task 89 100 0.89
Task 78 200 0.39
Task 63 200 0.315
Task 77 400 0.1925
Task 47 400 0.1175
Task 63 800 0.07875
GW 1.985
Task 71 100 0.71
Task 65 100 0.65
Task 55 200 0.275
Task 82 400 0.205
Task 69 800 0.08625
Task 47 800 0.05875
GW 0.3
Task 300 1000 0.3
-------------
046
-------------
GW 1.985
Task 60 100 0.6
Task 103 200 0.515
Task 60 200 0.3
Task 91 400 0.2275
Task 165 800 0.20625
Task 109 800 0.13625
GW 1.99125
Task 158 200 0.79
Task 139 200 0.695
Task 218 800 0.2725
Task 70 800 0.0875
Task 69 800 0.08625
Task 48 800 0.06
GW 0.3
Task 300 1000 0.3
-------------
047
-------------
GW 1.99375
Task 200 200 1
Task 75 200 0.375
Task 136 400 0.34
Task 45 400 0.1125
Task 79 800 0.09875
Task 54 800 0.0675
GW 1.985
Task 67 100 0.67
Task 37 100 0.37
Task 58 200 0.29
Task 114 400 0.285
Task 90 400 0.225
Task 58 400 0.145
GW 0.3
Task 300 1000 0.3
-------------
048
-------------
GW 1.9775
Task 70 100 0.7
Task 39 100 0.39
Task 31 100 0.31
Task 111 400 0.2775
Task 161 800 0.20125
Task 79 800 0.09875
GW 1.99
Task 84 100 0.84
Task 34 100 0.34
Task 61 200 0.305
Task 53 200 0.265
Task 71 400 0.1775
Task 50 800 0.0625
GW 0.3
Task 300 1000 0.3
-------------
049
-------------
GW 1.98
Task 92 100 0.92
Task 34 100 0.34
Task 52 200 0.26
Task 48 200 0.24
Task 30 200 0.15
Task 14 200 0.07
GW 1.9875
Task 64 100 0.64
Task 42 100 0.42
Task 84 200 0.42
Task 80 400 0.2
Task 64 400 0.16
Task 59 400 0.1475
GW 0.3
Task 300 1000 0.3
-------------
050
-------------
GW 1.9875
Task 46 100 0.46
Task 41 100 0.41
Task 34 100 0.34
Task 126 400 0.315
Task 117 400 0.2925
Task 136 800 0.17
GW 1.98625
Task 89 100 0.89
Task 125 200 0.625
Task 82 400 0.205
Task 58 400 0.145
Task 25 400 0.0625
Task 47 800 0.05875
GW 0.3
Task 300 1000 0.3
-------------
051
-------------
GW 1.97875
Task 95 100 0.95
Task 51 100 0.51
Task 39 200 0.195
Task 73 400 0.1825
Task 33 400 0.0825
Task 47 800 0.05875
GW 1.985
Task 99 100 0.99
Task 35 100 0.35
Task 26 100 0.26
Task 34 200 0.17
Task 28 200 0.14
Task 15 200 0.075
GW 0.3
Task 300 1000 0.3
-------------
052
-------------
GW 1.995
Task 189 200 0.945
Task 170 200 0.85
Task 20 400 0.05
Task 20 400 0.05
Task 20 400 0.05
Task 20 400 0.05
GW 1.99375
Task 139 200 0.695
Task 127 200 0.635
Task 172 400 0.43
Task 48 400 0.12
Task 50 800 0.0625
Task 41 800 0.05125
GW 0.3
Task 300 1000 0.3
-------------
053
-------------
GW 1.99
Task 187 200 0.935
Task 69 200 0.345
Task 123 400 0.3075
Task 96 400 0.24
Task 34 400 0.085
Task 62 800 0.0775
GW 1.98
Task 98 100 0.98
Task 28 100 0.28
Task 24 100 0.24
Task 48 200 0.24
Task 70 400 0.175
Task 26 400 0.065
GW 0.3
Task 300 1000 0.3
-------------
054
-------------
GW 1.9875
Task 94 100 0.94
Task 66 100 0.66
Task 24 200 0.12
Task 21 200 0.105
Task 41 400 0.1025
Task 24 400 0.06
GW 1.99125
Task 58 100 0.58
Task 102 200 0.51
Task 76 200 0.38
Task 68 200 0.34
Task 23 200 0.115
Task 53 800 0.06625
GW 0.3
Task 300 1000 0.3
-------------
055
-------------
GW 1.985
Task 75 100 0.75
Task 63 100 0.63
Task 91 200 0.455
Task 10 200 0.05
Task 40 800 0.05
Task 40 800 0.05
GW 1.9875
Task 65 100 0.65
Task 57 100 0.57
Task 59 200 0.295
Task 91 400 0.2275
Task 152 800 0.19
Task 44 800 0.055
GW 0.3
Task 300 1000 0.3
-------------
056
-------------
GW 1.98
Task 60 100 0.6
Task 36 100 0.36
Task 56 200 0.28
Task 106 400 0.265
Task 101 400 0.2525
Task 178 800 0.2225
GW 1.9775
Task 88 100 0.88
Task 36 100 0.36
Task 71 200 0.355
Task 97 400 0.2425
Task 57 800 0.07125
Task 55 800 0.06875
GW 0.3
Task 300 1000 0.3
-------------
057
-------------
GW 1.99125
Task 185 200 0.925
Task 73 200 0.365
Task 108 400 0.27
Task 205 800 0.25625
Task 99 800 0.12375
Task 41 800 0.05125
GW 1.98375
Task 89 100 0.89
Task 96 200 0.48
Task 90 200 0.45
Task 11 200 0.055
Task 11 200 0.055
Task 43 800 0.05375
GW 0.3
Task 300 1000 0.3
-------------
058
-------------
GW 1.99125
Task 133 200 0.665
Task 259 400 0.6475
Task 110 400 0.275
Task 206 800 0.2575
Task 72 800 0.09
Task 45 800 0.05625
GW 1.98
Task 89 100 0.89
Task 43 100 0.43
Task 29 100 0.29
Task 37 200 0.185
Task 19 200 0.095
Task 36 400 0.09
GW 0.3
Task 300 1000 0.3
-------------
059
-------------
GW 1.98125
Task 98 100 0.98
Task 42 100 0.42
Task 102 400 0.255
Task 71 400 0.1775
Task 70 800 0.0875
Task 49 800 0.06125
GW 1.9775
Task 98 100 0.98
Task 60 100 0.6
Task 14 100 0.14
Task 10 100 0.1
Task 20 200 0.1
Task 23 400 0.0575
GW 0.3
Task 300 1000 0.3
-------------
060
-------------
GW 1.9775
Task 76 100 0.76
Task 56 100 0.56
Task 38 100 0.38
Task 32 200 0.16
Task 12 200 0.06
Task 23 400 0.0575
GW 1.97875
Task 99 100 0.99
Task 36 100 0.36
Task 30 100 0.3
Task 33 200 0.165
Task 73 800 0.09125
Task 58 800 0.0725
GW 0.3
Task 300 1000 0.3
-------------
061
-------------
GW 1.99375
Task 155 200 0.775
Task 106 200 0.53
Task 133 400 0.3325
Task 162 800 0.2025
Task 70 800 0.0875
Task 53 800 0.06625
GW 1.9925
Task 166 200 0.83
Task 295 400 0.7375
Task 196 800 0.245
Task 51 800 0.06375
Task 47 800 0.05875
Task 46 800 0.0575
GW 0.3
Task 300 1000 0.3
-------------
062
-------------
GW 1.985
Task 68 100 0.68
Task 66 100 0.66
Task 66 200 0.33
Task 76 400 0.19
Task 51 800 0.06375
Task 49 800 0.06125
GW 1.985
Task 57 100 0.57
Task 52 100 0.52
Task 84 200 0.42
Task 67 200 0.335
Task 36 400 0.09
Task 40 800 0.05
GW 0.3
Task 300 1000 0.3
-------------
063
-------------
GW 1.99
Task 96 100 0.96
Task 106 200 0.53
Task 70 200 0.35
Task 10 200 0.05
Task 20 400 0.05
Task 40 800 0.05
GW 1.98625
Task 60 100 0.6
Task 40 100 0.4
Task 70 200 0.35
Task 250 800 0.3125
Task 163 800 0.20375
Task 96 800 0.12
GW 0.3
Task 300 1000 0.3
-------------
064
-------------
GW 1.98
Task 66 100 0.66
Task 49 100 0.49
Task 60 200 0.3
Task 98 400 0.245
Task 144 800 0.18
Task 84 800 0.105
GW 1.99375
Task 55 100 0.55
Task 47 100 0.47
Task 181 400 0.4525
Task 147 400 0.3675
Task 62 800 0.0775
Task 61 800 0.07625
GW 0.3
Task 300 1000 0.3
-------------
065
-------------
GW 1.97625
Task 94 100 0.94
Task 69 100 0.69
Task 27 200 0.135
Task 17 200 0.085
Task 15 200 0.075
Task 41 800 0.05125
GW 1.98625
Task 83 100 0.83
Task 47 100 0.47
Task 76 200 0.38
Task 99 800 0.12375
Task 96 800 0.12
Task 50 800 0.0625
GW 0.3
Task 300 1000 0.3
-------------
066
-------------
GW 1.98875
Task 92 100 0.92
Task 124 200 0.62
Task 101 400 0.2525
Task 33 400 0.0825
Task 46 800 0.0575
Task 45 800 0.05625
GW 1.98
Task 87 100 0.87
Task 49 100 0.49
Task 43 100 0.43
Task 15 200 0.075
Task 13 200 0.065
Task 10 200 0.05
GW 0.3
Task 300 1000 0.3
-------------
067
-------------
GW 1.98875
Task 88 100 0.88
Task 94 200 0.47
Task 84 400 0.21
Task 131 800 0.16375
Task 122 800 0.1525
Task 90 800 0.1125
GW 1.98
Task 85 100 0.85
Task 77 100 0.77
Task 31 200 0.155
Task 35 400 0.0875
Task 27 400 0.0675
Task 40 800 0.05
GW 0.3
Task 300 1000 0.3
-------------
068
-------------
GW 1.98625
Task 98 200 0.49
Task 97 200 0.485
Task 189 400 0.4725
Task 133 400 0.3325
Task 44 400 0.11
Task 77 800 0.09625
GW 1.99
Task 65 100 0.65
Task 121 200 0.605
Task 195 800 0.24375
Task 154 800 0.1925
Task 130 800 0.1625
Task 109 800 0.13625
GW 0.3
Task 300 1000 0.3
-------------
069
-------------
GW 1.985
Task 83 100 0.83
Task 49 100 0.49
Task 63 200 0.315
Task 195 800 0.24375
Task 45 800 0.05625
Task 40 800 0.05
GW 1.975
Task 71 100 0.71
Task 48 100 0.48
Task 63 200 0.315
Task 43 200 0.215
Task 41 200 0.205
Task 20 400 0.05
GW 0.3
Task 300 1000 0.3
-------------
070
-------------
GW 1.97625
Task 92 100 0.92
Task 59 100 0.59
Task 40 200 0.2
Task 23 200 0.115
Task 31 400 0.0775
Task 59 800 0.07375
GW 1.9775
Task 56 100 0.56
Task 44 100 0.44
Task 71 200 0.355
Task 279 800 0.34875
Task 171 800 0.21375
Task 48 800 0.06
GW 0.3
Task 300 1000 0.3
-------------
071
-------------
GW 1.9875
Task 86 100 0.86
Task 70 100 0.7
Task 32 200 0.16
Task 22 200 0.11
Task 40 400 0.1
Task 23 400 0.0575
GW 1.9825
Task 98 100 0.98
Task 115 200 0.575
Task 40 200 0.2
Task 37 400 0.0925
Task 31 400 0.0775
Task 23 400 0.0575
GW 0.3
Task 300 1000 0.3
-------------
072
-------------
GW 1.98625
Task 73 100 0.73
Task 43 100 0.43
Task 70 200 0.35
Task 60 200 0.3
Task 19 200 0.095
Task 65 800 0.08125
GW 1.985
Task 86 100 0.86
Task 168 200 0.84
Task 36 400 0.09
Task 36 400 0.09
Task 22 400 0.055
Task 40 800 0.05
GW 0.3
Task 300 1000 0.3
-------------
073
-------------
GW 1.975
Task 80 100 0.8
Task 65 100 0.65
Task 20 100 0.2
Task 31 200 0.155
Task 45 400 0.1125
Task 23 400 0.0575
GW 1.98125
Task 67 100 0.67
Task 56 100 0.56
Task 75 200 0.375
Task 84 400 0.21
Task 39 400 0.0975
Task 55 800 0.06875
GW 0.3
Task 300 1000 0.3
-------------
074
-------------
GW 1.9775
Task 69 100 0.69
Task 46 100 0.46
Task 73 200 0.365
Task 90 400 0.225
Task 57 400 0.1425
Task 76 800 0.095
GW 1.98
Task 85 100 0.85
Task 96 200 0.48
Task 59 200 0.295
Task 28 200 0.14
Task 52 400 0.13
Task 34 400 0.085
GW 0.3
Task 300 1000 0.3
-------------
075
-------------
GW 1.9875
Task 78 100 0.78
Task 110 200 0.55
Task 61 200 0.305
Task 76 400 0.19
Task 38 400 0.095
Task 54 800 0.0675
GW 1.98875
Task 73 100 0.73
Task 115 200 0.575
Task 61 200 0.305
Task 85 400 0.2125
Task 68 800 0.085
Task 65 800 0.08125
GW 0.3
Task 300 1000 0.3
-------------
076
-------------
GW 1.99
Task 79 100 0.79
Task 48 100 0.48
Task 52 200 0.26
Task 50 200 0.25
Task 30 200 0.15
Task 48 800 0.06
GW 1.9675
Task 90 100 0.9
Task 59 100 0.59
Task 30 100 0.3
Task 6 100 0.06
Task 13 200 0.065
Task 21 400 0.0525
GW 0.3
Task 300 1000 0.3
-------------
077
-------------
GW 1.98875
Task 68 100 0.68
Task 118 200 0.59
Task 102 200 0.51
Task 36 400 0.09
Task 27 400 0.0675
Task 41 800 0.05125
GW 1.985
Task 88 100 0.88
Task 123 200 0.615
Task 38 200 0.19
Task 29 200 0.145
Task 33 400 0.0825
Task 58 800 0.0725
GW 0.3
Task 300 1000 0.3
-------------
078
-------------
GW 1.9825
Task 81 100 0.81
Task 80 200 0.4
Task 61 200 0.305
Task 37 200 0.185
Task 32 200 0.16
Task 49 400 0.1225
GW 1.985
Task 85 100 0.85
Task 52 100 0.52
Task 88 400 0.22
Task 83 400 0.2075
Task 108 800 0.135
Task 42 800 0.0525
GW 0.3
Task 300 1000 0.3
-------------
079
-------------
GW 1.98625
Task 56 100 0.56
Task 74 200 0.37
Task 117 400 0.2925
Task 233 800 0.29125
Task 220 800 0.275
Task 158 800 0.1975
GW 1.9925
Task 125 200 0.625
Task 105 200 0.525
Task 83 200 0.415
Task 52 200 0.26
Task 37 400 0.0925
Task 60 800 0.075
GW 0.3
Task 300 1000 0.3
-------------
080
-------------
GW 1.9875
Task 64 100 0.64
Task 53 100 0.53
Task 34 100 0.34
Task 67 200 0.335
Task 15 200 0.075
Task 27 400 0.0675
GW 1.98125
Task 86 100 0.86
Task 52 100 0.52
Task 77 200 0.385
Task 38 400 0.095
Task 55 800 0.06875
Task 42 800 0.0525
GW 0.3
Task 300 1000 0.3
-------------
081
-------------
GW 1.98625
Task 91 100 0.91
Task 66 200 0.33
Task 60 200 0.3
Task 51 200 0.255
Task 53 400 0.1325
Task 47 800 0.05875
GW 1.975
Task 83 100 0.83
Task 43 100 0.43
Task 30 100 0.3
Task 22 100 0.22
Task 29 200 0.145
Task 40 800 0.05
GW 0.3
Task 300 1000 0.3
-------------
082
-------------
GW 1.96875
Task 85 100 0.85
Task 82 100 0.82
Task 10 100 0.1
Task 17 200 0.085
Task 49 800 0.06125
Task 42 800 0.0525
GW 1.99
Task 67 100 0.67
Task 47 100 0.47
Task 75 200 0.375
Task 47 200 0.235
Task 63 400 0.1575
Task 66 800 0.0825
GW 0.3
Task 300 1000 0.3
-------------
083
-------------
GW 1.98
Task 90 100 0.9
Task 86 100 0.86
Task 7 100 0.07
Task 5 100 0.05
Task 10 200 0.05
Task 10 200 0.05
GW 1.975
Task 65 100 0.65
Task 63 100 0.63
Task 28 100 0.28
Task 51 200 0.255
Task 22 200 0.11
Task 20 400 0.05
GW 0.3
Task 300 1000 0.3
-------------
084
-------------
GW 1.975
Task 89 100 0.89
Task 37 100 0.37
Task 58 200 0.29
Task 43 200 0.215
Task 48 400 0.12
Task 36 400 0.09
GW 1.98
Task 96 100 0.96
Task 43 100 0.43
Task 55 200 0.275
Task 37 200 0.185
Task 29 400 0.0725
Task 46 800 0.0575
GW 0.3
Task 300 1000 0.3
-------------
085
-------------
GW 1.98875
Task 60 100 0.6
Task 110 200 0.55
Task 99 200 0.495
Task 168 800 0.21
Task 58 800 0.0725
Task 49 800 0.06125
GW 1.99125
Task 95 100 0.95
Task 32 100 0.32
Task 49 200 0.245
Task 85 400 0.2125
Task 58 400 0.145
Task 95 800 0.11875
GW 0.3
Task 300 1000 0.3
-------------
086
-------------
GW 1.99
Task 162 200 0.81
Task 155 200 0.775
Task 43 400 0.1075
Task 43 400 0.1075
Task 39 400 0.0975
Task 37 400 0.0925
GW 1.98625
Task 71 100 0.71
Task 137 200 0.685
Task 107 400 0.2675
Task 73 400 0.1825
Task 63 800 0.07875
Task 50 800 0.0625
GW 0.3
Task 300 1000 0.3
-------------
087
-------------
GW 1.98375
Task 89 100 0.89
Task 96 200 0.48
Task 88 200 0.44
Task 54 800 0.0675
Task 45 800 0.05625
Task 40 800 0.05
GW 1.98625
Task 53 100 0.53
Task 48 100 0.48
Task 42 100 0.42
Task 72 200 0.36
Task 48 400 0.12
Task 61 800 0.07625
GW 0.3
Task 300 1000 0.3
-------------
088
-------------
GW 1.98875
Task 99 100 0.99
Task 79 200 0.395
Task 75 200 0.375
Task 43 400 0.1075
Task 51 800 0.06375
Task 46 800 0.0575
GW 1.985
Task 97 100 0.97
Task 97 200 0.485
Task 41 200 0.205
Task 104 800 0.13
Task 92 800 0.115
Task 64 800 0.08
GW 0.3
Task 300 1000 0.3
-------------
089
-------------
GW 1.98
Task 91 100 0.91
Task 70 100 0.7
Task 15 100 0.15
Task 11 100 0.11
Task 11 200 0.055
Task 22 400 0.055
GW 1.99375
Task 68 100 0.68
Task 44 100 0.44
Task 133 400 0.3325
Task 194 800 0.2425
Task 139 800 0.17375
Task 100 800 0.125
GW 0.3
Task 300 1000 0.3
-------------
090
-------------
GW 1.98375
Task 97 100 0.97
Task 54 100 0.54
Task 24 100 0.24
Task 21 200 0.105
Task 13 200 0.065
Task 51 800 0.06375
GW 1.98375
Task 72 100 0.72
Task 63 100 0.63
Task 67 200 0.335
Task 67 400 0.1675
Task 27 400 0.0675
Task 51 800 0.06375
GW 0.3
Task 300 1000 0.3
-------------
091
-------------
GW 1.99
Task 71 100 0.71
Task 48 100 0.48
Task 53 200 0.265
Task 51 200 0.255
Task 79 400 0.1975
Task 66 800 0.0825
GW 1.99
Task 65 100 0.65
Task 81 200 0.405
Task 142 400 0.355
Task 104 400 0.26
Task 93 400 0.2325
Task 35 400 0.0875
GW 0.3
Task 300 1000 0.3
-------------
092
-------------
GW 1.9875
Task 72 100 0.72
Task 117 200 0.585
Task 61 200 0.305
Task 58 400 0.145
Task 95 800 0.11875
Task 91 800 0.11375
GW 1.99375
Task 133 200 0.665
Task 197 400 0.4925
Task 353 800 0.44125
Task 168 800 0.21
Task 102 800 0.1275
Task 46 800 0.0575
GW 0.3
Task 300 1000 0.3
-------------
093
-------------
GW 1.98875
Task 84 100 0.84
Task 197 400 0.4925
Task 147 400 0.3675
Task 114 800 0.1425
Task 60 800 0.075
Task 57 800 0.07125
GW 1.97375
Task 91 100 0.91
Task 44 100 0.44
Task 23 100 0.23
Task 83 400 0.2075
Task 52 400 0.13
Task 45 800 0.05625
GW 0.3
Task 300 1000 0.3
-------------
094
-------------
GW 1.98875
Task 88 100 0.88
Task 70 100 0.7
Task 29 200 0.145
Task 45 400 0.1125
Task 64 800 0.08
Task 57 800 0.07125
GW 1.9725
Task 54 100 0.54
Task 52 100 0.52
Task 59 200 0.295
Task 53 200 0.265
Task 39 200 0.195
Task 126 800 0.1575
GW 0.3
Task 300 1000 0.3
-------------
095
-------------
GW 1.99375
Task 382 400 0.955
Task 195 400 0.4875
Task 151 400 0.3775
Task 28 400 0.07
Task 21 400 0.0525
Task 41 800 0.05125
GW 1.98625
Task 158 200 0.79
Task 106 200 0.53
Task 57 200 0.285
Task 96 400 0.24
Task 36 400 0.09
Task 41 800 0.05125
GW 0.3
Task 300 1000 0.3
-------------
096
-------------
GW 1.99125
Task 125 200 0.625
Task 248 400 0.62
Task 368 800 0.46
Task 107 800 0.13375
Task 66 800 0.0825
Task 56 800 0.07
GW 1.97875
Task 72 100 0.72
Task 42 100 0.42
Task 37 100 0.37
Task 48 200 0.24
Task 104 800 0.13
Task 79 800 0.09875
GW 0.3
Task 300 1000 0.3
-------------
097
-------------
GW 1.97
Task 86 100 0.86
Task 55 100 0.55
Task 22 100 0.22
Task 27 200 0.135
Task 51 400 0.1275
Task 31 400 0.0775
GW 1.975
Task 83 100 0.83
Task 57 100 0.57
Task 54 200 0.27
Task 41 200 0.205
Task 20 400 0.05
Task 40 800 0.05
GW 0.3
Task 300 1000 0.3
-------------
098
-------------
GW 1.9925
Task 79 100 0.79
Task 32 100 0.32
Task 110 400 0.275
Task 108 400 0.27
Task 70 400 0.175
Task 130 800 0.1625
GW 1.9925
Task 164 200 0.82
Task 106 200 0.53
Task 196 400 0.49
Task 21 400 0.0525
Task 20 400 0.05
Task 40 800 0.05
GW 0.3
Task 300 1000 0.3
-------------
099
-------------
GW 1.97875
Task 71 100 0.71
Task 61 100 0.61
Task 40 100 0.4
Task 31 200 0.155
Task 21 400 0.0525
Task 41 800 0.05125
GW 1.9825
Task 90 100 0.9
Task 38 100 0.38
Task 60 200 0.3
Task 40 200 0.2
Task 48 400 0.12
Task 33 400 0.0825
GW 0.3
Task 300 1000 0.3
-------------
100
-------------
