GW 1.4875
Task 74 100 0.74
Task 94 200 0.47
Task 20 200 0.1
Task 27 400 0.0675
Task 24 400 0.06
Task 40 800 0.05
GW 1.48375
Task 87 100 0.87
Task 30 100 0.3
Task 27 200 0.135
Task 24 400 0.06
Task 48 800 0.06
Task 47 800 0.05875
GW 0.3
Task 300 1000 0.3
-------------
001
-------------
GW 1.48
Task 65 100 0.65
Task 37 100 0.37
Task 50 200 0.25
Task 34 400 0.085
Task 51 800 0.06375
Task 49 800 0.06125
GW 1.49625
Task 277 400 0.6925
Task 107 400 0.2675
Task 94 400 0.235
Task 50 400 0.125
Task 96 800 0.12
Task 45 800 0.05625
GW 0.3
Task 300 1000 0.3
-------------
002
-------------
GW 1.48625
Task 75 100 0.75
Task 52 100 0.52
Task 12 200 0.06
Task 11 200 0.055
Task 41 800 0.05125
Task 40 800 0.05
GW 1.48125
Task 47 100 0.47
Task 41 100 0.41
Task 63 400 0.1575
Task 120 800 0.15
Task 118 800 0.1475
Task 117 800 0.14625
GW 0.3
Task 300 1000 0.3
-------------
003
-------------
GW 1.4875
Task 51 100 0.51
Task 37 100 0.37
Task 50 200 0.25
Task 92 400 0.23
Task 31 400 0.0775
Task 20 400 0.05
GW 1.4775
Task 47 100 0.47
Task 37 100 0.37
Task 43 200 0.215
Task 38 200 0.19
Task 72 400 0.18
Task 21 400 0.0525
GW 0.3
Task 300 1000 0.3
-------------
004
-------------
GW 1.4925
Task 87 100 0.87
Task 59 200 0.295
Task 24 200 0.12
Task 43 400 0.1075
Task 20 400 0.05
Task 20 400 0.05
GW 1.4875
Task 97 100 0.97
Task 46 200 0.23
Task 21 200 0.105
Task 14 200 0.07
Task 25 400 0.0625
Task 40 800 0.05
GW 0.3
Task 300 1000 0.3
-------------
005
-------------
GW 1.48
Task 40 100 0.4
Task 34 100 0.34
Task 54 200 0.27
Task 43 200 0.215
Task 154 800 0.1925
Task 50 800 0.0625
GW 1.49
Task 69 100 0.69
Task 94 200 0.47
Task 23 200 0.115
Task 21 200 0.105
Task 24 400 0.06
Task 40 800 0.05
GW 0.3
Task 300 1000 0.3
-------------
006
-------------
GW 1.49
Task 95 100 0.95
Task 54 200 0.27
Task 24 200 0.12
Task 10 200 0.05
Task 40 800 0.05
Task 40 800 0.05
GW 1.4825
Task 89 100 0.89
Task 35 100 0.35
Task 14 200 0.07
Task 13 200 0.065
Task 22 400 0.055
Task 42 800 0.0525
GW 0.3
Task 300 1000 0.3
-------------
007
-------------
GW 1.4975
Task 263 400 0.6575
Task 385 800 0.48125
Task 102 800 0.1275
Task 77 800 0.09625
Task 67 800 0.08375
Task 41 800 0.05125
GW 1.48
Task 65 100 0.65
Task 40 100 0.4
Task 14 100 0.14
Task 25 200 0.125
Task 23 200 0.115
Task 10 200 0.05
GW 0.3
Task 300 1000 0.3
-------------
008
-------------
GW 1.49375
Task 155 200 0.775
Task 70 200 0.35
Task 27 200 0.135
Task 79 800 0.09875
Task 67 800 0.08375
Task 41 800 0.05125
GW 1.49
Task 63 100 0.63
Task 94 200 0.47
Task 61 400 0.1525
Task 76 800 0.095
Task 59 800 0.07375
Task 55 800 0.06875
GW 0.3
Task 300 1000 0.3
-------------
009
-------------
GW 1.485
Task 72 100 0.72
Task 29 100 0.29
Task 44 200 0.22
Task 47 400 0.1175
Task 32 400 0.08
Task 46 800 0.0575
GW 1.49
Task 55 100 0.55
Task 69 200 0.345
Task 102 400 0.255
Task 73 400 0.1825
Task 35 400 0.0875
Task 28 400 0.07
GW 0.3
Task 300 1000 0.3
-------------
010
-------------
GW 1.485
Task 88 100 0.88
Task 27 100 0.27
Task 25 200 0.125
Task 32 400 0.08
Task 31 400 0.0775
Task 42 800 0.0525
GW 1.4925
Task 112 200 0.56
Task 101 200 0.505
Task 53 200 0.265
Task 12 200 0.06
Task 42 800 0.0525
Task 40 800 0.05
GW 0.3
Task 300 1000 0.3
-------------
011
-------------
GW 1.4875
Task 58 100 0.58
Task 102 200 0.51
Task 22 200 0.11
Task 45 400 0.1125
Task 35 400 0.0875
Task 35 400 0.0875
GW 1.4875
Task 80 100 0.8
Task 52 200 0.26
Task 26 200 0.13
Task 50 400 0.125
Task 42 400 0.105
Task 27 400 0.0675
GW 0.3
Task 300 1000 0.3
-------------
012
-------------
GW 1.4875
Task 89 100 0.89
Task 38 200 0.19
Task 29 200 0.145
Task 89 800 0.11125
Task 78 800 0.0975
Task 43 800 0.05375
GW 1.485
Task 80 100 0.8
Task 28 100 0.28
Task 15 100 0.15
Task 27 200 0.135
Task 26 400 0.065
Task 44 800 0.055
GW 0.3
Task 300 1000 0.3
-------------
013
-------------
GW 1.4875
Task 70 100 0.7
Task 57 100 0.57
Task 27 400 0.0675
Task 20 400 0.05
Task 40 800 0.05
Task 40 800 0.05
GW 1.47125
Task 91 100 0.91
Task 26 100 0.26
Task 9 100 0.09
Task 16 200 0.08
Task 57 800 0.07125
Task 48 800 0.06
GW 0.3
Task 300 1000 0.3
-------------
014
-------------
GW 1.4875
Task 46 100 0.46
Task 33 100 0.33
Task 24 100 0.24
Task 44 200 0.22
Task 33 200 0.165
Task 29 400 0.0725
GW 1.48625
Task 134 200 0.67
Task 84 200 0.42
Task 42 200 0.21
Task 34 400 0.085
Task 41 800 0.05125
Task 40 800 0.05
GW 0.3
Task 300 1000 0.3
-------------
015
-------------
GW 1.485
Task 81 100 0.81
Task 21 100 0.21
Task 18 100 0.18
Task 26 200 0.13
Task 17 200 0.085
Task 28 400 0.07
GW 1.4775
Task 32 100 0.32
Task 31 100 0.31
Task 59 200 0.295
Task 50 200 0.25
Task 78 400 0.195
Task 43 400 0.1075
GW 0.3
Task 300 1000 0.3
-------------
016
-------------
GW 1.4875
Task 82 200 0.41
Task 70 200 0.35
Task 117 400 0.2925
Task 69 400 0.1725
Task 65 400 0.1625
Task 80 800 0.1
GW 1.4875
Task 79 100 0.79
Task 36 200 0.18
Task 61 400 0.1525
Task 106 800 0.1325
Task 98 800 0.1225
Task 88 800 0.11
GW 0.3
Task 300 1000 0.3
-------------
017
-------------
GW 1.4825
Task 51 100 0.51
Task 36 100 0.36
Task 95 400 0.2375
Task 138 800 0.1725
Task 104 800 0.13
Task 58 800 0.0725
GW 1.4775
Task 90 100 0.9
Task 32 100 0.32
Task 14 200 0.07
Task 13 200 0.065
Task 51 800 0.06375
Task 47 800 0.05875
GW 0.3
Task 300 1000 0.3
-------------
018
-------------
GW 1.48875
Task 83 100 0.83
Task 34 100 0.34
Task 49 400 0.1225
Task 33 400 0.0825
Task 47 800 0.05875
Task 44 800 0.055
GW 1.48875
Task 93 100 0.93
Task 19 100 0.19
Task 24 200 0.12
Task 20 200 0.1
Task 18 200 0.09
Task 47 800 0.05875
GW 0.3
Task 300 1000 0.3
-------------
019
-------------
GW 1.48
Task 51 100 0.51
Task 64 200 0.32
Task 61 200 0.305
Task 83 400 0.2075
Task 30 400 0.075
Task 50 800 0.0625
GW 1.4825
Task 91 100 0.91
Task 18 100 0.18
Task 31 200 0.155
Task 20 200 0.1
Task 30 400 0.075
Task 25 400 0.0625
GW 0.3
Task 300 1000 0.3
-------------
020
-------------
GW 1.4825
Task 74 100 0.74
Task 29 100 0.29
Task 38 200 0.19
Task 24 200 0.12
Task 37 400 0.0925
Task 40 800 0.05
GW 1.4775
Task 54 100 0.54
Task 50 100 0.5
Task 21 100 0.21
Task 19 200 0.095
Task 14 200 0.07
Task 25 400 0.0625
GW 0.3
Task 300 1000 0.3
-------------
021
-------------
GW 1.485
Task 70 100 0.7
Task 113 200 0.565
Task 14 200 0.07
Task 20 400 0.05
Task 20 400 0.05
Task 40 800 0.05
GW 1.495
Task 71 100 0.71
Task 169 400 0.4225
Task 46 400 0.115
Task 81 800 0.10125
Task 60 800 0.075
Task 57 800 0.07125
GW 0.3
Task 300 1000 0.3
-------------
022
-------------
GW 1.48875
Task 135 200 0.675
Task 55 200 0.275
Task 64 400 0.16
Task 123 800 0.15375
Task 122 800 0.1525
Task 58 800 0.0725
GW 1.485
Task 81 100 0.81
Task 29 100 0.29
Task 47 200 0.235
Task 10 200 0.05
Task 20 400 0.05
Task 40 800 0.05
GW 0.3
Task 300 1000 0.3
-------------
023
-------------
GW 1.49
Task 87 100 0.87
Task 49 200 0.245
Task 25 200 0.125
Task 25 200 0.125
Task 15 200 0.075
Task 20 400 0.05
GW 1.49625
Task 81 100 0.81
Task 369 800 0.46125
Task 49 800 0.06125
Task 48 800 0.06
Task 43 800 0.05375
Task 40 800 0.05
GW 0.3
Task 300 1000 0.3
-------------
024
-------------
GW 1.47
Task 94 100 0.94
Task 29 100 0.29
Task 7 100 0.07
Task 13 200 0.065
Task 11 200 0.055
Task 40 800 0.05
GW 1.485
Task 86 100 0.86
Task 63 200 0.315
Task 27 200 0.135
Task 30 400 0.075
Task 20 400 0.05
Task 40 800 0.05
GW 0.3
Task 300 1000 0.3
-------------
025
-------------
GW 1.495
Task 92 100 0.92
Task 58 200 0.29
Task 41 400 0.1025
Task 33 400 0.0825
Task 20 400 0.05
Task 40 800 0.05
GW 1.4875
Task 65 100 0.65
Task 77 200 0.385
Task 54 200 0.27
Task 32 400 0.08
Task 41 800 0.05125
Task 41 800 0.05125
GW 0.3
Task 300 1000 0.3
-------------
026
-------------
GW 1.49375
Task 158 200 0.79
Task 128 400 0.32
Task 60 400 0.15
Task 40 400 0.1
Task 55 800 0.06875
Task 52 800 0.065
GW 1.49125
Task 149 200 0.745
Task 129 400 0.3225
Task 106 400 0.265
Task 44 800 0.055
Task 42 800 0.0525
Task 41 800 0.05125
GW 0.3
Task 300 1000 0.3
-------------
027
-------------
GW 1.4775
Task 79 100 0.79
Task 17 100 0.17
Task 16 100 0.16
Task 31 200 0.155
Task 56 400 0.14
Task 25 400 0.0625
GW 1.49625
Task 64 100 0.64
Task 251 400 0.6275
Task 29 400 0.0725
Task 44 800 0.055
Task 41 800 0.05125
Task 40 800 0.05
GW 0.3
Task 300 1000 0.3
-------------
028
-------------
GW 1.475
Task 72 100 0.72
Task 30 100 0.3
Task 25 100 0.25
Task 18 200 0.09
Task 13 200 0.065
Task 20 400 0.05
GW 1.48875
Task 72 100 0.72
Task 30 100 0.3
Task 44 200 0.22
Task 58 400 0.145
Task 43 800 0.05375
Task 40 800 0.05
GW 0.3
Task 300 1000 0.3
-------------
029
-------------
GW 1.48125
Task 63 100 0.63
Task 33 100 0.33
Task 134 400 0.335
Task 27 400 0.0675
Task 54 800 0.0675
Task 41 800 0.05125
GW 1.48875
Task 81 100 0.81
Task 93 200 0.465
Task 12 200 0.06
Task 21 400 0.0525
Task 41 800 0.05125
Task 40 800 0.05
GW 0.3
Task 300 1000 0.3
-------------
030
-------------
GW 1.49125
Task 163 200 0.815
Task 41 200 0.205
Task 61 400 0.1525
Task 49 400 0.1225
Task 43 400 0.1075
Task 71 800 0.08875
GW 1.4875
Task 76 100 0.76
Task 34 100 0.34
Task 28 200 0.14
Task 36 400 0.09
Task 34 400 0.085
Task 29 400 0.0725
GW 0.3
Task 300 1000 0.3
-------------
031
-------------
GW 1.485
Task 74 100 0.74
Task 84 200 0.42
Task 26 200 0.13
Task 64 800 0.08
Task 48 800 0.06
Task 44 800 0.055
GW 1.4825
Task 35 100 0.35
Task 31 100 0.31
Task 28 100 0.28
Task 51 200 0.255
Task 46 200 0.23
Task 46 800 0.0575
GW 0.3
Task 300 1000 0.3
-------------
032
-------------
GW 1.48375
Task 54 100 0.54
Task 37 100 0.37
Task 41 200 0.205
Task 30 200 0.15
Task 59 400 0.1475
Task 57 800 0.07125
GW 1.48875
Task 50 100 0.5
Task 76 200 0.38
Task 107 400 0.2675
Task 75 400 0.1875
Task 34 400 0.085
Task 55 800 0.06875
GW 0.3
Task 300 1000 0.3
-------------
033
-------------
GW 1.4925
Task 98 200 0.49
Task 77 200 0.385
Task 90 400 0.225
Task 69 400 0.1725
Task 51 400 0.1275
Task 74 800 0.0925
GW 1.485
Task 78 200 0.39
Task 74 200 0.37
Task 68 200 0.34
Task 34 200 0.17
Task 30 200 0.15
Task 26 400 0.065
GW 0.3
Task 300 1000 0.3
-------------
034
-------------
GW 1.475
Task 42 100 0.42
Task 39 100 0.39
Task 35 100 0.35
Task 41 200 0.205
Task 12 200 0.06
Task 10 200 0.05
GW 1.48125
Task 52 100 0.52
Task 34 100 0.34
Task 66 200 0.33
Task 23 200 0.115
Task 86 800 0.1075
Task 55 800 0.06875
GW 0.3
Task 300 1000 0.3
-------------
035
-------------
GW 1.49125
Task 154 200 0.77
Task 91 200 0.455
Task 20 200 0.1
Task 25 400 0.0625
Task 42 800 0.0525
Task 41 800 0.05125
GW 1.4925
Task 85 100 0.85
Task 43 200 0.215
Task 55 400 0.1375
Task 54 400 0.135
Task 81 800 0.10125
Task 43 800 0.05375
GW 0.3
Task 300 1000 0.3
-------------
036
-------------
GW 1.4825
Task 88 100 0.88
Task 51 200 0.255
Task 30 200 0.15
Task 18 200 0.09
Task 23 400 0.0575
Task 40 800 0.05
GW 1.48875
Task 50 100 0.5
Task 71 200 0.355
Task 44 200 0.22
Task 71 400 0.1775
Task 102 800 0.1275
Task 87 800 0.10875
GW 0.3
Task 300 1000 0.3
-------------
037
-------------
GW 1.4825
Task 69 100 0.69
Task 31 100 0.31
Task 16 100 0.16
Task 15 100 0.15
Task 19 200 0.095
Task 31 400 0.0775
GW 1.4875
Task 68 100 0.68
Task 60 100 0.6
Task 11 200 0.055
Task 21 400 0.0525
Task 20 400 0.05
Task 40 800 0.05
GW 0.3
Task 300 1000 0.3
-------------
038
-------------
GW 1.48
Task 52 100 0.52
Task 73 200 0.365
Task 64 200 0.32
Task 20 200 0.1
Task 38 400 0.095
Task 32 400 0.08
GW 1.4775
Task 64 100 0.64
Task 22 100 0.22
Task 18 100 0.18
Task 18 100 0.18
Task 29 200 0.145
Task 90 800 0.1125
GW 0.3
Task 300 1000 0.3
-------------
039
-------------
GW 1.4925
Task 83 100 0.83
Task 80 400 0.2
Task 79 400 0.1975
Task 59 400 0.1475
Task 50 800 0.0625
Task 44 800 0.055
GW 1.49
Task 80 100 0.8
Task 50 200 0.25
Task 66 400 0.165
Task 46 400 0.115
Task 42 400 0.105
Task 44 800 0.055
GW 0.3
Task 300 1000 0.3
-------------
040
-------------
GW 1.49375
Task 92 100 0.92
Task 109 400 0.2725
Task 37 400 0.0925
Task 30 400 0.075
Task 27 400 0.0675
Task 53 800 0.06625
GW 1.48375
Task 56 100 0.56
Task 40 100 0.4
Task 16 100 0.16
Task 128 800 0.16
Task 123 800 0.15375
Task 40 800 0.05
GW 0.3
Task 300 1000 0.3
-------------
041
-------------
GW 1.4925
Task 234 400 0.585
Task 174 400 0.435
Task 131 800 0.16375
Task 113 800 0.14125
Task 85 800 0.10625
Task 49 800 0.06125
GW 1.47625
Task 75 100 0.75
Task 22 100 0.22
Task 15 100 0.15
Task 54 400 0.135
Task 101 800 0.12625
Task 76 800 0.095
GW 0.3
Task 300 1000 0.3
-------------
042
-------------
GW 1.4875
Task 96 100 0.96
Task 37 200 0.185
Task 29 200 0.145
Task 19 200 0.095
Task 21 400 0.0525
Task 40 800 0.05
GW 1.49
Task 81 100 0.81
Task 30 100 0.3
Task 16 100 0.16
Task 19 200 0.095
Task 29 400 0.0725
Task 42 800 0.0525
GW 0.3
Task 300 1000 0.3
-------------
043
-------------
GW 1.485
Task 82 100 0.82
Task 25 100 0.25
Task 36 200 0.18
Task 27 200 0.135
Task 20 400 0.05
Task 20 400 0.05
GW 1.49
Task 90 100 0.9
Task 38 100 0.38
Task 11 200 0.055
Task 21 400 0.0525
Task 42 800 0.0525
Task 40 800 0.05
GW 0.3
Task 300 1000 0.3
-------------
044
-------------
GW 1.4775
Task 66 100 0.66
Task 39 100 0.39
Task 25 200 0.125
Task 22 200 0.11
Task 43 400 0.1075
Task 34 400 0.085
GW 1.4825
Task 98 100 0.98
Task 20 100 0.2
Task 11 100 0.11
Task 27 400 0.0675
Task 25 400 0.0625
Task 50 800 0.0625
GW 0.3
Task 300 1000 0.3
-------------
045
-------------
GW 1.49
Task 88 100 0.88
Task 128 400 0.32
Task 33 400 0.0825
Task 32 400 0.08
Task 53 800 0.06625
Task 49 800 0.06125
GW 1.48
Task 96 100 0.96
Task 30 100 0.3
Task 14 200 0.07
Task 20 400 0.05
Task 20 400 0.05
Task 40 800 0.05
GW 0.3
Task 300 1000 0.3
-------------
046
-------------
GW 1.4875
Task 65 100 0.65
Task 41 100 0.41
Task 64 400 0.16
Task 118 800 0.1475
Task 52 800 0.065
Task 44 800 0.055
GW 1.48
Task 75 100 0.75
Task 43 100 0.43
Task 20 200 0.1
Task 16 200 0.08
Task 54 800 0.0675
Task 42 800 0.0525
GW 0.3
Task 300 1000 0.3
-------------
047
-------------
GW 1.48
Task 94 100 0.94
Task 34 100 0.34
Task 5 100 0.05
Task 5 100 0.05
Task 5 100 0.05
Task 40 800 0.05
GW 1.4975
Task 58 100 0.58
Task 89 400 0.2225
Task 83 400 0.2075
Task 79 400 0.1975
Task 131 800 0.16375
Task 101 800 0.12625
GW 0.3
Task 300 1000 0.3
-------------
048
-------------
GW 1.48125
Task 64 100 0.64
Task 26 100 0.26
Task 90 400 0.225
Task 131 800 0.16375
Task 110 800 0.1375
Task 44 800 0.055
GW 1.48375
Task 69 100 0.69
Task 53 100 0.53
Task 16 200 0.08
Task 66 800 0.0825
Task 41 800 0.05125
Task 40 800 0.05
GW 0.3
Task 300 1000 0.3
-------------
049
-------------
GW 1.49
Task 117 200 0.585
Task 234 400 0.585
Task 49 400 0.1225
Task 34 400 0.085
Task 23 400 0.0575
Task 22 400 0.055
GW 1.48875
Task 174 200 0.87
Task 36 200 0.18
Task 49 400 0.1225
Task 49 400 0.1225
Task 46 400 0.115
Task 63 800 0.07875
GW 0.3
Task 300 1000 0.3
-------------
050
-------------
GW 1.48125
Task 56 100 0.56
Task 55 100 0.55
Task 16 100 0.16
Task 15 200 0.075
Task 30 400 0.075
Task 49 800 0.06125
GW 1.485
Task 63 100 0.63
Task 45 100 0.45
Task 35 200 0.175
Task 75 800 0.09375
Task 57 800 0.07125
Task 52 800 0.065
GW 0.3
Task 300 1000 0.3
-------------
051
-------------
GW 1.48375
Task 51 100 0.51
Task 35 100 0.35
Task 19 100 0.19
Task 35 200 0.175
Task 57 400 0.1425
Task 93 800 0.11625
GW 1.48875
Task 59 100 0.59
Task 194 400 0.485
Task 75 400 0.1875
Task 85 800 0.10625
Task 53 800 0.06625
Task 43 800 0.05375
GW 0.3
Task 300 1000 0.3
-------------
052
-------------
GW 1.4775
Task 65 100 0.65
Task 35 100 0.35
Task 36 200 0.18
Task 27 200 0.135
Task 43 400 0.1075
Task 44 800 0.055
GW 1.485
Task 57 100 0.57
Task 40 100 0.4
Task 110 400 0.275
Task 42 400 0.105
Task 29 400 0.0725
Task 25 400 0.0625
GW 0.3
Task 300 1000 0.3
-------------
053
-------------
GW 1.4775
Task 79 100 0.79
Task 40 100 0.4
Task 9 100 0.09
Task 28 400 0.07
Task 56 800 0.07
Task 46 800 0.0575
GW 1.4825
Task 61 100 0.61
Task 56 100 0.56
Task 10 100 0.1
Task 10 100 0.1
Task 25 400 0.0625
Task 20 400 0.05
GW 0.3
Task 300 1000 0.3
-------------
054
-------------
GW 1.47625
Task 54 100 0.54
Task 28 100 0.28
Task 26 100 0.26
Task 37 200 0.185
Task 58 400 0.145
Task 53 800 0.06625
GW 1.4875
Task 50 100 0.5
Task 86 200 0.43
Task 88 400 0.22
Task 104 800 0.13
Task 91 800 0.11375
Task 75 800 0.09375
GW 0.3
Task 300 1000 0.3
-------------
055
-------------
GW 1.48625
Task 50 100 0.5
Task 72 200 0.36
Task 50 200 0.25
Task 161 800 0.20125
Task 90 800 0.1125
Task 50 800 0.0625
GW 1.48625
Task 137 200 0.685
Task 56 200 0.28
Task 96 400 0.24
Task 54 400 0.135
Task 30 400 0.075
Task 57 800 0.07125
GW 0.3
Task 300 1000 0.3
-------------
056
-------------
GW 1.4875
Task 66 100 0.66
Task 25 100 0.25
Task 38 200 0.19
Task 63 400 0.1575
Task 56 400 0.14
Task 72 800 0.09
GW 1.48125
Task 68 100 0.68
Task 24 100 0.24
Task 18 100 0.18
Task 13 100 0.13
Task 51 400 0.1275
Task 99 800 0.12375
GW 0.3
Task 300 1000 0.3
-------------
057
-------------
GW 1.485
Task 52 100 0.52
Task 42 100 0.42
Task 38 200 0.19
Task 28 200 0.14
Task 52 400 0.13
Task 68 800 0.085
GW 1.4925
Task 159 200 0.795
Task 69 200 0.345
Task 77 400 0.1925
Task 45 800 0.05625
Task 43 800 0.05375
Task 40 800 0.05
GW 0.3
Task 300 1000 0.3
-------------
058
-------------
GW 1.4875
Task 74 100 0.74
Task 48 100 0.48
Task 10 100 0.1
Task 24 400 0.06
Task 23 400 0.0575
Task 40 800 0.05
GW 1.48625
Task 74 100 0.74
Task 69 200 0.345
Task 57 400 0.1425
Task 111 800 0.13875
Task 55 800 0.06875
Task 41 800 0.05125
GW 0.3
Task 300 1000 0.3
-------------
059
-------------
GW 1.48375
Task 57 100 0.57
Task 34 100 0.34
Task 51 200 0.255
Task 72 400 0.18
Task 29 400 0.0725
Task 53 800 0.06625
GW 1.485
Task 79 100 0.79
Task 54 200 0.27
Task 32 200 0.16
Task 23 200 0.115
Task 32 400 0.08
Task 56 800 0.07
GW 0.3
Task 300 1000 0.3
-------------
060
-------------
GW 1.48
Task 71 100 0.71
Task 34 100 0.34
Task 18 100 0.18
Task 35 400 0.0875
Task 33 400 0.0825
Task 32 400 0.08
GW 1.48875
Task 92 100 0.92
Task 48 200 0.24
Task 62 400 0.155
Task 58 800 0.0725
Task 41 800 0.05125
Task 40 800 0.05
GW 0.3
Task 300 1000 0.3
-------------
061
-------------
GW 1.48375
Task 86 100 0.86
Task 23 100 0.23
Task 12 100 0.12
Task 23 200 0.115
Task 85 800 0.10625
Task 42 800 0.0525
GW 1.4925
Task 59 100 0.59
Task 114 200 0.57
Task 31 200 0.155
Task 26 400 0.065
Task 47 800 0.05875
Task 43 800 0.05375
GW 0.3
Task 300 1000 0.3
-------------
062
-------------
GW 1.48375
Task 76 100 0.76
Task 58 200 0.29
Task 85 400 0.2125
Task 33 400 0.0825
Task 66 800 0.0825
Task 45 800 0.05625
GW 1.49625
Task 67 100 0.67
Task 104 200 0.52
Task 28 200 0.14
Task 26 400 0.065
Task 41 800 0.05125
Task 40 800 0.05
GW 0.3
Task 300 1000 0.3
-------------
063
-------------
GW 1.485
Task 56 100 0.56
Task 45 100 0.45
Task 33 200 0.165
Task 32 200 0.16
Task 15 200 0.075
Task 60 800 0.075
GW 1.48
Task 82 100 0.82
Task 24 100 0.24
Task 40 200 0.2
Task 45 400 0.1125
Task 23 400 0.0575
Task 20 400 0.05
GW 0.3
Task 300 1000 0.3
-------------
064
-------------
GW 1.48875
Task 55 100 0.55
Task 49 200 0.245
Task 90 400 0.225
Task 83 400 0.2075
Task 162 800 0.2025
Task 47 800 0.05875
GW 1.495
Task 280 400 0.7
Task 169 400 0.4225
Task 79 400 0.1975
Task 26 400 0.065
Task 44 800 0.055
Task 44 800 0.055
GW 0.3
Task 300 1000 0.3
-------------
065
-------------
GW 1.485
Task 68 100 0.68
Task 41 100 0.41
Task 28 200 0.14
Task 42 400 0.105
Task 40 400 0.1
Task 40 800 0.05
GW 1.49
Task 65 100 0.65
Task 65 200 0.325
Task 99 400 0.2475
Task 82 800 0.1025
Task 77 800 0.09625
Task 55 800 0.06875
GW 0.3
Task 300 1000 0.3
-------------
066
-------------
GW 1.4825
Task 94 100 0.94
Task 42 200 0.21
Task 27 200 0.135
Task 66 800 0.0825
Task 50 800 0.0625
Task 42 800 0.0525
GW 1.48625
Task 52 100 0.52
Task 34 100 0.34
Task 111 400 0.2775
Task 94 400 0.235
Task 49 800 0.06125
Task 42 800 0.0525
GW 0.3
Task 300 1000 0.3
-------------
067
-------------
GW 1.49375
Task 135 200 0.675
Task 61 200 0.305
Task 84 400 0.21
Task 53 400 0.1325
Task 71 800 0.08875
Task 66 800 0.0825
GW 1.48
Task 50 100 0.5
Task 48 100 0.48
Task 29 100 0.29
Task 9 100 0.09
Task 7 100 0.07
Task 10 200 0.05
GW 0.3
Task 300 1000 0.3
-------------
068
-------------
GW 1.48625
Task 86 100 0.86
Task 64 200 0.32
Task 18 200 0.09
Task 33 400 0.0825
Task 32 400 0.08
Task 43 800 0.05375
GW 1.47625
Task 46 100 0.46
Task 34 100 0.34
Task 56 200 0.28
Task 100 400 0.25
Task 35 400 0.0875
Task 47 800 0.05875
GW 0.3
Task 300 1000 0.3
-------------
069
-------------
GW 1.4825
Task 58 100 0.58
Task 42 100 0.42
Task 15 100 0.15
Task 30 200 0.15
Task 46 400 0.115
Task 27 400 0.0675
GW 1.48125
Task 91 100 0.91
Task 29 100 0.29
Task 9 100 0.09
Task 7 100 0.07
Task 54 800 0.0675
Task 43 800 0.05375
GW 0.3
Task 300 1000 0.3
-------------
070
-------------
GW 1.4875
Task 76 100 0.76
Task 156 400 0.39
Task 74 400 0.185
Task 21 400 0.0525
Task 40 800 0.05
Task 40 800 0.05
GW 1.4775
Task 65 100 0.65
Task 31 100 0.31
Task 61 200 0.305
Task 37 400 0.0925
Task 24 400 0.06
Task 48 800 0.06
GW 0.3
Task 300 1000 0.3
-------------
071
-------------
GW 1.48625
Task 91 100 0.91
Task 16 100 0.16
Task 12 100 0.12
Task 94 800 0.1175
Task 86 800 0.1075
Task 57 800 0.07125
GW 1.48625
Task 59 100 0.59
Task 75 200 0.375
Task 105 400 0.2625
Task 44 400 0.11
Task 69 800 0.08625
Task 50 800 0.0625
GW 0.3
Task 300 1000 0.3
-------------
072
-------------
GW 1.48375
Task 66 100 0.66
Task 67 200 0.335
Task 33 200 0.165
Task 30 200 0.15
Task 21 200 0.105
Task 55 800 0.06875
GW 1.4825
Task 53 100 0.53
Task 56 200 0.28
Task 110 400 0.275
Task 74 400 0.185
Task 106 800 0.1325
Task 64 800 0.08
GW 0.3
Task 300 1000 0.3
-------------
073
-------------
GW 1.48125
Task 57 100 0.57
Task 48 100 0.48
Task 45 200 0.225
Task 33 400 0.0825
Task 50 800 0.0625
Task 49 800 0.06125
GW 1.48625
Task 71 100 0.71
Task 54 100 0.54
Task 28 400 0.07
Task 24 400 0.06
Task 22 400 0.055
Task 41 800 0.05125
GW 0.3
Task 300 1000 0.3
-------------
074
-------------
GW 1.49
Task 85 100 0.85
Task 65 200 0.325
Task 46 400 0.115
Task 34 400 0.085
Task 23 400 0.0575
Task 46 800 0.0575
GW 1.47
Task 68 100 0.68
Task 43 100 0.43
Task 12 100 0.12
Task 11 100 0.11
Task 32 400 0.08
Task 20 400 0.05
GW 0.3
Task 300 1000 0.3
-------------
075
-------------
GW 1.48875
Task 138 200 0.69
Task 39 200 0.195
Task 35 200 0.175
Task 66 400 0.165
Task 58 400 0.145
Task 95 800 0.11875
GW 1.48375
Task 71 100 0.71
Task 84 200 0.42
Task 39 200 0.195
Task 23 400 0.0575
Task 41 800 0.05125
Task 40 800 0.05
GW 0.3
Task 300 1000 0.3
-------------
076
-------------
GW 1.48625
Task 52 100 0.52
Task 88 200 0.44
Task 38 200 0.19
Task 56 400 0.14
Task 55 400 0.1375
Task 47 800 0.05875
GW 1.49
Task 177 200 0.885
Task 83 400 0.2075
Task 73 400 0.1825
Task 38 400 0.095
Task 56 800 0.07
Task 40 800 0.05
GW 0.3
Task 300 1000 0.3
-------------
077
-------------
GW 1.48625
Task 77 100 0.77
Task 67 200 0.335
Task 60 400 0.15
Task 42 400 0.105
Task 30 400 0.075
Task 41 800 0.05125
GW 1.485
Task 51 100 0.51
Task 43 100 0.43
Task 35 100 0.35
Task 35 400 0.0875
Task 22 400 0.055
Task 21 400 0.0525
GW 0.3
Task 300 1000 0.3
-------------
078
-------------
GW 1.485
Task 57 100 0.57
Task 213 400 0.5325
Task 74 400 0.185
Task 28 400 0.07
Task 28 400 0.07
Task 46 800 0.0575
GW 1.49375
Task 199 200 0.995
Task 46 200 0.23
Task 19 200 0.095
Task 14 200 0.07
Task 21 400 0.0525
Task 41 800 0.05125
GW 0.3
Task 300 1000 0.3
-------------
079
-------------
GW 1.4775
Task 54 100 0.54
Task 37 100 0.37
Task 20 100 0.2
Task 65 400 0.1625
Task 42 400 0.105
Task 80 800 0.1
GW 1.495
Task 120 200 0.6
Task 59 200 0.295
Task 96 400 0.24
Task 68 400 0.17
Task 39 400 0.0975
Task 74 800 0.0925
GW 0.3
Task 300 1000 0.3
-------------
080
-------------
GW 1.485
Task 87 100 0.87
Task 26 100 0.26
Task 23 200 0.115
Task 21 200 0.105
Task 34 400 0.085
Task 40 800 0.05
GW 1.49125
Task 95 100 0.95
Task 29 200 0.145
Task 56 400 0.14
Task 41 400 0.1025
Task 40 400 0.1
Task 43 800 0.05375
GW 0.3
Task 300 1000 0.3
-------------
081
-------------
GW 1.475
Task 88 100 0.88
Task 21 100 0.21
Task 33 200 0.165
Task 18 200 0.09
Task 60 800 0.075
Task 44 800 0.055
GW 1.47375
Task 79 100 0.79
Task 55 200 0.275
Task 44 200 0.22
Task 16 200 0.08
Task 11 200 0.055
Task 43 800 0.05375
GW 0.3
Task 300 1000 0.3
-------------
082
-------------
GW 1.49
Task 137 200 0.685
Task 92 200 0.46
Task 43 400 0.1075
Task 75 800 0.09375
Task 58 800 0.0725
Task 57 800 0.07125
GW 1.49
Task 94 100 0.94
Task 21 100 0.21
Task 19 100 0.19
Task 10 200 0.05
Task 20 400 0.05
Task 20 400 0.05
GW 0.3
Task 300 1000 0.3
-------------
083
-------------
GW 1.48875
Task 65 100 0.65
Task 45 100 0.45
Task 89 400 0.2225
Task 24 400 0.06
Task 43 800 0.05375
Task 42 800 0.0525
GW 1.49125
Task 78 100 0.78
Task 94 200 0.47
Task 14 200 0.07
Task 24 400 0.06
Task 24 400 0.06
Task 41 800 0.05125
GW 0.3
Task 300 1000 0.3
-------------
084
-------------
GW 1.485
Task 49 100 0.49
Task 41 100 0.41
Task 80 200 0.4
Task 30 400 0.075
Task 24 400 0.06
Task 20 400 0.05
GW 1.4925
Task 56 100 0.56
Task 60 200 0.3
Task 59 200 0.295
Task 31 200 0.155
Task 86 800 0.1075
Task 60 800 0.075
GW 0.3
Task 300 1000 0.3
-------------
085
-------------
GW 1.475
Task 66 100 0.66
Task 47 100 0.47
Task 11 100 0.11
Task 8 100 0.08
Task 35 400 0.0875
Task 54 800 0.0675
GW 1.4875
Task 66 100 0.66
Task 28 100 0.28
Task 47 200 0.235
Task 69 400 0.1725
Task 31 400 0.0775
Task 50 800 0.0625
GW 0.3
Task 300 1000 0.3
-------------
086
-------------
GW 1.48875
Task 71 100 0.71
Task 74 200 0.37
Task 78 400 0.195
Task 32 400 0.08
Task 58 800 0.0725
Task 49 800 0.06125
GW 1.47125
Task 68 100 0.68
Task 29 100 0.29
Task 23 100 0.23
Task 22 200 0.11
Task 36 400 0.09
Task 57 800 0.07125
GW 0.3
Task 300 1000 0.3
-------------
087
-------------
GW 1.4875
Task 86 100 0.86
Task 45 200 0.225
Task 40 200 0.2
Task 31 400 0.0775
Task 55 800 0.06875
Task 45 800 0.05625
GW 1.49125
Task 80 100 0.8
Task 21 100 0.21
Task 165 800 0.20625
Task 133 800 0.16625
Task 46 800 0.0575
Task 41 800 0.05125
GW 0.3
Task 300 1000 0.3
-------------
088
-------------
GW 1.49
Task 90 100 0.9
Task 38 100 0.38
Task 12 200 0.06
Task 20 400 0.05
Task 20 400 0.05
Task 20 400 0.05
GW 1.4825
Task 65 100 0.65
Task 57 100 0.57
Task 8 100 0.08
Task 26 400 0.065
Task 50 800 0.0625
Task 44 800 0.055
GW 0.3
Task 300 1000 0.3
-------------
089
-------------
GW 1.495
Task 171 200 0.855
Task 144 400 0.36
Task 45 400 0.1125
Task 26 400 0.065
Task 21 400 0.0525
Task 40 800 0.05
GW 1.4925
Task 183 200 0.915
Task 54 200 0.27
Task 63 400 0.1575
Task 20 400 0.05
Task 40 800 0.05
Task 40 800 0.05
GW 0.3
Task 300 1000 0.3
-------------
090
-------------
GW 1.4725
Task 40 100 0.4
Task 35 100 0.35
Task 34 100 0.34
Task 37 200 0.185
Task 42 400 0.105
Task 37 400 0.0925
GW 1.48
Task 86 100 0.86
Task 49 200 0.245
Task 45 200 0.225
Task 20 400 0.05
Task 20 400 0.05
Task 40 800 0.05
GW 0.3
Task 300 1000 0.3
-------------
091
-------------
GW 1.48625
Task 70 100 0.7
Task 95 200 0.475
Task 45 400 0.1125
Task 59 800 0.07375
Task 52 800 0.065
Task 48 800 0.06
GW 1.4875
Task 80 100 0.8
Task 40 200 0.2
Task 39 200 0.195
Task 26 200 0.13
Task 40 400 0.1
Task 50 800 0.0625
GW 0.3
Task 300 1000 0.3
-------------
092
-------------
GW 1.4825
Task 70 100 0.7
Task 27 100 0.27
Task 38 200 0.19
Task 58 400 0.145
Task 36 400 0.09
Task 70 800 0.0875
GW 1.48875
Task 99 100 0.99
Task 17 100 0.17
Task 23 200 0.115
Task 17 200 0.085
Task 31 400 0.0775
Task 41 800 0.05125
GW 0.3
Task 300 1000 0.3
-------------
093
-------------
GW 1.48375
Task 59 100 0.59
Task 112 200 0.56
Task 39 400 0.0975
Task 34 400 0.085
Task 68 800 0.085
Task 53 800 0.06625
GW 1.4925
Task 88 100 0.88
Task 162 400 0.405
Task 23 400 0.0575
Task 20 400 0.05
Task 40 800 0.05
Task 40 800 0.05
GW 0.3
Task 300 1000 0.3
-------------
094
-------------
GW 1.4925
Task 63 100 0.63
Task 95 200 0.475
Task 45 200 0.225
Task 22 400 0.055
Task 45 800 0.05625
Task 41 800 0.05125
GW 1.48875
Task 78 100 0.78
Task 46 100 0.46
Task 37 400 0.0925
Task 43 800 0.05375
Task 42 800 0.0525
Task 40 800 0.05
GW 0.3
Task 300 1000 0.3
-------------
095
-------------
GW 1.4675
Task 47 100 0.47
Task 42 100 0.42
Task 26 100 0.26
Task 30 200 0.15
Task 20 200 0.1
Task 27 400 0.0675
GW 1.49125
Task 98 100 0.98
Task 32 200 0.16
Task 26 200 0.13
Task 33 400 0.0825
Task 59 800 0.07375
Task 52 800 0.065
GW 0.3
Task 300 1000 0.3
-------------
096
-------------
GW 1.485
Task 57 100 0.57
Task 67 200 0.335
Task 132 400 0.33
Task 38 400 0.095
Task 36 400 0.09
Task 26 400 0.065
GW 1.49375
Task 70 100 0.7
Task 66 200 0.33
Task 40 200 0.2
Task 43 400 0.1075
Task 70 800 0.0875
Task 55 800 0.06875
GW 0.3
Task 300 1000 0.3
-------------
097
-------------
GW 1.49
Task 97 200 0.485
Task 89 200 0.445
Task 39 200 0.195
Task 38 200 0.19
Task 44 400 0.11
Task 52 800 0.065
GW 1.4825
Task 65 100 0.65
Task 45 100 0.45
Task 23 100 0.23
Task 10 200 0.05
Task 21 400 0.0525
Task 40 800 0.05
GW 0.3
Task 300 1000 0.3
-------------
098
-------------
GW 1.4875
Task 39 100 0.39
Task 34 100 0.34
Task 60 200 0.3
Task 103 400 0.2575
Task 51 400 0.1275
Task 58 800 0.0725
GW 1.48875
Task 92 100 0.92
Task 33 100 0.33
Task 13 200 0.065
Task 47 800 0.05875
Task 46 800 0.0575
Task 46 800 0.0575
GW 0.3
Task 300 1000 0.3
-------------
099
-------------
GW 1.48
Task 50 100 0.5
Task 33 100 0.33
Task 25 100 0.25
Task 18 100 0.18
Task 34 200 0.17
Task 20 400 0.05
GW 1.49
Task 133 200 0.665
Task 125 200 0.625
Task 10 200 0.05
Task 10 200 0.05
Task 20 400 0.05
Task 20 400 0.05
GW 0.3
Task 300 1000 0.3
-------------
100
-------------
