GW 1.97
Task 88 100 0.88
Task 35 100 0.35
Task 20 100 0.2
Task 17 100 0.17
Task 24 200 0.12
Task 10 200 0.05
Task 20 400 0.05
Task 40 800 0.05
Task 40 800 0.05
Task 40 800 0.05
GW 1.9725
Task 98 100 0.98
Task 30 100 0.3
Task 23 100 0.23
Task 11 100 0.11
Task 20 200 0.1
Task 21 400 0.0525
Task 20 400 0.05
Task 20 400 0.05
Task 40 800 0.05
Task 40 800 0.05
GW 0.3
Task 300 1000 0.3
-------------
001
-------------
GW 1.9775
Task 87 100 0.87
Task 57 100 0.57
Task 11 100 0.11
Task 16 200 0.08
Task 15 200 0.075
Task 13 200 0.065
Task 11 200 0.055
Task 10 200 0.05
Task 21 400 0.0525
Task 40 800 0.05
GW 1.99
Task 84 100 0.84
Task 43 100 0.43
Task 69 200 0.345
Task 28 400 0.07
Task 21 400 0.0525
Task 21 400 0.0525
Task 20 400 0.05
Task 40 800 0.05
Task 40 800 0.05
Task 40 800 0.05
GW 0.3
Task 300 1000 0.3
-------------
002
-------------
GW 1.97375
Task 63 100 0.63
Task 53 100 0.53
Task 38 100 0.38
Task 19 200 0.095
Task 13 200 0.065
Task 25 400 0.0625
Task 23 400 0.0575
Task 21 400 0.0525
Task 41 800 0.05125
Task 40 800 0.05
GW 1.97875
Task 77 100 0.77
Task 60 100 0.6
Task 38 200 0.19
Task 17 200 0.085
Task 16 200 0.08
Task 43 800 0.05375
Task 40 800 0.05
Task 40 800 0.05
Task 40 800 0.05
Task 40 800 0.05
GW 0.3
Task 300 1000 0.3
-------------
003
-------------
GW 1.97
Task 80 100 0.8
Task 43 100 0.43
Task 25 100 0.25
Task 15 100 0.15
Task 15 200 0.075
Task 12 200 0.06
Task 21 400 0.0525
Task 41 800 0.05125
Task 41 800 0.05125
Task 40 800 0.05
GW 1.9725
Task 78 100 0.78
Task 51 100 0.51
Task 20 100 0.2
Task 16 100 0.16
Task 12 200 0.06
Task 22 400 0.055
Task 21 400 0.0525
Task 21 400 0.0525
Task 41 800 0.05125
Task 41 800 0.05125
GW 0.3
Task 300 1000 0.3
-------------
004
-------------
GW 1.97125
Task 83 100 0.83
Task 44 100 0.44
Task 14 100 0.14
Task 12 100 0.12
Task 19 200 0.095
Task 16 200 0.08
Task 31 400 0.0775
Task 29 400 0.0725
Task 23 400 0.0575
Task 47 800 0.05875
GW 1.99
Task 86 100 0.86
Task 64 100 0.64
Task 9 100 0.09
Task 15 200 0.075
Task 15 200 0.075
Task 10 200 0.05
Task 20 400 0.05
Task 40 800 0.05
Task 40 800 0.05
Task 40 800 0.05
GW 0.3
Task 300 1000 0.3
-------------
005
-------------
GW 1.9825
Task 81 100 0.81
Task 41 100 0.41
Task 55 200 0.275
Task 47 400 0.1175
Task 35 400 0.0875
Task 29 400 0.0725
Task 23 400 0.0575
Task 42 800 0.0525
Task 40 800 0.05
Task 40 800 0.05
GW 1.98375
Task 104 200 0.52
Task 102 200 0.51
Task 75 200 0.375
Task 25 200 0.125
Task 22 200 0.11
Task 36 400 0.09
Task 62 800 0.0775
Task 54 800 0.0675
Task 45 800 0.05625
Task 42 800 0.0525
GW 0.3
Task 300 1000 0.3
-------------
006
-------------
GW 1.97875
Task 45 100 0.45
Task 88 200 0.44
Task 57 200 0.285
Task 48 200 0.24
Task 76 400 0.19
Task 43 400 0.1075
Task 32 400 0.08
Task 58 800 0.0725
Task 46 800 0.0575
Task 45 800 0.05625
GW 1.9725
Task 45 100 0.45
Task 42 100 0.42
Task 26 100 0.26
Task 42 200 0.21
Task 31 200 0.155
Task 28 200 0.14
Task 23 200 0.115
Task 35 400 0.0875
Task 27 400 0.0675
Task 27 400 0.0675
GW 0.3
Task 300 1000 0.3
-------------
007
-------------
GW 1.98375
Task 83 100 0.83
Task 37 100 0.37
Task 62 200 0.31
Task 31 200 0.155
Task 24 400 0.06
Task 22 400 0.055
Task 21 400 0.0525
Task 20 400 0.05
Task 41 800 0.05125
Task 40 800 0.05
GW 1.96
Task 92 100 0.92
Task 54 100 0.54
Task 12 100 0.12
Task 8 100 0.08
Task 5 100 0.05
Task 5 100 0.05
Task 10 200 0.05
Task 20 400 0.05
Task 20 400 0.05
Task 20 400 0.05
GW 0.3
Task 300 1000 0.3
-------------
008
-------------
GW 1.98
Task 58 100 0.58
Task 31 100 0.31
Task 59 200 0.295
Task 58 200 0.29
Task 31 200 0.155
Task 45 400 0.1125
Task 35 400 0.0875
Task 20 400 0.05
Task 20 400 0.05
Task 20 400 0.05
GW 1.97625
Task 83 100 0.83
Task 51 100 0.51
Task 55 200 0.275
Task 23 400 0.0575
Task 21 400 0.0525
Task 41 800 0.05125
Task 40 800 0.05
Task 40 800 0.05
Task 40 800 0.05
Task 40 800 0.05
GW 0.3
Task 300 1000 0.3
-------------
009
-------------
GW 1.975
Task 61 100 0.61
Task 57 100 0.57
Task 20 100 0.2
Task 37 200 0.185
Task 39 400 0.0975
Task 32 400 0.08
Task 30 400 0.075
Task 23 400 0.0575
Task 40 800 0.05
Task 40 800 0.05
GW 1.97375
Task 80 100 0.8
Task 47 100 0.47
Task 34 200 0.17
Task 34 200 0.17
Task 13 200 0.065
Task 27 400 0.0675
Task 27 400 0.0675
Task 47 800 0.05875
Task 43 800 0.05375
Task 41 800 0.05125
GW 0.3
Task 300 1000 0.3
-------------
010
-------------
GW 1.985
Task 79 100 0.79
Task 107 200 0.535
Task 109 400 0.2725
Task 35 400 0.0875
Task 40 800 0.05
Task 40 800 0.05
Task 40 800 0.05
Task 40 800 0.05
Task 40 800 0.05
Task 40 800 0.05
GW 1.9725
Task 72 100 0.72
Task 32 100 0.32
Task 57 200 0.285
Task 57 200 0.285
Task 21 200 0.105
Task 22 400 0.055
Task 21 400 0.0525
Task 20 400 0.05
Task 40 800 0.05
Task 40 800 0.05
GW 0.3
Task 300 1000 0.3
-------------
011
-------------
GW 1.98
Task 82 100 0.82
Task 59 100 0.59
Task 43 200 0.215
Task 11 200 0.055
Task 10 200 0.05
Task 10 200 0.05
Task 20 400 0.05
Task 20 400 0.05
Task 40 800 0.05
Task 40 800 0.05
GW 1.98125
Task 95 100 0.95
Task 32 100 0.32
Task 25 100 0.25
Task 30 200 0.15
Task 11 200 0.055
Task 21 400 0.0525
Task 41 800 0.05125
Task 41 800 0.05125
Task 41 800 0.05125
Task 40 800 0.05
GW 0.3
Task 300 1000 0.3
-------------
012
-------------
GW 1.99
Task 93 100 0.93
Task 90 200 0.45
Task 47 200 0.235
Task 15 200 0.075
Task 20 400 0.05
Task 40 800 0.05
Task 40 800 0.05
Task 40 800 0.05
Task 40 800 0.05
Task 40 800 0.05
GW 1.97875
Task 92 100 0.92
Task 66 200 0.33
Task 113 400 0.2825
Task 43 400 0.1075
Task 25 400 0.0625
Task 23 400 0.0575
Task 22 400 0.055
Task 22 400 0.055
Task 44 800 0.055
Task 43 800 0.05375
GW 0.3
Task 300 1000 0.3
-------------
013
-------------
GW 1.9775
Task 77 100 0.77
Task 53 100 0.53
Task 14 100 0.14
Task 26 200 0.13
Task 24 200 0.12
Task 12 200 0.06
Task 50 800 0.0625
Task 50 800 0.0625
Task 42 800 0.0525
Task 40 800 0.05
GW 1.9775
Task 52 100 0.52
Task 41 100 0.41
Task 75 200 0.375
Task 60 200 0.3
Task 15 200 0.075
Task 14 200 0.07
Task 29 400 0.0725
Task 22 400 0.055
Task 20 400 0.05
Task 20 400 0.05
GW 0.3
Task 300 1000 0.3
-------------
014
-------------
GW 1.975
Task 96 100 0.96
Task 38 100 0.38
Task 55 200 0.275
Task 12 200 0.06
Task 10 200 0.05
Task 10 200 0.05
Task 20 400 0.05
Task 20 400 0.05
Task 40 800 0.05
Task 40 800 0.05
GW 1.9775
Task 60 100 0.6
Task 47 100 0.47
Task 43 100 0.43
Task 10 100 0.1
Task 17 200 0.085
Task 28 400 0.07
Task 24 400 0.06
Task 23 400 0.0575
Task 44 800 0.055
Task 40 800 0.05
GW 0.3
Task 300 1000 0.3
-------------
015
-------------
GW 1.98
Task 53 100 0.53
Task 104 200 0.52
Task 62 200 0.31
Task 33 200 0.165
Task 65 400 0.1625
Task 37 400 0.0925
Task 40 800 0.05
Task 40 800 0.05
Task 40 800 0.05
Task 40 800 0.05
GW 1.98375
Task 66 100 0.66
Task 36 100 0.36
Task 58 200 0.29
Task 39 200 0.195
Task 56 400 0.14
Task 38 400 0.095
Task 30 400 0.075
Task 24 400 0.06
Task 45 800 0.05625
Task 42 800 0.0525
GW 0.3
Task 300 1000 0.3
-------------
016
-------------
GW 1.9775
Task 76 100 0.76
Task 32 100 0.32
Task 26 100 0.26
Task 16 100 0.16
Task 27 200 0.135
Task 18 200 0.09
Task 61 800 0.07625
Task 55 800 0.06875
Task 46 800 0.0575
Task 40 800 0.05
GW 1.97375
Task 62 100 0.62
Task 47 100 0.47
Task 65 200 0.325
Task 22 200 0.11
Task 43 400 0.1075
Task 38 400 0.095
Task 29 400 0.0725
Task 51 800 0.06375
Task 47 800 0.05875
Task 41 800 0.05125
GW 0.3
Task 300 1000 0.3
-------------
017
-------------
GW 1.9925
Task 87 100 0.87
Task 99 200 0.495
Task 40 200 0.2
Task 24 200 0.12
Task 22 400 0.055
Task 21 400 0.0525
Task 20 400 0.05
Task 40 800 0.05
Task 40 800 0.05
Task 40 800 0.05
GW 1.9825
Task 94 100 0.94
Task 48 100 0.48
Task 26 200 0.13
Task 18 200 0.09
Task 31 400 0.0775
Task 24 400 0.06
Task 22 400 0.055
Task 20 400 0.05
Task 20 400 0.05
Task 40 800 0.05
GW 0.3
Task 300 1000 0.3
-------------
018
-------------
GW 1.9775
Task 85 100 0.85
Task 56 100 0.56
Task 11 100 0.11
Task 10 100 0.1
Task 17 200 0.085
Task 14 200 0.07
Task 21 400 0.0525
Task 20 400 0.05
Task 40 800 0.05
Task 40 800 0.05
GW 1.975
Task 59 100 0.59
Task 51 100 0.51
Task 32 100 0.32
Task 14 100 0.14
Task 26 200 0.13
Task 16 200 0.08
Task 11 200 0.055
Task 20 400 0.05
Task 20 400 0.05
Task 40 800 0.05
GW 0.3
Task 300 1000 0.3
-------------
019
-------------
GW 1.97125
Task 60 100 0.6
Task 43 100 0.43
Task 19 100 0.19
Task 17 100 0.17
Task 15 100 0.15
Task 11 100 0.11
Task 11 100 0.11
Task 16 200 0.08
Task 32 400 0.08
Task 41 800 0.05125
GW 1.98125
Task 91 100 0.91
Task 18 100 0.18
Task 17 100 0.17
Task 27 200 0.135
Task 25 200 0.125
Task 23 200 0.115
Task 44 400 0.11
Task 67 800 0.08375
Task 65 800 0.08125
Task 57 800 0.07125
GW 0.3
Task 300 1000 0.3
-------------
020
-------------
GW 1.9825
Task 70 100 0.7
Task 44 100 0.44
Task 42 100 0.42
Task 21 200 0.105
Task 25 400 0.0625
Task 21 400 0.0525
Task 21 400 0.0525
Task 20 400 0.05
Task 20 400 0.05
Task 40 800 0.05
GW 1.9775
Task 65 100 0.65
Task 42 100 0.42
Task 49 200 0.245
Task 41 200 0.205
Task 27 200 0.135
Task 18 200 0.09
Task 26 400 0.065
Task 25 400 0.0625
Task 43 800 0.05375
Task 41 800 0.05125
GW 0.3
Task 300 1000 0.3
-------------
021
-------------
GW 1.98125
Task 71 100 0.71
Task 67 200 0.335
Task 67 200 0.335
Task 66 400 0.165
Task 50 400 0.125
Task 31 400 0.0775
Task 55 800 0.06875
Task 46 800 0.0575
Task 43 800 0.05375
Task 43 800 0.05375
GW 1.97125
Task 54 100 0.54
Task 46 100 0.46
Task 58 200 0.29
Task 37 200 0.185
Task 35 200 0.175
Task 30 400 0.075
Task 28 400 0.07
Task 50 800 0.0625
Task 49 800 0.06125
Task 42 800 0.0525
GW 0.3
Task 300 1000 0.3
-------------
022
-------------
GW 1.9675
Task 86 100 0.86
Task 41 100 0.41
Task 53 200 0.265
Task 16 200 0.08
Task 16 200 0.08
Task 28 400 0.07
Task 41 800 0.05125
Task 41 800 0.05125
Task 40 800 0.05
Task 40 800 0.05
GW 1.97625
Task 51 100 0.51
Task 44 100 0.44
Task 23 100 0.23
Task 44 200 0.22
Task 39 200 0.195
Task 48 400 0.12
Task 33 400 0.0825
Task 53 800 0.06625
Task 46 800 0.0575
Task 44 800 0.055
GW 0.3
Task 300 1000 0.3
-------------
023
-------------
GW 1.98
Task 92 100 0.92
Task 102 200 0.51
Task 31 200 0.155
Task 14 200 0.07
Task 13 200 0.065
Task 11 200 0.055
Task 21 400 0.0525
Task 41 800 0.05125
Task 41 800 0.05125
Task 40 800 0.05
GW 1.97375
Task 75 100 0.75
Task 64 200 0.32
Task 63 200 0.315
Task 53 400 0.1325
Task 39 400 0.0975
Task 38 400 0.095
Task 32 400 0.08
Task 56 800 0.07
Task 48 800 0.06
Task 43 800 0.05375
GW 0.3
Task 300 1000 0.3
-------------
024
-------------
GW 1.98
Task 83 100 0.83
Task 90 200 0.45
Task 70 200 0.35
Task 10 200 0.05
Task 20 400 0.05
Task 20 400 0.05
Task 20 400 0.05
Task 20 400 0.05
Task 20 400 0.05
Task 40 800 0.05
GW 1.965
Task 87 100 0.87
Task 58 100 0.58
Task 10 100 0.1
Task 10 100 0.1
Task 12 200 0.06
Task 11 200 0.055
Task 10 200 0.05
Task 10 200 0.05
Task 20 400 0.05
Task 40 800 0.05
GW 0.3
Task 300 1000 0.3
-------------
025
-------------
GW 1.9775
Task 94 100 0.94
Task 27 100 0.27
Task 26 100 0.26
Task 19 100 0.19
Task 12 200 0.06
Task 22 400 0.055
Task 21 400 0.0525
Task 20 400 0.05
Task 40 800 0.05
Task 40 800 0.05
GW 1.97625
Task 75 100 0.75
Task 32 100 0.32
Task 29 100 0.29
Task 15 100 0.15
Task 10 100 0.1
Task 18 200 0.09
Task 18 200 0.09
Task 28 400 0.07
Task 26 400 0.065
Task 41 800 0.05125
GW 0.3
Task 300 1000 0.3
-------------
026
-------------
GW 1.97625
Task 81 100 0.81
Task 63 100 0.63
Task 46 400 0.115
Task 37 400 0.0925
Task 58 800 0.0725
Task 43 800 0.05375
Task 42 800 0.0525
Task 40 800 0.05
Task 40 800 0.05
Task 40 800 0.05
GW 1.97375
Task 59 100 0.59
Task 53 100 0.53
Task 44 100 0.44
Task 17 200 0.085
Task 12 200 0.06
Task 22 400 0.055
Task 22 400 0.055
Task 22 400 0.055
Task 21 400 0.0525
Task 41 800 0.05125
GW 0.3
Task 300 1000 0.3
-------------
027
-------------
GW 1.97375
Task 72 100 0.72
Task 100 200 0.5
Task 63 200 0.315
Task 19 200 0.095
Task 13 200 0.065
Task 13 200 0.065
Task 22 400 0.055
Task 43 800 0.05375
Task 43 800 0.05375
Task 41 800 0.05125
GW 1.9775
Task 71 100 0.71
Task 37 100 0.37
Task 66 200 0.33
Task 31 200 0.155
Task 29 200 0.145
Task 13 200 0.065
Task 21 400 0.0525
Task 40 800 0.05
Task 40 800 0.05
Task 40 800 0.05
GW 0.3
Task 300 1000 0.3
-------------
028
-------------
GW 1.975
Task 39 100 0.39
Task 36 100 0.36
Task 29 100 0.29
Task 28 100 0.28
Task 41 200 0.205
Task 35 200 0.175
Task 50 400 0.125
Task 20 400 0.05
Task 20 400 0.05
Task 40 800 0.05
GW 1.98125
Task 49 100 0.49
Task 70 200 0.35
Task 65 200 0.325
Task 106 400 0.265
Task 61 400 0.1525
Task 56 400 0.14
Task 57 800 0.07125
Task 56 800 0.07
Task 48 800 0.06
Task 46 800 0.0575
GW 0.3
Task 300 1000 0.3
-------------
029
-------------
GW 1.97
Task 94 100 0.94
Task 42 100 0.42
Task 42 200 0.21
Task 20 200 0.1
Task 10 200 0.05
Task 10 200 0.05
Task 10 200 0.05
Task 20 400 0.05
Task 20 400 0.05
Task 20 400 0.05
GW 1.9725
Task 68 100 0.68
Task 36 100 0.36
Task 29 100 0.29
Task 15 100 0.15
Task 26 200 0.13
Task 25 200 0.125
Task 14 200 0.07
Task 24 400 0.06
Task 23 400 0.0575
Task 40 800 0.05
GW 0.3
Task 300 1000 0.3
-------------
030
-------------
GW 1.98
Task 61 100 0.61
Task 56 100 0.56
Task 85 200 0.425
Task 14 200 0.07
Task 13 200 0.065
Task 20 400 0.05
Task 20 400 0.05
Task 20 400 0.05
Task 40 800 0.05
Task 40 800 0.05
GW 1.985
Task 74 100 0.74
Task 38 100 0.38
Task 25 100 0.25
Task 44 200 0.22
Task 29 200 0.145
Task 10 200 0.05
Task 20 400 0.05
Task 40 800 0.05
Task 40 800 0.05
Task 40 800 0.05
GW 0.3
Task 300 1000 0.3
-------------
031
-------------
GW 1.98
Task 85 100 0.85
Task 58 100 0.58
Task 29 200 0.145
Task 21 200 0.105
Task 10 200 0.05
Task 10 200 0.05
Task 20 400 0.05
Task 40 800 0.05
Task 40 800 0.05
Task 40 800 0.05
GW 1.9625
Task 75 100 0.75
Task 65 100 0.65
Task 15 100 0.15
Task 16 200 0.08
Task 13 200 0.065
Task 11 200 0.055
Task 22 400 0.055
Task 43 800 0.05375
Task 43 800 0.05375
Task 40 800 0.05
GW 0.3
Task 300 1000 0.3
-------------
032
-------------
GW 1.98
Task 74 100 0.74
Task 26 100 0.26
Task 52 200 0.26
Task 41 200 0.205
Task 32 200 0.16
Task 34 400 0.085
Task 33 400 0.0825
Task 58 800 0.0725
Task 49 800 0.06125
Task 43 800 0.05375
GW 1.995
Task 69 100 0.69
Task 62 100 0.62
Task 67 200 0.335
Task 10 200 0.05
Task 10 200 0.05
Task 10 200 0.05
Task 20 400 0.05
Task 40 800 0.05
Task 40 800 0.05
Task 40 800 0.05
GW 0.3
Task 300 1000 0.3
-------------
033
-------------
GW 1.97
Task 80 100 0.8
Task 58 100 0.58
Task 23 100 0.23
Task 12 200 0.06
Task 10 200 0.05
Task 10 200 0.05
Task 10 200 0.05
Task 20 400 0.05
Task 40 800 0.05
Task 40 800 0.05
GW 1.9875
Task 82 100 0.82
Task 59 100 0.59
Task 17 100 0.17
Task 17 200 0.085
Task 12 200 0.06
Task 23 400 0.0575
Task 22 400 0.055
Task 20 400 0.05
Task 20 400 0.05
Task 40 800 0.05
GW 0.3
Task 300 1000 0.3
-------------
034
-------------
GW 1.98875
Task 73 100 0.73
Task 34 100 0.34
Task 67 200 0.335
Task 55 200 0.275
Task 22 400 0.055
Task 43 800 0.05375
Task 40 800 0.05
Task 40 800 0.05
Task 40 800 0.05
Task 40 800 0.05
GW 1.975
Task 73 100 0.73
Task 61 100 0.61
Task 36 200 0.18
Task 29 200 0.145
Task 12 200 0.06
Task 20 400 0.05
Task 20 400 0.05
Task 40 800 0.05
Task 40 800 0.05
Task 40 800 0.05
GW 0.3
Task 300 1000 0.3
-------------
035
-------------
GW 1.98625
Task 70 100 0.7
Task 122 400 0.305
Task 113 400 0.2825
Task 191 800 0.23875
Task 97 800 0.12125
Task 94 800 0.1175
Task 50 800 0.0625
Task 45 800 0.05625
Task 42 800 0.0525
Task 40 800 0.05
GW 1.99
Task 141 200 0.705
Task 183 400 0.4575
Task 129 400 0.3225
Task 62 400 0.155
Task 30 400 0.075
Task 27 400 0.0675
Task 21 400 0.0525
Task 43 800 0.05375
Task 41 800 0.05125
Task 40 800 0.05
GW 0.3
Task 300 1000 0.3
-------------
036
-------------
GW 1.975
Task 84 100 0.84
Task 140 200 0.7
Task 14 200 0.07
Task 11 200 0.055
Task 11 200 0.055
Task 22 400 0.055
Task 20 400 0.05
Task 20 400 0.05
Task 40 800 0.05
Task 40 800 0.05
GW 1.985
Task 99 100 0.99
Task 40 100 0.4
Task 35 200 0.175
Task 23 200 0.115
Task 11 200 0.055
Task 10 200 0.05
Task 10 200 0.05
Task 10 200 0.05
Task 40 800 0.05
Task 40 800 0.05
GW 0.3
Task 300 1000 0.3
-------------
037
-------------
GW 1.97375
Task 77 100 0.77
Task 36 100 0.36
Task 30 100 0.3
Task 19 100 0.19
Task 7 100 0.07
Task 14 200 0.07
Task 12 200 0.06
Task 10 200 0.05
Task 42 800 0.0525
Task 41 800 0.05125
GW 1.97375
Task 59 100 0.59
Task 52 100 0.52
Task 73 200 0.365
Task 21 200 0.105
Task 40 400 0.1
Task 35 400 0.0875
Task 22 400 0.055
Task 20 400 0.05
Task 41 800 0.05125
Task 40 800 0.05
GW 0.3
Task 300 1000 0.3
-------------
038
-------------
GW 1.985
Task 75 100 0.75
Task 55 100 0.55
Task 67 200 0.335
Task 10 200 0.05
Task 20 400 0.05
Task 20 400 0.05
Task 20 400 0.05
Task 40 800 0.05
Task 40 800 0.05
Task 40 800 0.05
GW 1.9725
Task 85 100 0.85
Task 70 100 0.7
Task 6 100 0.06
Task 11 200 0.055
Task 11 200 0.055
Task 10 200 0.05
Task 20 400 0.05
Task 41 800 0.05125
Task 41 800 0.05125
Task 40 800 0.05
GW 0.3
Task 300 1000 0.3
-------------
039
-------------
GW 1.97
Task 84 100 0.84
Task 54 100 0.54
Task 15 100 0.15
Task 10 100 0.1
Task 14 200 0.07
Task 13 200 0.065
Task 11 200 0.055
Task 10 200 0.05
Task 40 800 0.05
Task 40 800 0.05
GW 1.98
Task 73 100 0.73
Task 61 100 0.61
Task 35 200 0.175
Task 24 200 0.12
Task 34 400 0.085
Task 23 400 0.0575
Task 21 400 0.0525
Task 20 400 0.05
Task 40 800 0.05
Task 40 800 0.05
GW 0.3
Task 300 1000 0.3
-------------
040
-------------
GW 1.98
Task 40 100 0.4
Task 75 200 0.375
Task 70 200 0.35
Task 65 200 0.325
Task 38 200 0.19
Task 19 200 0.095
Task 13 200 0.065
Task 53 800 0.06625
Task 47 800 0.05875
Task 44 800 0.055
GW 1.965
Task 98 100 0.98
Task 27 100 0.27
Task 18 100 0.18
Task 37 200 0.185
Task 19 200 0.095
Task 11 200 0.055
Task 10 200 0.05
Task 10 200 0.05
Task 20 400 0.05
Task 40 800 0.05
GW 0.3
Task 300 1000 0.3
-------------
041
-------------
GW 1.98
Task 65 100 0.65
Task 112 200 0.56
Task 56 200 0.28
Task 24 200 0.12
Task 19 200 0.095
Task 15 200 0.075
Task 20 400 0.05
Task 20 400 0.05
Task 40 800 0.05
Task 40 800 0.05
GW 1.99
Task 95 100 0.95
Task 67 200 0.335
Task 36 200 0.18
Task 35 200 0.175
Task 31 400 0.0775
Task 24 400 0.06
Task 46 800 0.0575
Task 43 800 0.05375
Task 41 800 0.05125
Task 40 800 0.05
GW 0.3
Task 300 1000 0.3
-------------
042
-------------
GW 1.975
Task 69 100 0.69
Task 59 100 0.59
Task 33 100 0.33
Task 6 100 0.06
Task 11 200 0.055
Task 10 200 0.05
Task 20 400 0.05
Task 20 400 0.05
Task 20 400 0.05
Task 40 800 0.05
GW 1.97875
Task 72 100 0.72
Task 71 100 0.71
Task 65 400 0.1625
Task 31 400 0.0775
Task 21 400 0.0525
Task 21 400 0.0525
Task 21 400 0.0525
Task 20 400 0.05
Task 41 800 0.05125
Task 40 800 0.05
GW 0.3
Task 300 1000 0.3
-------------
043
-------------
GW 1.9775
Task 78 100 0.78
Task 39 100 0.39
Task 53 200 0.265
Task 37 200 0.185
Task 15 200 0.075
Task 24 400 0.06
Task 24 400 0.06
Task 46 800 0.0575
Task 44 800 0.055
Task 40 800 0.05
GW 1.9825
Task 83 100 0.83
Task 29 100 0.29
Task 26 100 0.26
Task 37 200 0.185
Task 19 200 0.095
Task 34 400 0.085
Task 30 400 0.075
Task 22 400 0.055
Task 22 400 0.055
Task 42 800 0.0525
GW 0.3
Task 300 1000 0.3
-------------
044
-------------
GW 1.99
Task 160 200 0.8
Task 135 200 0.675
Task 19 200 0.095
Task 16 200 0.08
Task 32 400 0.08
Task 23 400 0.0575
Task 21 400 0.0525
Task 20 400 0.05
Task 40 800 0.05
Task 40 800 0.05
GW 1.97625
Task 60 100 0.6
Task 48 100 0.48
Task 48 200 0.24
Task 31 200 0.155
Task 46 400 0.115
Task 44 400 0.11
Task 40 400 0.1
Task 27 400 0.0675
Task 46 800 0.0575
Task 41 800 0.05125
GW 0.3
Task 300 1000 0.3
-------------
045
-------------
GW 1.9725
Task 75 100 0.75
Task 52 100 0.52
Task 17 100 0.17
Task 26 200 0.13
Task 18 200 0.09
Task 16 200 0.08
Task 14 200 0.07
Task 25 400 0.0625
Task 40 800 0.05
Task 40 800 0.05
GW 1.9775
Task 82 100 0.82
Task 48 100 0.48
Task 61 200 0.305
Task 26 400 0.065
Task 22 400 0.055
Task 21 400 0.0525
Task 40 800 0.05
Task 40 800 0.05
Task 40 800 0.05
Task 40 800 0.05
GW 0.3
Task 300 1000 0.3
-------------
046
-------------
GW 1.97125
Task 49 100 0.49
Task 41 100 0.41
Task 80 200 0.4
Task 55 200 0.275
Task 19 200 0.095
Task 15 200 0.075
Task 24 400 0.06
Task 23 400 0.0575
Task 22 400 0.055
Task 43 800 0.05375
GW 1.98
Task 64 100 0.64
Task 58 100 0.58
Task 69 200 0.345
Task 23 200 0.115
Task 10 200 0.05
Task 20 400 0.05
Task 20 400 0.05
Task 20 400 0.05
Task 40 800 0.05
Task 40 800 0.05
GW 0.3
Task 300 1000 0.3
-------------
047
-------------
GW 1.975
Task 73 100 0.73
Task 47 100 0.47
Task 26 100 0.26
Task 11 100 0.11
Task 20 200 0.1
Task 19 200 0.095
Task 12 200 0.06
Task 20 400 0.05
Task 20 400 0.05
Task 20 400 0.05
GW 1.975
Task 78 100 0.78
Task 68 100 0.68
Task 9 100 0.09
Task 18 200 0.09
Task 17 200 0.085
Task 20 400 0.05
Task 20 400 0.05
Task 20 400 0.05
Task 40 800 0.05
Task 40 800 0.05
GW 0.3
Task 300 1000 0.3
-------------
048
-------------
GW 1.9675
Task 65 100 0.65
Task 35 100 0.35
Task 27 100 0.27
Task 21 100 0.21
Task 33 200 0.165
Task 19 200 0.095
Task 13 200 0.065
Task 24 400 0.06
Task 21 400 0.0525
Task 40 800 0.05
GW 1.9775
Task 59 100 0.59
Task 108 200 0.54
Task 65 200 0.325
Task 28 200 0.14
Task 21 200 0.105
Task 24 400 0.06
Task 24 400 0.06
Task 45 800 0.05625
Task 41 800 0.05125
Task 40 800 0.05
GW 0.3
Task 300 1000 0.3
-------------
049
-------------
GW 1.965
Task 71 100 0.71
Task 48 100 0.48
Task 32 100 0.32
Task 10 100 0.1
Task 17 200 0.085
Task 25 400 0.0625
Task 22 400 0.055
Task 42 800 0.0525
Task 40 800 0.05
Task 40 800 0.05
GW 1.98
Task 71 100 0.71
Task 100 200 0.5
Task 60 200 0.3
Task 28 200 0.14
Task 30 400 0.075
Task 21 400 0.0525
Task 21 400 0.0525
Task 20 400 0.05
Task 40 800 0.05
Task 40 800 0.05
GW 0.3
Task 300 1000 0.3
-------------
050
-------------
GW 1.975
Task 44 100 0.44
Task 37 100 0.37
Task 75 200 0.375
Task 48 200 0.24
Task 81 400 0.2025
Task 35 400 0.0875
Task 32 400 0.08
Task 27 400 0.0675
Task 45 800 0.05625
Task 45 800 0.05625
GW 1.99125
Task 101 200 0.505
Task 80 200 0.4
Task 64 200 0.32
Task 110 400 0.275
Task 83 400 0.2075
Task 59 800 0.07375
Task 48 800 0.06
Task 40 800 0.05
Task 40 800 0.05
Task 40 800 0.05
GW 0.3
Task 300 1000 0.3
-------------
051
-------------
GW 1.9825
Task 85 100 0.85
Task 96 200 0.48
Task 48 200 0.24
Task 21 200 0.105
Task 23 400 0.0575
Task 20 400 0.05
Task 20 400 0.05
Task 40 800 0.05
Task 40 800 0.05
Task 40 800 0.05
GW 1.975
Task 90 100 0.9
Task 57 100 0.57
Task 10 100 0.1
Task 7 100 0.07
Task 14 200 0.07
Task 12 200 0.06
Task 22 400 0.055
Task 40 800 0.05
Task 40 800 0.05
Task 40 800 0.05
GW 0.3
Task 300 1000 0.3
-------------
052
-------------
GW 1.9675
Task 92 100 0.92
Task 43 100 0.43
Task 13 100 0.13
Task 9 100 0.09
Task 19 200 0.095
Task 31 400 0.0775
Task 30 400 0.075
Task 20 400 0.05
Task 20 400 0.05
Task 40 800 0.05
GW 1.985
Task 162 200 0.81
Task 123 200 0.615
Task 29 200 0.145
Task 19 200 0.095
Task 27 400 0.0675
Task 21 400 0.0525
Task 20 400 0.05
Task 20 400 0.05
Task 20 400 0.05
Task 40 800 0.05
GW 0.3
Task 300 1000 0.3
-------------
053
-------------
GW 1.97
Task 78 100 0.78
Task 53 100 0.53
Task 20 100 0.2
Task 16 100 0.16
Task 10 200 0.05
Task 10 200 0.05
Task 20 400 0.05
Task 20 400 0.05
Task 20 400 0.05
Task 40 800 0.05
GW 1.98
Task 84 100 0.84
Task 40 100 0.4
Task 28 100 0.28
Task 24 200 0.12
Task 17 200 0.085
Task 21 400 0.0525
Task 21 400 0.0525
Task 20 400 0.05
Task 40 800 0.05
Task 40 800 0.05
GW 0.3
Task 300 1000 0.3
-------------
054
-------------
GW 1.97
Task 92 100 0.92
Task 46 100 0.46
Task 19 100 0.19
Task 8 100 0.08
Task 14 200 0.07
Task 10 200 0.05
Task 20 400 0.05
Task 40 800 0.05
Task 40 800 0.05
Task 40 800 0.05
GW 1.9775
Task 62 100 0.62
Task 56 100 0.56
Task 28 100 0.28
Task 48 400 0.12
Task 46 400 0.115
Task 31 400 0.0775
Task 22 400 0.055
Task 40 800 0.05
Task 40 800 0.05
Task 40 800 0.05
GW 0.3
Task 300 1000 0.3
-------------
055
-------------
GW 1.9725
Task 54 100 0.54
Task 25 100 0.25
Task 50 200 0.25
Task 95 400 0.2375
Task 80 400 0.2
Task 75 400 0.1875
Task 59 400 0.1475
Task 24 400 0.06
Task 40 800 0.05
Task 40 800 0.05
GW 1.96875
Task 54 100 0.54
Task 44 100 0.44
Task 38 100 0.38
Task 28 100 0.28
Task 12 200 0.06
Task 12 200 0.06
Task 23 400 0.0575
Task 20 400 0.05
Task 41 800 0.05125
Task 40 800 0.05
GW 0.3
Task 300 1000 0.3
-------------
056
-------------
GW 1.97
Task 92 100 0.92
Task 30 100 0.3
Task 18 100 0.18
Task 12 100 0.12
Task 20 200 0.1
Task 36 400 0.09
Task 33 400 0.0825
Task 28 400 0.07
Task 44 800 0.055
Task 42 800 0.0525
GW 1.985
Task 71 100 0.71
Task 86 200 0.43
Task 70 200 0.35
Task 42 400 0.105
Task 78 800 0.0975
Task 64 800 0.08
Task 45 800 0.05625
Task 42 800 0.0525
Task 42 800 0.0525
Task 41 800 0.05125
GW 0.3
Task 300 1000 0.3
-------------
057
-------------
GW 1.9625
Task 55 100 0.55
Task 51 100 0.51
Task 28 100 0.28
Task 25 100 0.25
Task 18 200 0.09
Task 13 200 0.065
Task 12 200 0.06
Task 22 400 0.055
Task 42 800 0.0525
Task 40 800 0.05
GW 1.98
Task 57 100 0.57
Task 55 100 0.55
Task 41 200 0.205
Task 63 400 0.1575
Task 41 400 0.1025
Task 40 400 0.1
Task 35 400 0.0875
Task 66 800 0.0825
Task 60 800 0.075
Task 40 800 0.05
GW 0.3
Task 300 1000 0.3
-------------
058
-------------
GW 1.97625
Task 50 100 0.5
Task 28 100 0.28
Task 26 100 0.26
Task 93 400 0.2325
Task 61 400 0.1525
Task 57 400 0.1425
Task 55 400 0.1375
Task 91 800 0.11375
Task 78 800 0.0975
Task 48 800 0.06
GW 1.98125
Task 59 100 0.59
Task 104 200 0.52
Task 76 200 0.38
Task 31 200 0.155
Task 16 200 0.08
Task 43 800 0.05375
Task 41 800 0.05125
Task 41 800 0.05125
Task 40 800 0.05
Task 40 800 0.05
GW 0.3
Task 300 1000 0.3
-------------
059
-------------
GW 1.97625
Task 87 100 0.87
Task 47 100 0.47
Task 17 100 0.17
Task 25 200 0.125
Task 33 400 0.0825
Task 44 800 0.055
Task 42 800 0.0525
Task 41 800 0.05125
Task 40 800 0.05
Task 40 800 0.05
GW 1.99
Task 72 100 0.72
Task 51 100 0.51
Task 64 200 0.32
Task 23 200 0.115
Task 13 200 0.065
Task 23 400 0.0575
Task 21 400 0.0525
Task 20 400 0.05
Task 40 800 0.05
Task 40 800 0.05
GW 0.3
Task 300 1000 0.3
-------------
060
-------------
GW 1.97375
Task 82 100 0.82
Task 35 100 0.35
Task 24 100 0.24
Task 32 200 0.16
Task 16 200 0.08
Task 31 400 0.0775
Task 31 400 0.0775
Task 51 800 0.06375
Task 42 800 0.0525
Task 42 800 0.0525
GW 1.985
Task 90 100 0.9
Task 101 200 0.505
Task 29 200 0.145
Task 25 200 0.125
Task 11 200 0.055
Task 22 400 0.055
Task 20 400 0.05
Task 20 400 0.05
Task 20 400 0.05
Task 40 800 0.05
GW 0.3
Task 300 1000 0.3
-------------
061
-------------
GW 1.9725
Task 92 100 0.92
Task 59 200 0.295
Task 35 200 0.175
Task 34 200 0.17
Task 41 400 0.1025
Task 39 400 0.0975
Task 23 400 0.0575
Task 43 800 0.05375
Task 41 800 0.05125
Task 40 800 0.05
GW 1.97625
Task 52 100 0.52
Task 43 100 0.43
Task 38 100 0.38
Task 35 200 0.175
Task 22 200 0.11
Task 38 400 0.095
Task 29 400 0.0725
Task 28 400 0.07
Task 53 800 0.06625
Task 46 800 0.0575
GW 0.3
Task 300 1000 0.3
-------------
062
-------------
GW 1.965
Task 98 100 0.98
Task 50 100 0.5
Task 11 100 0.11
Task 15 200 0.075
Task 10 200 0.05
Task 20 400 0.05
Task 20 400 0.05
Task 40 800 0.05
Task 40 800 0.05
Task 40 800 0.05
GW 1.99
Task 95 200 0.475
Task 176 400 0.44
Task 161 400 0.4025
Task 86 400 0.215
Task 47 400 0.1175
Task 45 400 0.1125
Task 51 800 0.06375
Task 46 800 0.0575
Task 45 800 0.05625
Task 40 800 0.05
GW 0.3
Task 300 1000 0.3
-------------
063
-------------
GW 1.9675
Task 46 100 0.46
Task 37 100 0.37
Task 34 100 0.34
Task 30 100 0.3
Task 17 100 0.17
Task 25 200 0.125
Task 10 200 0.05
Task 21 400 0.0525
Task 20 400 0.05
Task 40 800 0.05
GW 1.9825
Task 98 100 0.98
Task 55 100 0.55
Task 8 100 0.08
Task 6 100 0.06
Task 6 100 0.06
Task 10 200 0.05
Task 42 800 0.0525
Task 40 800 0.05
Task 40 800 0.05
Task 40 800 0.05
GW 0.3
Task 300 1000 0.3
-------------
064
-------------
GW 1.98625
Task 66 100 0.66
Task 102 200 0.51
Task 61 200 0.305
Task 38 200 0.19
Task 26 400 0.065
Task 43 800 0.05375
Task 42 800 0.0525
Task 40 800 0.05
Task 40 800 0.05
Task 40 800 0.05
GW 1.98125
Task 98 100 0.98
Task 75 200 0.375
Task 28 200 0.14
Task 22 200 0.11
Task 19 200 0.095
Task 27 400 0.0675
Task 48 800 0.06
Task 42 800 0.0525
Task 41 800 0.05125
Task 40 800 0.05
GW 0.3
Task 300 1000 0.3
-------------
065
-------------
GW 1.965
Task 51 100 0.51
Task 46 100 0.46
Task 43 100 0.43
Task 33 200 0.165
Task 38 400 0.095
Task 35 400 0.0875
Task 24 400 0.06
Task 23 400 0.0575
Task 20 400 0.05
Task 20 400 0.05
GW 1.99
Task 88 100 0.88
Task 115 200 0.575
Task 34 200 0.17
Task 13 200 0.065
Task 20 400 0.05
Task 20 400 0.05
Task 40 800 0.05
Task 40 800 0.05
Task 40 800 0.05
Task 40 800 0.05
GW 0.3
Task 300 1000 0.3
-------------
066
-------------
GW 1.9725
Task 88 100 0.88
Task 64 100 0.64
Task 9 100 0.09
Task 12 200 0.06
Task 10 200 0.05
Task 21 400 0.0525
Task 40 800 0.05
Task 40 800 0.05
Task 40 800 0.05
Task 40 800 0.05
GW 1.98
Task 68 100 0.68
Task 106 200 0.53
Task 48 200 0.24
Task 28 200 0.14
Task 45 400 0.1125
Task 26 400 0.065
Task 23 400 0.0575
Task 21 400 0.0525
Task 41 800 0.05125
Task 41 800 0.05125
GW 0.3
Task 300 1000 0.3
-------------
067
-------------
GW 1.98375
Task 91 100 0.91
Task 38 100 0.38
Task 58 200 0.29
Task 15 200 0.075
Task 13 200 0.065
Task 24 400 0.06
Task 21 400 0.0525
Task 41 800 0.05125
Task 40 800 0.05
Task 40 800 0.05
GW 1.97375
Task 92 100 0.92
Task 62 100 0.62
Task 6 100 0.06
Task 6 100 0.06
Task 23 400 0.0575
Task 21 400 0.0525
Task 42 800 0.0525
Task 41 800 0.05125
Task 40 800 0.05
Task 40 800 0.05
GW 0.3
Task 300 1000 0.3
-------------
068
-------------
GW 1.98
Task 80 100 0.8
Task 141 200 0.705
Task 25 200 0.125
Task 10 200 0.05
Task 20 400 0.05
Task 20 400 0.05
Task 20 400 0.05
Task 20 400 0.05
Task 40 800 0.05
Task 40 800 0.05
GW 1.96875
Task 95 100 0.95
Task 60 100 0.6
Task 5 100 0.05
Task 11 200 0.055
Task 11 200 0.055
Task 22 400 0.055
Task 21 400 0.0525
Task 20 400 0.05
Task 41 800 0.05125
Task 40 800 0.05
GW 0.3
Task 300 1000 0.3
-------------
069
-------------
GW 1.97125
Task 90 100 0.9
Task 52 100 0.52
Task 13 100 0.13
Task 9 100 0.09
Task 28 400 0.07
Task 23 400 0.0575
Task 20 400 0.05
Task 41 800 0.05125
Task 41 800 0.05125
Task 41 800 0.05125
GW 1.975
Task 89 100 0.89
Task 37 100 0.37
Task 28 100 0.28
Task 27 200 0.135
Task 10 200 0.05
Task 10 200 0.05
Task 20 400 0.05
Task 20 400 0.05
Task 20 400 0.05
Task 40 800 0.05
GW 0.3
Task 300 1000 0.3
-------------
070
-------------
GW 1.98
Task 73 100 0.73
Task 43 100 0.43
Task 29 100 0.29
Task 35 200 0.175
Task 19 200 0.095
Task 11 200 0.055
Task 22 400 0.055
Task 40 800 0.05
Task 40 800 0.05
Task 40 800 0.05
GW 1.975
Task 95 100 0.95
Task 41 100 0.41
Task 36 200 0.18
Task 27 200 0.135
Task 10 200 0.05
Task 20 400 0.05
Task 20 400 0.05
Task 20 400 0.05
Task 40 800 0.05
Task 40 800 0.05
GW 0.3
Task 300 1000 0.3
-------------
071
-------------
GW 1.975
Task 73 100 0.73
Task 69 100 0.69
Task 27 200 0.135
Task 20 200 0.1
Task 27 400 0.0675
Task 21 400 0.0525
Task 20 400 0.05
Task 20 400 0.05
Task 40 800 0.05
Task 40 800 0.05
GW 1.9725
Task 55 100 0.55
Task 36 100 0.36
Task 31 100 0.31
Task 46 200 0.23
Task 35 200 0.175
Task 21 200 0.105
Task 30 400 0.075
Task 25 400 0.0625
Task 21 400 0.0525
Task 42 800 0.0525
GW 0.3
Task 300 1000 0.3
-------------
072
-------------
GW 1.9775
Task 75 100 0.75
Task 74 100 0.74
Task 9 100 0.09
Task 18 200 0.09
Task 22 400 0.055
Task 21 400 0.0525
Task 40 800 0.05
Task 40 800 0.05
Task 40 800 0.05
Task 40 800 0.05
GW 1.98125
Task 98 100 0.98
Task 32 100 0.32
Task 106 400 0.265
Task 29 400 0.0725
Task 27 400 0.0675
Task 26 400 0.065
Task 43 800 0.05375
Task 43 800 0.05375
Task 42 800 0.0525
Task 41 800 0.05125
GW 0.3
Task 300 1000 0.3
-------------
073
-------------
GW 1.975
Task 51 100 0.51
Task 40 100 0.4
Task 26 100 0.26
Task 26 100 0.26
Task 18 100 0.18
Task 58 400 0.145
Task 47 800 0.05875
Task 45 800 0.05625
Task 43 800 0.05375
Task 41 800 0.05125
GW 1.98
Task 70 100 0.7
Task 52 100 0.52
Task 46 200 0.23
Task 42 200 0.21
Task 12 200 0.06
Task 21 400 0.0525
Task 21 400 0.0525
Task 21 400 0.0525
Task 42 800 0.0525
Task 40 800 0.05
GW 0.3
Task 300 1000 0.3
-------------
074
-------------
GW 1.98625
Task 72 100 0.72
Task 35 100 0.35
Task 55 200 0.275
Task 38 200 0.19
Task 32 200 0.16
Task 25 400 0.0625
Task 50 800 0.0625
Task 46 800 0.0575
Task 44 800 0.055
Task 43 800 0.05375
GW 1.98
Task 99 100 0.99
Task 45 100 0.45
Task 13 100 0.13
Task 11 100 0.11
Task 5 100 0.05
Task 10 200 0.05
Task 10 200 0.05
Task 20 400 0.05
Task 40 800 0.05
Task 40 800 0.05
GW 0.3
Task 300 1000 0.3
-------------
075
-------------
GW 1.99
Task 357 400 0.8925
Task 235 400 0.5875
Task 52 400 0.13
Task 27 400 0.0675
Task 24 400 0.06
Task 21 400 0.0525
Task 40 800 0.05
Task 40 800 0.05
Task 40 800 0.05
Task 40 800 0.05
GW 1.985
Task 83 100 0.83
Task 40 100 0.4
Task 48 200 0.24
Task 22 200 0.11
Task 17 200 0.085
Task 34 400 0.085
Task 67 800 0.08375
Task 41 800 0.05125
Task 40 800 0.05
Task 40 800 0.05
GW 0.3
Task 300 1000 0.3
-------------
076
-------------
GW 1.96
Task 86 100 0.86
Task 42 100 0.42
Task 32 100 0.32
Task 6 100 0.06
Task 10 200 0.05
Task 10 200 0.05
Task 10 200 0.05
Task 10 200 0.05
Task 20 400 0.05
Task 40 800 0.05
GW 1.9825
Task 77 100 0.77
Task 66 100 0.66
Task 11 100 0.11
Task 15 200 0.075
Task 27 400 0.0675
Task 26 400 0.065
Task 50 800 0.0625
Task 48 800 0.06
Task 46 800 0.0575
Task 44 800 0.055
GW 0.3
Task 300 1000 0.3
-------------
077
-------------
GW 1.9825
Task 77 100 0.77
Task 44 100 0.44
Task 56 200 0.28
Task 36 200 0.18
Task 25 400 0.0625
Task 20 400 0.05
Task 20 400 0.05
Task 20 400 0.05
Task 40 800 0.05
Task 40 800 0.05
GW 1.98
Task 78 100 0.78
Task 53 100 0.53
Task 43 200 0.215
Task 26 200 0.13
Task 30 400 0.075
Task 20 400 0.05
Task 20 400 0.05
Task 20 400 0.05
Task 40 800 0.05
Task 40 800 0.05
GW 0.3
Task 300 1000 0.3
-------------
078
-------------
GW 1.9675
Task 78 100 0.78
Task 59 100 0.59
Task 16 100 0.16
Task 15 200 0.075
Task 15 200 0.075
Task 14 200 0.07
Task 13 200 0.065
Task 21 400 0.0525
Task 20 400 0.05
Task 40 800 0.05
GW 1.98375
Task 108 200 0.54
Task 69 200 0.345
Task 62 200 0.31
Task 56 200 0.28
Task 86 400 0.215
Task 31 400 0.0775
Task 24 400 0.06
Task 21 400 0.0525
Task 42 800 0.0525
Task 41 800 0.05125
GW 0.3
Task 300 1000 0.3
-------------
079
-------------
GW 1.975
Task 78 100 0.78
Task 38 100 0.38
Task 46 200 0.23
Task 24 200 0.12
Task 24 200 0.12
Task 37 400 0.0925
Task 31 400 0.0775
Task 29 400 0.0725
Task 42 800 0.0525
Task 40 800 0.05
GW 1.9725
Task 97 100 0.97
Task 40 100 0.4
Task 28 200 0.14
Task 25 200 0.125
Task 24 400 0.06
Task 24 400 0.06
Task 23 400 0.0575
Task 23 400 0.0575
Task 41 800 0.05125
Task 41 800 0.05125
GW 0.3
Task 300 1000 0.3
-------------
080
-------------
GW 1.98
Task 75 100 0.75
Task 68 100 0.68
Task 31 200 0.155
Task 16 200 0.08
Task 25 400 0.0625
Task 21 400 0.0525
Task 20 400 0.05
Task 20 400 0.05
Task 40 800 0.05
Task 40 800 0.05
GW 1.98125
Task 76 100 0.76
Task 38 100 0.38
Task 30 100 0.3
Task 22 200 0.11
Task 22 200 0.11
Task 40 400 0.1
Task 54 800 0.0675
Task 43 800 0.05375
Task 40 800 0.05
Task 40 800 0.05
GW 0.3
Task 300 1000 0.3
-------------
081
-------------
GW 1.9725
Task 86 100 0.86
Task 45 100 0.45
Task 20 100 0.2
Task 13 100 0.13
Task 7 100 0.07
Task 12 200 0.06
Task 10 200 0.05
Task 21 400 0.0525
Task 20 400 0.05
Task 40 800 0.05
GW 1.98125
Task 87 100 0.87
Task 57 200 0.285
Task 51 200 0.255
Task 27 200 0.135
Task 42 400 0.105
Task 37 400 0.0925
Task 34 400 0.085
Task 21 400 0.0525
Task 41 800 0.05125
Task 40 800 0.05
GW 0.3
Task 300 1000 0.3
-------------
082
-------------
GW 1.9825
Task 67 100 0.67
Task 61 100 0.61
Task 29 100 0.29
Task 18 200 0.09
Task 29 400 0.0725
Task 20 400 0.05
Task 20 400 0.05
Task 20 400 0.05
Task 40 800 0.05
Task 40 800 0.05
GW 1.985
Task 93 100 0.93
Task 47 100 0.47
Task 30 200 0.15
Task 26 200 0.13
Task 11 200 0.055
Task 10 200 0.05
Task 20 400 0.05
Task 20 400 0.05
Task 40 800 0.05
Task 40 800 0.05
GW 0.3
Task 300 1000 0.3
-------------
083
-------------
GW 1.97
Task 88 100 0.88
Task 38 100 0.38
Task 30 100 0.3
Task 8 100 0.08
Task 6 100 0.06
Task 12 200 0.06
Task 12 200 0.06
Task 10 200 0.05
Task 20 400 0.05
Task 40 800 0.05
GW 1.98
Task 87 100 0.87
Task 41 100 0.41
Task 36 200 0.18
Task 22 200 0.11
Task 19 200 0.095
Task 31 400 0.0775
Task 28 400 0.07
Task 25 400 0.0625
Task 21 400 0.0525
Task 42 800 0.0525
GW 0.3
Task 300 1000 0.3
-------------
084
-------------
GW 1.975
Task 85 100 0.85
Task 54 100 0.54
Task 18 100 0.18
Task 17 200 0.085
Task 12 200 0.06
Task 12 200 0.06
Task 10 200 0.05
Task 20 400 0.05
Task 20 400 0.05
Task 40 800 0.05
GW 1.9825
Task 72 100 0.72
Task 49 100 0.49
Task 30 100 0.3
Task 24 200 0.12
Task 13 200 0.065
Task 26 400 0.065
Task 48 800 0.06
Task 46 800 0.0575
Task 43 800 0.05375
Task 41 800 0.05125
GW 0.3
Task 300 1000 0.3
-------------
085
-------------
GW 1.97625
Task 39 100 0.39
Task 39 100 0.39
Task 36 100 0.36
Task 24 100 0.24
Task 17 100 0.17
Task 29 200 0.145
Task 34 400 0.085
Task 66 800 0.0825
Task 47 800 0.05875
Task 44 800 0.055
GW 1.985
Task 87 100 0.87
Task 78 200 0.39
Task 56 200 0.28
Task 28 200 0.14
Task 22 400 0.055
Task 20 400 0.05
Task 40 800 0.05
Task 40 800 0.05
Task 40 800 0.05
Task 40 800 0.05
GW 0.3
Task 300 1000 0.3
-------------
086
-------------
GW 1.96125
Task 46 100 0.46
Task 35 100 0.35
Task 23 100 0.23
Task 42 200 0.21
Task 38 200 0.19
Task 55 400 0.1375
Task 49 400 0.1225
Task 41 400 0.1025
Task 33 400 0.0825
Task 61 800 0.07625
GW 1.9675
Task 89 100 0.89
Task 27 100 0.27
Task 19 100 0.19
Task 29 200 0.145
Task 27 200 0.135
Task 20 200 0.1
Task 27 400 0.0675
Task 25 400 0.0625
Task 22 400 0.055
Task 42 800 0.0525
GW 0.3
Task 300 1000 0.3
-------------
087
-------------
GW 1.99
Task 72 100 0.72
Task 138 200 0.69
Task 36 200 0.18
Task 37 400 0.0925
Task 22 400 0.055
Task 21 400 0.0525
Task 20 400 0.05
Task 40 800 0.05
Task 40 800 0.05
Task 40 800 0.05
GW 1.985
Task 82 100 0.82
Task 97 200 0.485
Task 70 400 0.175
Task 51 400 0.1275
Task 72 800 0.09
Task 62 800 0.0775
Task 47 800 0.05875
Task 41 800 0.05125
Task 40 800 0.05
Task 40 800 0.05
GW 0.3
Task 300 1000 0.3
-------------
088
-------------
GW 1.98
Task 173 200 0.865
Task 121 200 0.605
Task 18 200 0.09
Task 16 200 0.08
Task 29 400 0.0725
Task 25 400 0.0625
Task 21 400 0.0525
Task 21 400 0.0525
Task 20 400 0.05
Task 40 800 0.05
GW 1.985
Task 81 100 0.81
Task 30 100 0.3
Task 44 200 0.22
Task 41 200 0.205
Task 60 400 0.15
Task 38 400 0.095
Task 22 400 0.055
Task 20 400 0.05
Task 20 400 0.05
Task 40 800 0.05
GW 0.3
Task 300 1000 0.3
-------------
089
-------------
GW 1.9675
Task 70 100 0.7
Task 31 100 0.31
Task 27 100 0.27
Task 21 100 0.21
Task 71 400 0.1775
Task 32 400 0.08
Task 24 400 0.06
Task 45 800 0.05625
Task 42 800 0.0525
Task 41 800 0.05125
GW 1.9875
Task 175 200 0.875
Task 120 200 0.6
Task 24 200 0.12
Task 15 200 0.075
Task 25 400 0.0625
Task 22 400 0.055
Task 20 400 0.05
Task 40 800 0.05
Task 40 800 0.05
Task 40 800 0.05
GW 0.3
Task 300 1000 0.3
-------------
090
-------------
GW 1.975
Task 81 100 0.81
Task 50 100 0.5
Task 53 200 0.265
Task 13 200 0.065
Task 13 200 0.065
Task 13 200 0.065
Task 21 400 0.0525
Task 42 800 0.0525
Task 40 800 0.05
Task 40 800 0.05
GW 1.97875
Task 96 100 0.96
Task 43 100 0.43
Task 26 200 0.13
Task 41 400 0.1025
Task 37 400 0.0925
Task 24 400 0.06
Task 21 400 0.0525
Task 41 800 0.05125
Task 40 800 0.05
Task 40 800 0.05
GW 0.3
Task 300 1000 0.3
-------------
091
-------------
GW 1.97125
Task 93 100 0.93
Task 31 100 0.31
Task 28 100 0.28
Task 20 200 0.1
Task 16 200 0.08
Task 24 400 0.06
Task 22 400 0.055
Task 21 400 0.0525
Task 42 800 0.0525
Task 41 800 0.05125
GW 1.98
Task 78 100 0.78
Task 49 100 0.49
Task 64 200 0.32
Task 16 200 0.08
Task 24 400 0.06
Task 20 400 0.05
Task 20 400 0.05
Task 20 400 0.05
Task 40 800 0.05
Task 40 800 0.05
GW 0.3
Task 300 1000 0.3
-------------
092
-------------
GW 1.9725
Task 83 100 0.83
Task 28 100 0.28
Task 24 100 0.24
Task 43 200 0.215
Task 26 200 0.13
Task 27 400 0.0675
Task 24 400 0.06
Task 20 400 0.05
Task 20 400 0.05
Task 40 800 0.05
GW 1.9625
Task 65 100 0.65
Task 50 100 0.5
Task 27 100 0.27
Task 21 100 0.21
Task 7 100 0.07
Task 6 100 0.06
Task 21 400 0.0525
Task 20 400 0.05
Task 40 800 0.05
Task 40 800 0.05
GW 0.3
Task 300 1000 0.3
-------------
093
-------------
GW 1.97125
Task 81 100 0.81
Task 41 100 0.41
Task 19 100 0.19
Task 18 100 0.18
Task 8 100 0.08
Task 13 200 0.065
Task 26 400 0.065
Task 24 400 0.06
Task 47 800 0.05875
Task 42 800 0.0525
GW 1.98
Task 72 100 0.72
Task 61 100 0.61
Task 30 100 0.3
Task 5 100 0.05
Task 10 200 0.05
Task 20 400 0.05
Task 20 400 0.05
Task 20 400 0.05
Task 40 800 0.05
Task 40 800 0.05
GW 0.3
Task 300 1000 0.3
-------------
094
-------------
GW 1.975
Task 67 100 0.67
Task 66 100 0.66
Task 24 100 0.24
Task 17 200 0.085
Task 26 400 0.065
Task 21 400 0.0525
Task 42 800 0.0525
Task 40 800 0.05
Task 40 800 0.05
Task 40 800 0.05
GW 1.9825
Task 94 100 0.94
Task 68 200 0.34
Task 30 200 0.15
Task 48 400 0.12
Task 43 400 0.1075
Task 33 400 0.0825
Task 26 400 0.065
Task 52 800 0.065
Task 50 800 0.0625
Task 40 800 0.05
GW 0.3
Task 300 1000 0.3
-------------
095
-------------
GW 1.98625
Task 70 100 0.7
Task 80 200 0.4
Task 51 200 0.255
Task 30 200 0.15
Task 53 400 0.1325
Task 44 400 0.11
Task 66 800 0.0825
Task 45 800 0.05625
Task 40 800 0.05
Task 40 800 0.05
GW 1.975
Task 92 100 0.92
Task 31 100 0.31
Task 56 200 0.28
Task 21 200 0.105
Task 17 200 0.085
Task 15 200 0.075
Task 10 200 0.05
Task 10 200 0.05
Task 20 400 0.05
Task 40 800 0.05
GW 0.3
Task 300 1000 0.3
-------------
096
-------------
GW 1.98
Task 74 100 0.74
Task 68 100 0.68
Task 20 100 0.2
Task 12 200 0.06
Task 10 200 0.05
Task 10 200 0.05
Task 20 400 0.05
Task 40 800 0.05
Task 40 800 0.05
Task 40 800 0.05
GW 1.97
Task 97 100 0.97
Task 26 100 0.26
Task 24 100 0.24
Task 14 100 0.14
Task 22 200 0.11
Task 10 200 0.05
Task 10 200 0.05
Task 20 400 0.05
Task 40 800 0.05
Task 40 800 0.05
GW 0.3
Task 300 1000 0.3
-------------
097
-------------
GW 1.975
Task 88 100 0.88
Task 61 100 0.61
Task 8 100 0.08
Task 32 400 0.08
Task 30 400 0.075
Task 20 400 0.05
Task 40 800 0.05
Task 40 800 0.05
Task 40 800 0.05
Task 40 800 0.05
GW 1.9875
Task 142 200 0.71
Task 94 200 0.47
Task 86 200 0.43
Task 30 400 0.075
Task 21 400 0.0525
Task 20 400 0.05
Task 20 400 0.05
Task 20 400 0.05
Task 40 800 0.05
Task 40 800 0.05
GW 0.3
Task 300 1000 0.3
-------------
098
-------------
GW 1.98625
Task 81 100 0.81
Task 75 200 0.375
Task 135 400 0.3375
Task 40 400 0.1
Task 59 800 0.07375
Task 53 800 0.06625
Task 47 800 0.05875
Task 45 800 0.05625
Task 44 800 0.055
Task 43 800 0.05375
GW 1.975
Task 86 100 0.86
Task 36 100 0.36
Task 53 200 0.265
Task 32 200 0.16
Task 14 200 0.07
Task 23 400 0.0575
Task 21 400 0.0525
Task 40 800 0.05
Task 40 800 0.05
Task 40 800 0.05
GW 0.3
Task 300 1000 0.3
-------------
099
-------------
GW 1.98375
Task 69 100 0.69
Task 46 100 0.46
Task 48 200 0.24
Task 28 200 0.14
Task 24 200 0.12
Task 43 400 0.1075
Task 28 400 0.07
Task 43 800 0.05375
Task 41 800 0.05125
Task 41 800 0.05125
GW 1.97375
Task 63 100 0.63
Task 42 100 0.42
Task 29 100 0.29
Task 33 200 0.165
Task 32 200 0.16
Task 17 200 0.085
Task 24 400 0.06
Task 48 800 0.06
Task 43 800 0.05375
Task 40 800 0.05
GW 0.3
Task 300 1000 0.3
-------------
100
-------------
