GW 0.48625
Task 18 100 0.18
Task 7 100 0.07
Task 6 100 0.06
Task 26 400 0.065
Task 46 800 0.0575
Task 43 800 0.05375
GW 0.49125
Task 25 200 0.125
Task 21 200 0.105
Task 33 400 0.0825
Task 54 800 0.0675
Task 47 800 0.05875
Task 42 800 0.0525
GW 0.3
Task 300 1000 0.3
-------------
001
-------------
GW 0.49
Task 22 100 0.22
Task 13 200 0.065
Task 21 400 0.0525
Task 41 800 0.05125
Task 41 800 0.05125
Task 40 800 0.05
GW 0.48
Task 15 100 0.15
Task 11 100 0.11
Task 7 100 0.07
Task 10 200 0.05
Task 20 400 0.05
Task 40 800 0.05
GW 0.3
Task 300 1000 0.3
-------------
002
-------------
GW 0.48
Task 17 100 0.17
Task 19 200 0.095
Task 12 200 0.06
Task 11 200 0.055
Task 20 400 0.05
Task 40 800 0.05
GW 0.485
Task 13 100 0.13
Task 11 100 0.11
Task 7 100 0.07
Task 24 400 0.06
Task 47 800 0.05875
Task 45 800 0.05625
GW 0.3
Task 300 1000 0.3
-------------
003
-------------
GW 0.4825
Task 16 100 0.16
Task 18 200 0.09
Task 13 200 0.065
Task 12 200 0.06
Task 22 400 0.055
Task 42 800 0.0525
GW 0.48125
Task 15 100 0.15
Task 10 100 0.1
Task 8 100 0.08
Task 10 200 0.05
Task 10 200 0.05
Task 41 800 0.05125
GW 0.3
Task 300 1000 0.3
-------------
004
-------------
GW 0.4825
Task 13 100 0.13
Task 8 100 0.08
Task 17 200 0.085
Task 33 400 0.0825
Task 43 800 0.05375
Task 41 800 0.05125
GW 0.4875
Task 21 100 0.21
Task 28 400 0.07
Task 44 800 0.055
Task 42 800 0.0525
Task 40 800 0.05
Task 40 800 0.05
GW 0.3
Task 300 1000 0.3
-------------
005
-------------
GW 0.4875
Task 13 100 0.13
Task 9 100 0.09
Task 9 100 0.09
Task 24 400 0.06
Task 24 400 0.06
Task 23 400 0.0575
GW 0.47625
Task 12 100 0.12
Task 10 100 0.1
Task 19 200 0.095
Task 43 800 0.05375
Task 43 800 0.05375
Task 43 800 0.05375
GW 0.3
Task 300 1000 0.3
-------------
006
-------------
GW 0.465
Task 13 100 0.13
Task 9 100 0.09
Task 9 100 0.09
Task 5 100 0.05
Task 11 200 0.055
Task 10 200 0.05
GW 0.49
Task 18 100 0.18
Task 9 100 0.09
Task 23 400 0.0575
Task 23 400 0.0575
Task 21 400 0.0525
Task 42 800 0.0525
GW 0.3
Task 300 1000 0.3
-------------
007
-------------
GW 0.48
Task 21 100 0.21
Task 6 100 0.06
Task 5 100 0.05
Task 5 100 0.05
Task 11 200 0.055
Task 11 200 0.055
GW 0.485
Task 12 100 0.12
Task 9 100 0.09
Task 8 100 0.08
Task 15 200 0.075
Task 27 400 0.0675
Task 42 800 0.0525
GW 0.3
Task 300 1000 0.3
-------------
008
-------------
GW 0.48875
Task 15 100 0.15
Task 35 400 0.0875
Task 27 400 0.0675
Task 26 400 0.065
Task 25 400 0.0625
Task 45 800 0.05625
GW 0.49
Task 24 100 0.24
Task 10 200 0.05
Task 20 400 0.05
Task 20 400 0.05
Task 40 800 0.05
Task 40 800 0.05
GW 0.3
Task 300 1000 0.3
-------------
009
-------------
GW 0.49
Task 17 100 0.17
Task 19 200 0.095
Task 15 200 0.075
Task 20 400 0.05
Task 20 400 0.05
Task 40 800 0.05
GW 0.4925
Task 40 200 0.2
Task 16 200 0.08
Task 12 200 0.06
Task 21 400 0.0525
Task 20 400 0.05
Task 40 800 0.05
GW 0.3
Task 300 1000 0.3
-------------
010
-------------
GW 0.4875
Task 39 200 0.195
Task 16 200 0.08
Task 11 200 0.055
Task 22 400 0.055
Task 21 400 0.0525
Task 40 800 0.05
GW 0.475
Task 19 100 0.19
Task 8 100 0.08
Task 5 100 0.05
Task 11 200 0.055
Task 10 200 0.05
Task 20 400 0.05
GW 0.3
Task 300 1000 0.3
-------------
011
-------------
GW 0.4775
Task 12 100 0.12
Task 10 100 0.1
Task 7 100 0.07
Task 13 200 0.065
Task 13 200 0.065
Task 46 800 0.0575
GW 0.49
Task 22 100 0.22
Task 7 100 0.07
Task 10 200 0.05
Task 10 200 0.05
Task 10 200 0.05
Task 20 400 0.05
GW 0.3
Task 300 1000 0.3
-------------
012
-------------
GW 0.48125
Task 20 100 0.2
Task 7 100 0.07
Task 11 200 0.055
Task 11 200 0.055
Task 20 400 0.05
Task 41 800 0.05125
GW 0.49
Task 15 100 0.15
Task 13 100 0.13
Task 11 200 0.055
Task 21 400 0.0525
Task 41 800 0.05125
Task 41 800 0.05125
GW 0.3
Task 300 1000 0.3
-------------
013
-------------
GW 0.485
Task 18 100 0.18
Task 7 100 0.07
Task 30 400 0.075
Task 23 400 0.0575
Task 21 400 0.0525
Task 40 800 0.05
GW 0.48125
Task 9 100 0.09
Task 9 100 0.09
Task 9 100 0.09
Task 16 200 0.08
Task 29 400 0.0725
Task 47 800 0.05875
GW 0.3
Task 300 1000 0.3
-------------
014
-------------
GW 0.49
Task 12 100 0.12
Task 9 100 0.09
Task 17 200 0.085
Task 17 200 0.085
Task 11 200 0.055
Task 44 800 0.055
GW 0.47875
Task 16 100 0.16
Task 7 100 0.07
Task 15 200 0.075
Task 25 400 0.0625
Task 49 800 0.06125
Task 40 800 0.05
GW 0.3
Task 300 1000 0.3
-------------
015
-------------
GW 0.4825
Task 19 100 0.19
Task 7 100 0.07
Task 12 200 0.06
Task 11 200 0.055
Task 22 400 0.055
Task 42 800 0.0525
GW 0.4925
Task 46 200 0.23
Task 22 400 0.055
Task 22 400 0.055
Task 42 800 0.0525
Task 40 800 0.05
Task 40 800 0.05
GW 0.3
Task 300 1000 0.3
-------------
016
-------------
GW 0.49
Task 21 100 0.21
Task 8 100 0.08
Task 5 100 0.05
Task 20 400 0.05
Task 20 400 0.05
Task 40 800 0.05
GW 0.485
Task 18 100 0.18
Task 19 200 0.095
Task 12 200 0.06
Task 20 400 0.05
Task 20 400 0.05
Task 40 800 0.05
GW 0.3
Task 300 1000 0.3
-------------
017
-------------
GW 0.48625
Task 13 100 0.13
Task 10 100 0.1
Task 16 200 0.08
Task 14 200 0.07
Task 43 800 0.05375
Task 42 800 0.0525
GW 0.48
Task 16 100 0.16
Task 11 100 0.11
Task 11 200 0.055
Task 22 400 0.055
Task 40 800 0.05
Task 40 800 0.05
GW 0.3
Task 300 1000 0.3
-------------
018
-------------
GW 0.4875
Task 13 100 0.13
Task 20 200 0.1
Task 36 400 0.09
Task 50 800 0.0625
Task 43 800 0.05375
Task 41 800 0.05125
GW 0.48
Task 20 100 0.2
Task 8 100 0.08
Task 5 100 0.05
Task 10 200 0.05
Task 10 200 0.05
Task 20 400 0.05
GW 0.3
Task 300 1000 0.3
-------------
019
-------------
GW 0.4925
Task 19 100 0.19
Task 14 200 0.07
Task 25 400 0.0625
Task 50 800 0.0625
Task 44 800 0.055
Task 42 800 0.0525
GW 0.4775
Task 16 100 0.16
Task 9 100 0.09
Task 7 100 0.07
Task 23 400 0.0575
Task 20 400 0.05
Task 40 800 0.05
GW 0.3
Task 300 1000 0.3
-------------
020
-------------
GW 0.485
Task 15 100 0.15
Task 27 200 0.135
Task 20 400 0.05
Task 20 400 0.05
Task 20 400 0.05
Task 40 800 0.05
GW 0.485
Task 13 100 0.13
Task 12 100 0.12
Task 32 400 0.08
Task 21 400 0.0525
Task 42 800 0.0525
Task 40 800 0.05
GW 0.3
Task 300 1000 0.3
-------------
021
-------------
GW 0.475
Task 13 100 0.13
Task 12 100 0.12
Task 7 100 0.07
Task 11 200 0.055
Task 10 200 0.05
Task 20 400 0.05
GW 0.49
Task 23 100 0.23
Task 12 200 0.06
Task 10 200 0.05
Task 20 400 0.05
Task 20 400 0.05
Task 20 400 0.05
GW 0.3
Task 300 1000 0.3
-------------
022
-------------
GW 0.49125
Task 17 100 0.17
Task 18 200 0.09
Task 30 400 0.075
Task 42 800 0.0525
Task 42 800 0.0525
Task 41 800 0.05125
GW 0.495
Task 23 100 0.23
Task 6 100 0.06
Task 11 200 0.055
Task 10 200 0.05
Task 20 400 0.05
Task 40 800 0.05
GW 0.3
Task 300 1000 0.3
-------------
023
-------------
GW 0.49
Task 25 200 0.125
Task 24 200 0.12
Task 14 200 0.07
Task 12 200 0.06
Task 24 400 0.06
Task 22 400 0.055
GW 0.49125
Task 33 200 0.165
Task 17 200 0.085
Task 27 400 0.0675
Task 26 400 0.065
Task 23 400 0.0575
Task 41 800 0.05125
GW 0.3
Task 300 1000 0.3
-------------
024
-------------
GW 0.4925
Task 45 200 0.225
Task 12 200 0.06
Task 22 400 0.055
Task 21 400 0.0525
Task 20 400 0.05
Task 40 800 0.05
GW 0.47
Task 21 100 0.21
Task 6 100 0.06
Task 5 100 0.05
Task 5 100 0.05
Task 10 200 0.05
Task 10 200 0.05
GW 0.3
Task 300 1000 0.3
-------------
025
-------------
GW 0.4925
Task 14 100 0.14
Task 9 100 0.09
Task 14 200 0.07
Task 28 400 0.07
Task 26 400 0.065
Task 23 400 0.0575
GW 0.4925
Task 17 100 0.17
Task 15 200 0.075
Task 30 400 0.075
Task 47 800 0.05875
Task 47 800 0.05875
Task 44 800 0.055
GW 0.3
Task 300 1000 0.3
-------------
026
-------------
GW 0.485
Task 17 100 0.17
Task 9 100 0.09
Task 7 100 0.07
Task 5 100 0.05
Task 11 200 0.055
Task 20 400 0.05
GW 0.48
Task 13 100 0.13
Task 8 100 0.08
Task 15 200 0.075
Task 13 200 0.065
Task 27 400 0.0675
Task 50 800 0.0625
GW 0.3
Task 300 1000 0.3
-------------
027
-------------
GW 0.49
Task 15 100 0.15
Task 28 200 0.14
Task 20 400 0.05
Task 20 400 0.05
Task 20 400 0.05
Task 40 800 0.05
GW 0.49
Task 20 100 0.2
Task 8 100 0.08
Task 11 200 0.055
Task 22 400 0.055
Task 20 400 0.05
Task 20 400 0.05
GW 0.3
Task 300 1000 0.3
-------------
028
-------------
GW 0.49
Task 44 200 0.22
Task 13 200 0.065
Task 11 200 0.055
Task 10 200 0.05
Task 20 400 0.05
Task 40 800 0.05
GW 0.49
Task 21 100 0.21
Task 32 400 0.08
Task 20 400 0.05
Task 20 400 0.05
Task 40 800 0.05
Task 40 800 0.05
GW 0.3
Task 300 1000 0.3
-------------
029
-------------
GW 0.4825
Task 20 100 0.2
Task 14 200 0.07
Task 12 200 0.06
Task 10 200 0.05
Task 21 400 0.0525
Task 20 400 0.05
GW 0.49
Task 16 100 0.16
Task 19 200 0.095
Task 29 400 0.0725
Task 50 800 0.0625
Task 40 800 0.05
Task 40 800 0.05
GW 0.3
Task 300 1000 0.3
-------------
030
-------------
GW 0.495
Task 54 400 0.135
Task 42 400 0.105
Task 70 800 0.0875
Task 47 800 0.05875
Task 46 800 0.0575
Task 41 800 0.05125
GW 0.485
Task 17 100 0.17
Task 14 200 0.07
Task 27 400 0.0675
Task 26 400 0.065
Task 50 800 0.0625
Task 40 800 0.05
GW 0.3
Task 300 1000 0.3
-------------
031
-------------
GW 0.48125
Task 23 100 0.23
Task 5 100 0.05
Task 5 100 0.05
Task 5 100 0.05
Task 41 800 0.05125
Task 40 800 0.05
GW 0.49
Task 30 200 0.15
Task 25 200 0.125
Task 13 200 0.065
Task 20 400 0.05
Task 20 400 0.05
Task 40 800 0.05
GW 0.3
Task 300 1000 0.3
-------------
032
-------------
GW 0.49
Task 22 100 0.22
Task 7 100 0.07
Task 10 200 0.05
Task 10 200 0.05
Task 40 800 0.05
Task 40 800 0.05
GW 0.4875
Task 15 100 0.15
Task 8 100 0.08
Task 8 100 0.08
Task 15 200 0.075
Task 21 400 0.0525
Task 40 800 0.05
GW 0.3
Task 300 1000 0.3
-------------
033
-------------
GW 0.49
Task 13 100 0.13
Task 24 200 0.12
Task 14 200 0.07
Task 24 400 0.06
Task 44 800 0.055
Task 44 800 0.055
GW 0.49
Task 24 100 0.24
Task 10 200 0.05
Task 10 200 0.05
Task 20 400 0.05
Task 40 800 0.05
Task 40 800 0.05
GW 0.3
Task 300 1000 0.3
-------------
034
-------------
GW 0.4875
Task 14 100 0.14
Task 20 200 0.1
Task 15 200 0.075
Task 26 400 0.065
Task 23 400 0.0575
Task 40 800 0.05
GW 0.495
Task 27 200 0.135
Task 25 200 0.125
Task 17 200 0.085
Task 20 400 0.05
Task 40 800 0.05
Task 40 800 0.05
GW 0.3
Task 300 1000 0.3
-------------
035
-------------
GW 0.48125
Task 19 100 0.19
Task 8 100 0.08
Task 6 100 0.06
Task 5 100 0.05
Task 41 800 0.05125
Task 40 800 0.05
GW 0.49
Task 19 100 0.19
Task 10 100 0.1
Task 10 200 0.05
Task 10 200 0.05
Task 40 800 0.05
Task 40 800 0.05
GW 0.3
Task 300 1000 0.3
-------------
036
-------------
GW 0.49
Task 23 100 0.23
Task 6 100 0.06
Task 10 200 0.05
Task 10 200 0.05
Task 20 400 0.05
Task 40 800 0.05
GW 0.47125
Task 22 100 0.22
Task 5 100 0.05
Task 5 100 0.05
Task 10 200 0.05
Task 10 200 0.05
Task 41 800 0.05125
GW 0.3
Task 300 1000 0.3
-------------
037
-------------
GW 0.485
Task 20 100 0.2
Task 14 200 0.07
Task 12 200 0.06
Task 22 400 0.055
Task 20 400 0.05
Task 40 800 0.05
GW 0.48375
Task 17 100 0.17
Task 10 100 0.1
Task 24 400 0.06
Task 21 400 0.0525
Task 41 800 0.05125
Task 40 800 0.05
GW 0.3
Task 300 1000 0.3
-------------
038
-------------
GW 0.495
Task 24 100 0.24
Task 11 200 0.055
Task 10 200 0.05
Task 20 400 0.05
Task 20 400 0.05
Task 40 800 0.05
GW 0.49125
Task 20 100 0.2
Task 8 100 0.08
Task 6 100 0.06
Task 20 400 0.05
Task 41 800 0.05125
Task 40 800 0.05
GW 0.3
Task 300 1000 0.3
-------------
039
-------------
GW 0.4825
Task 19 100 0.19
Task 16 200 0.08
Task 11 200 0.055
Task 11 200 0.055
Task 21 400 0.0525
Task 20 400 0.05
GW 0.4825
Task 13 100 0.13
Task 11 100 0.11
Task 7 100 0.07
Task 7 100 0.07
Task 21 400 0.0525
Task 20 400 0.05
GW 0.3
Task 300 1000 0.3
-------------
040
-------------
GW 0.485
Task 10 100 0.1
Task 41 400 0.1025
Task 33 400 0.0825
Task 30 400 0.075
Task 60 800 0.075
Task 40 800 0.05
GW 0.48875
Task 14 100 0.14
Task 11 100 0.11
Task 27 400 0.0675
Task 24 400 0.06
Task 24 400 0.06
Task 41 800 0.05125
GW 0.3
Task 300 1000 0.3
-------------
041
-------------
GW 0.4875
Task 21 100 0.21
Task 28 400 0.07
Task 22 400 0.055
Task 21 400 0.0525
Task 40 800 0.05
Task 40 800 0.05
GW 0.47375
Task 18 100 0.18
Task 7 100 0.07
Task 6 100 0.06
Task 12 200 0.06
Task 21 400 0.0525
Task 41 800 0.05125
GW 0.3
Task 300 1000 0.3
-------------
042
-------------
GW 0.475
Task 13 100 0.13
Task 11 100 0.11
Task 7 100 0.07
Task 6 100 0.06
Task 11 200 0.055
Task 10 200 0.05
GW 0.49
Task 24 100 0.24
Task 5 100 0.05
Task 5 100 0.05
Task 10 200 0.05
Task 10 200 0.05
Task 40 800 0.05
GW 0.3
Task 300 1000 0.3
-------------
043
-------------
GW 0.485
Task 19 100 0.19
Task 19 200 0.095
Task 20 400 0.05
Task 20 400 0.05
Task 40 800 0.05
Task 40 800 0.05
GW 0.4825
Task 14 100 0.14
Task 12 100 0.12
Task 13 200 0.065
Task 11 200 0.055
Task 21 400 0.0525
Task 20 400 0.05
GW 0.3
Task 300 1000 0.3
-------------
044
-------------
GW 0.49125
Task 20 100 0.2
Task 16 200 0.08
Task 22 400 0.055
Task 44 800 0.055
Task 41 800 0.05125
Task 40 800 0.05
GW 0.4925
Task 29 200 0.145
Task 35 400 0.0875
Task 35 400 0.0875
Task 24 400 0.06
Task 23 400 0.0575
Task 44 800 0.055
GW 0.3
Task 300 1000 0.3
-------------
045
-------------
GW 0.485
Task 15 100 0.15
Task 21 200 0.105
Task 13 200 0.065
Task 23 400 0.0575
Task 45 800 0.05625
Task 41 800 0.05125
GW 0.49
Task 25 200 0.125
Task 24 200 0.12
Task 19 200 0.095
Task 20 400 0.05
Task 40 800 0.05
Task 40 800 0.05
GW 0.3
Task 300 1000 0.3
-------------
046
-------------
GW 0.49
Task 31 200 0.155
Task 20 200 0.1
Task 34 400 0.085
Task 40 800 0.05
Task 40 800 0.05
Task 40 800 0.05
GW 0.4825
Task 13 100 0.13
Task 9 100 0.09
Task 15 200 0.075
Task 15 200 0.075
Task 12 200 0.06
Task 21 400 0.0525
GW 0.3
Task 300 1000 0.3
-------------
047
-------------
GW 0.49
Task 24 100 0.24
Task 10 200 0.05
Task 10 200 0.05
Task 20 400 0.05
Task 20 400 0.05
Task 20 400 0.05
GW 0.47375
Task 21 100 0.21
Task 6 100 0.06
Task 5 100 0.05
Task 5 100 0.05
Task 43 800 0.05375
Task 40 800 0.05
GW 0.3
Task 300 1000 0.3
-------------
048
-------------
GW 0.48375
Task 12 100 0.12
Task 12 100 0.12
Task 8 100 0.08
Task 12 200 0.06
Task 21 400 0.0525
Task 41 800 0.05125
GW 0.48
Task 16 100 0.16
Task 7 100 0.07
Task 14 200 0.07
Task 52 800 0.065
Task 47 800 0.05875
Task 45 800 0.05625
GW 0.3
Task 300 1000 0.3
-------------
049
-------------
GW 0.48625
Task 21 100 0.21
Task 12 200 0.06
Task 12 200 0.06
Task 11 200 0.055
Task 20 400 0.05
Task 41 800 0.05125
GW 0.49375
Task 14 100 0.14
Task 12 100 0.12
Task 12 200 0.06
Task 12 200 0.06
Task 47 800 0.05875
Task 44 800 0.055
GW 0.3
Task 300 1000 0.3
-------------
050
-------------
GW 0.4875
Task 18 100 0.18
Task 18 200 0.09
Task 13 200 0.065
Task 21 400 0.0525
Task 20 400 0.05
Task 40 800 0.05
GW 0.4875
Task 11 100 0.11
Task 18 200 0.09
Task 36 400 0.09
Task 68 800 0.085
Task 45 800 0.05625
Task 45 800 0.05625
GW 0.3
Task 300 1000 0.3
-------------
051
-------------
GW 0.49
Task 20 100 0.2
Task 8 100 0.08
Task 6 100 0.06
Task 10 200 0.05
Task 20 400 0.05
Task 20 400 0.05
GW 0.4875
Task 19 100 0.19
Task 14 200 0.07
Task 12 200 0.06
Task 24 400 0.06
Task 23 400 0.0575
Task 40 800 0.05
GW 0.3
Task 300 1000 0.3
-------------
052
-------------
GW 0.49
Task 13 100 0.13
Task 12 100 0.12
Task 18 200 0.09
Task 10 200 0.05
Task 20 400 0.05
Task 20 400 0.05
GW 0.4925
Task 16 100 0.16
Task 10 100 0.1
Task 13 200 0.065
Task 24 400 0.06
Task 23 400 0.0575
Task 40 800 0.05
GW 0.3
Task 300 1000 0.3
-------------
053
-------------
GW 0.485
Task 17 100 0.17
Task 7 100 0.07
Task 15 200 0.075
Task 13 200 0.065
Task 42 800 0.0525
Task 42 800 0.0525
GW 0.4875
Task 15 100 0.15
Task 16 200 0.08
Task 15 200 0.075
Task 13 200 0.065
Task 12 200 0.06
Task 23 400 0.0575
GW 0.3
Task 300 1000 0.3
-------------
054
-------------
GW 0.47625
Task 20 100 0.2
Task 6 100 0.06
Task 13 200 0.065
Task 20 400 0.05
Task 20 400 0.05
Task 41 800 0.05125
GW 0.48
Task 20 100 0.2
Task 8 100 0.08
Task 5 100 0.05
Task 10 200 0.05
Task 20 400 0.05
Task 20 400 0.05
GW 0.3
Task 300 1000 0.3
-------------
055
-------------
GW 0.47
Task 13 100 0.13
Task 11 100 0.11
Task 16 200 0.08
Task 10 200 0.05
Task 20 400 0.05
Task 20 400 0.05
GW 0.49
Task 24 100 0.24
Task 5 100 0.05
Task 5 100 0.05
Task 5 100 0.05
Task 10 200 0.05
Task 20 400 0.05
GW 0.3
Task 300 1000 0.3
-------------
056
-------------
GW 0.48625
Task 18 100 0.18
Task 19 200 0.095
Task 12 200 0.06
Task 10 200 0.05
Task 20 400 0.05
Task 41 800 0.05125
GW 0.485
Task 23 100 0.23
Task 5 100 0.05
Task 21 400 0.0525
Task 21 400 0.0525
Task 40 800 0.05
Task 40 800 0.05
GW 0.3
Task 300 1000 0.3
-------------
057
-------------
GW 0.48
Task 16 100 0.16
Task 11 100 0.11
Task 12 200 0.06
Task 10 200 0.05
Task 20 400 0.05
Task 40 800 0.05
GW 0.485
Task 14 100 0.14
Task 22 200 0.11
Task 16 200 0.08
Task 22 400 0.055
Task 20 400 0.05
Task 40 800 0.05
GW 0.3
Task 300 1000 0.3
-------------
058
-------------
GW 0.48875
Task 28 200 0.14
Task 17 200 0.085
Task 16 200 0.08
Task 27 400 0.0675
Task 25 400 0.0625
Task 43 800 0.05375
GW 0.49
Task 24 100 0.24
Task 5 100 0.05
Task 5 100 0.05
Task 20 400 0.05
Task 40 800 0.05
Task 40 800 0.05
GW 0.3
Task 300 1000 0.3
-------------
059
-------------
GW 0.47
Task 15 100 0.15
Task 9 100 0.09
Task 6 100 0.06
Task 6 100 0.06
Task 11 200 0.055
Task 44 800 0.055
GW 0.4875
Task 18 100 0.18
Task 7 100 0.07
Task 14 200 0.07
Task 13 200 0.065
Task 21 400 0.0525
Task 20 400 0.05
GW 0.3
Task 300 1000 0.3
-------------
060
-------------
GW 0.49125
Task 37 200 0.185
Task 15 200 0.075
Task 26 400 0.065
Task 52 800 0.065
Task 41 800 0.05125
Task 40 800 0.05
GW 0.4875
Task 34 200 0.17
Task 15 200 0.075
Task 14 200 0.07
Task 23 400 0.0575
Task 23 400 0.0575
Task 46 800 0.0575
GW 0.3
Task 300 1000 0.3
-------------
061
-------------
GW 0.48875
Task 22 100 0.22
Task 6 100 0.06
Task 22 400 0.055
Task 21 400 0.0525
Task 41 800 0.05125
Task 40 800 0.05
GW 0.485
Task 23 100 0.23
Task 11 200 0.055
Task 10 200 0.05
Task 20 400 0.05
Task 40 800 0.05
Task 40 800 0.05
GW 0.3
Task 300 1000 0.3
-------------
062
-------------
GW 0.48
Task 21 100 0.21
Task 7 100 0.07
Task 10 200 0.05
Task 10 200 0.05
Task 40 800 0.05
Task 40 800 0.05
GW 0.495
Task 21 100 0.21
Task 8 100 0.08
Task 11 200 0.055
Task 10 200 0.05
Task 10 200 0.05
Task 40 800 0.05
GW 0.3
Task 300 1000 0.3
-------------
063
-------------
GW 0.4925
Task 42 200 0.21
Task 58 800 0.0725
Task 45 800 0.05625
Task 43 800 0.05375
Task 40 800 0.05
Task 40 800 0.05
GW 0.48875
Task 11 100 0.11
Task 21 200 0.105
Task 31 400 0.0775
Task 30 400 0.075
Task 57 800 0.07125
Task 40 800 0.05
GW 0.3
Task 300 1000 0.3
-------------
064
-------------
GW 0.48375
Task 20 100 0.2
Task 13 200 0.065
Task 12 200 0.06
Task 44 800 0.055
Task 43 800 0.05375
Task 40 800 0.05
GW 0.48375
Task 13 100 0.13
Task 10 100 0.1
Task 18 200 0.09
Task 24 400 0.06
Task 21 400 0.0525
Task 41 800 0.05125
GW 0.3
Task 300 1000 0.3
-------------
065
-------------
GW 0.4875
Task 20 100 0.2
Task 7 100 0.07
Task 13 200 0.065
Task 21 400 0.0525
Task 20 400 0.05
Task 40 800 0.05
GW 0.47875
Task 13 100 0.13
Task 11 100 0.11
Task 8 100 0.08
Task 11 200 0.055
Task 21 400 0.0525
Task 41 800 0.05125
GW 0.3
Task 300 1000 0.3
-------------
066
-------------
GW 0.485
Task 18 100 0.18
Task 8 100 0.08
Task 29 400 0.0725
Task 21 400 0.0525
Task 20 400 0.05
Task 20 400 0.05
GW 0.49
Task 23 100 0.23
Task 6 100 0.06
Task 5 100 0.05
Task 5 100 0.05
Task 10 200 0.05
Task 40 800 0.05
GW 0.3
Task 300 1000 0.3
-------------
067
-------------
GW 0.48
Task 12 100 0.12
Task 10 100 0.1
Task 20 200 0.1
Task 22 400 0.055
Task 21 400 0.0525
Task 42 800 0.0525
GW 0.48375
Task 15 100 0.15
Task 10 100 0.1
Task 13 200 0.065
Task 23 400 0.0575
Task 22 400 0.055
Task 45 800 0.05625
GW 0.3
Task 300 1000 0.3
-------------
068
-------------
GW 0.49
Task 19 100 0.19
Task 18 200 0.09
Task 11 200 0.055
Task 11 200 0.055
Task 20 400 0.05
Task 40 800 0.05
GW 0.49
Task 17 100 0.17
Task 9 100 0.09
Task 8 100 0.08
Task 10 200 0.05
Task 20 400 0.05
Task 40 800 0.05
GW 0.3
Task 300 1000 0.3
-------------
069
-------------
GW 0.495
Task 24 100 0.24
Task 11 200 0.055
Task 10 200 0.05
Task 10 200 0.05
Task 20 400 0.05
Task 40 800 0.05
GW 0.485
Task 12 100 0.12
Task 12 100 0.12
Task 17 200 0.085
Task 24 400 0.06
Task 40 800 0.05
Task 40 800 0.05
GW 0.3
Task 300 1000 0.3
-------------
070
-------------
GW 0.49125
Task 13 100 0.13
Task 18 200 0.09
Task 17 200 0.085
Task 28 400 0.07
Task 26 400 0.065
Task 41 800 0.05125
GW 0.49
Task 17 100 0.17
Task 20 200 0.1
Task 24 400 0.06
Task 22 400 0.055
Task 43 800 0.05375
Task 41 800 0.05125
GW 0.3
Task 300 1000 0.3
-------------
071
-------------
GW 0.49125
Task 36 200 0.18
Task 18 200 0.09
Task 25 400 0.0625
Task 45 800 0.05625
Task 42 800 0.0525
Task 40 800 0.05
GW 0.49375
Task 30 200 0.15
Task 50 400 0.125
Task 26 400 0.065
Task 43 800 0.05375
Task 40 800 0.05
Task 40 800 0.05
GW 0.3
Task 300 1000 0.3
-------------
072
-------------
GW 0.49
Task 39 200 0.195
Task 17 200 0.085
Task 22 400 0.055
Task 42 800 0.0525
Task 41 800 0.05125
Task 41 800 0.05125
GW 0.4875
Task 37 200 0.185
Task 17 200 0.085
Task 13 200 0.065
Task 21 400 0.0525
Task 20 400 0.05
Task 40 800 0.05
GW 0.3
Task 300 1000 0.3
-------------
073
-------------
GW 0.495
Task 49 200 0.245
Task 10 200 0.05
Task 10 200 0.05
Task 20 400 0.05
Task 40 800 0.05
Task 40 800 0.05
GW 0.49
Task 18 100 0.18
Task 20 200 0.1
Task 24 400 0.06
Task 20 400 0.05
Task 40 800 0.05
Task 40 800 0.05
GW 0.3
Task 300 1000 0.3
-------------
074
-------------
GW 0.48875
Task 33 200 0.165
Task 17 200 0.085
Task 31 400 0.0775
Task 23 400 0.0575
Task 21 400 0.0525
Task 41 800 0.05125
GW 0.48875
Task 33 200 0.165
Task 18 200 0.09
Task 15 200 0.075
Task 47 800 0.05875
Task 40 800 0.05
Task 40 800 0.05
GW 0.3
Task 300 1000 0.3
-------------
075
-------------
GW 0.4775
Task 15 100 0.15
Task 12 100 0.12
Task 5 100 0.05
Task 22 400 0.055
Task 21 400 0.0525
Task 40 800 0.05
GW 0.48
Task 15 100 0.15
Task 11 100 0.11
Task 6 100 0.06
Task 12 200 0.06
Task 20 400 0.05
Task 40 800 0.05
GW 0.3
Task 300 1000 0.3
-------------
076
-------------
GW 0.49
Task 24 100 0.24
Task 5 100 0.05
Task 10 200 0.05
Task 20 400 0.05
Task 20 400 0.05
Task 40 800 0.05
GW 0.48
Task 20 100 0.2
Task 8 100 0.08
Task 5 100 0.05
Task 5 100 0.05
Task 5 100 0.05
Task 40 800 0.05
GW 0.3
Task 300 1000 0.3
-------------
077
-------------
GW 0.495
Task 17 100 0.17
Task 16 200 0.08
Task 32 400 0.08
Task 25 400 0.0625
Task 21 400 0.0525
Task 40 800 0.05
GW 0.49125
Task 44 200 0.22
Task 12 200 0.06
Task 47 800 0.05875
Task 41 800 0.05125
Task 41 800 0.05125
Task 40 800 0.05
GW 0.3
Task 300 1000 0.3
-------------
078
-------------
GW 0.4875
Task 19 100 0.19
Task 15 200 0.075
Task 12 200 0.06
Task 11 200 0.055
Task 46 800 0.0575
Task 40 800 0.05
GW 0.48
Task 11 100 0.11
Task 11 100 0.11
Task 21 200 0.105
Task 11 200 0.055
Task 10 200 0.05
Task 40 800 0.05
GW 0.3
Task 300 1000 0.3
-------------
079
-------------
GW 0.4825
Task 16 100 0.16
Task 8 100 0.08
Task 8 100 0.08
Task 25 400 0.0625
Task 20 400 0.05
Task 40 800 0.05
GW 0.49
Task 36 200 0.18
Task 18 200 0.09
Task 24 400 0.06
Task 24 400 0.06
Task 40 800 0.05
Task 40 800 0.05
GW 0.3
Task 300 1000 0.3
-------------
080
-------------
GW 0.48375
Task 14 100 0.14
Task 8 100 0.08
Task 7 100 0.07
Task 14 200 0.07
Task 13 200 0.065
Task 47 800 0.05875
GW 0.48625
Task 16 100 0.16
Task 9 100 0.09
Task 14 200 0.07
Task 23 400 0.0575
Task 23 400 0.0575
Task 41 800 0.05125
GW 0.3
Task 300 1000 0.3
-------------
081
-------------
GW 0.48
Task 23 100 0.23
Task 5 100 0.05
Task 10 200 0.05
Task 10 200 0.05
Task 20 400 0.05
Task 40 800 0.05
GW 0.475
Task 18 100 0.18
Task 9 100 0.09
Task 5 100 0.05
Task 11 200 0.055
Task 20 400 0.05
Task 20 400 0.05
GW 0.3
Task 300 1000 0.3
-------------
082
-------------
GW 0.4925
Task 12 100 0.12
Task 44 400 0.11
Task 32 400 0.08
Task 30 400 0.075
Task 45 800 0.05625
Task 41 800 0.05125
GW 0.485
Task 17 100 0.17
Task 20 200 0.1
Task 25 400 0.0625
Task 21 400 0.0525
Task 20 400 0.05
Task 40 800 0.05
GW 0.3
Task 300 1000 0.3
-------------
083
-------------
GW 0.495
Task 34 200 0.17
Task 25 200 0.125
Task 20 400 0.05
Task 20 400 0.05
Task 40 800 0.05
Task 40 800 0.05
GW 0.48
Task 21 100 0.21
Task 14 200 0.07
Task 10 200 0.05
Task 20 400 0.05
Task 20 400 0.05
Task 40 800 0.05
GW 0.3
Task 300 1000 0.3
-------------
084
-------------
GW 0.4925
Task 14 100 0.14
Task 55 400 0.1375
Task 24 400 0.06
Task 22 400 0.055
Task 20 400 0.05
Task 40 800 0.05
GW 0.485
Task 20 100 0.2
Task 8 100 0.08
Task 11 200 0.055
Task 10 200 0.05
Task 10 200 0.05
Task 20 400 0.05
GW 0.3
Task 300 1000 0.3
-------------
085
-------------
GW 0.48
Task 23 100 0.23
Task 5 100 0.05
Task 5 100 0.05
Task 10 200 0.05
Task 10 200 0.05
Task 40 800 0.05
GW 0.485
Task 17 100 0.17
Task 8 100 0.08
Task 13 200 0.065
Task 25 400 0.0625
Task 23 400 0.0575
Task 40 800 0.05
GW 0.3
Task 300 1000 0.3
-------------
086
-------------
GW 0.49625
Task 62 400 0.155
Task 75 800 0.09375
Task 65 800 0.08125
Task 46 800 0.0575
Task 45 800 0.05625
Task 42 800 0.0525
GW 0.4825
Task 20 100 0.2
Task 7 100 0.07
Task 12 200 0.06
Task 41 800 0.05125
Task 41 800 0.05125
Task 40 800 0.05
GW 0.3
Task 300 1000 0.3
-------------
087
-------------
GW 0.49125
Task 15 100 0.15
Task 41 400 0.1025
Task 29 400 0.0725
Task 47 800 0.05875
Task 45 800 0.05625
Task 41 800 0.05125
GW 0.48625
Task 15 100 0.15
Task 21 200 0.105
Task 26 400 0.065
Task 25 400 0.0625
Task 43 800 0.05375
Task 40 800 0.05
GW 0.3
Task 300 1000 0.3
-------------
088
-------------
GW 0.4875
Task 37 200 0.185
Task 13 200 0.065
Task 13 200 0.065
Task 26 400 0.065
Task 44 800 0.055
Task 42 800 0.0525
GW 0.48875
Task 14 100 0.14
Task 10 100 0.1
Task 27 400 0.0675
Task 26 400 0.065
Task 49 800 0.06125
Task 44 800 0.055
GW 0.3
Task 300 1000 0.3
-------------
089
-------------
GW 0.475
Task 17 100 0.17
Task 7 100 0.07
Task 14 200 0.07
Task 13 200 0.065
Task 10 200 0.05
Task 10 200 0.05
GW 0.485
Task 22 100 0.22
Task 6 100 0.06
Task 22 400 0.055
Task 40 800 0.05
Task 40 800 0.05
Task 40 800 0.05
GW 0.3
Task 300 1000 0.3
-------------
090
-------------
GW 0.4875
Task 18 100 0.18
Task 19 200 0.095
Task 11 200 0.055
Task 44 800 0.055
Task 42 800 0.0525
Task 40 800 0.05
GW 0.4875
Task 28 200 0.14
Task 20 200 0.1
Task 16 200 0.08
Task 12 200 0.06
Task 23 400 0.0575
Task 20 400 0.05
GW 0.3
Task 300 1000 0.3
-------------
091
-------------
GW 0.49125
Task 39 200 0.195
Task 26 400 0.065
Task 26 400 0.065
Task 23 400 0.0575
Task 44 800 0.055
Task 43 800 0.05375
GW 0.49
Task 24 100 0.24
Task 5 100 0.05
Task 10 200 0.05
Task 20 400 0.05
Task 20 400 0.05
Task 40 800 0.05
GW 0.3
Task 300 1000 0.3
-------------
092
-------------
GW 0.48
Task 23 100 0.23
Task 5 100 0.05
Task 10 200 0.05
Task 20 400 0.05
Task 20 400 0.05
Task 20 400 0.05
GW 0.49
Task 24 100 0.24
Task 10 200 0.05
Task 20 400 0.05
Task 20 400 0.05
Task 20 400 0.05
Task 40 800 0.05
GW 0.3
Task 300 1000 0.3
-------------
093
-------------
GW 0.4875
Task 13 100 0.13
Task 12 100 0.12
Task 32 400 0.08
Task 23 400 0.0575
Task 40 800 0.05
Task 40 800 0.05
GW 0.48
Task 18 100 0.18
Task 8 100 0.08
Task 14 200 0.07
Task 10 200 0.05
Task 20 400 0.05
Task 40 800 0.05
GW 0.3
Task 300 1000 0.3
-------------
094
-------------
GW 0.485
Task 15 100 0.15
Task 27 200 0.135
Task 10 200 0.05
Task 10 200 0.05
Task 20 400 0.05
Task 40 800 0.05
GW 0.48875
Task 20 100 0.2
Task 7 100 0.07
Task 51 800 0.06375
Task 42 800 0.0525
Task 42 800 0.0525
Task 40 800 0.05
GW 0.3
Task 300 1000 0.3
-------------
095
-------------
GW 0.48
Task 13 100 0.13
Task 11 100 0.11
Task 9 100 0.09
Task 10 200 0.05
Task 40 800 0.05
Task 40 800 0.05
GW 0.49
Task 23 100 0.23
Task 11 200 0.055
Task 22 400 0.055
Task 20 400 0.05
Task 40 800 0.05
Task 40 800 0.05
GW 0.3
Task 300 1000 0.3
-------------
096
-------------
GW 0.49
Task 23 100 0.23
Task 11 200 0.055
Task 11 200 0.055
Task 10 200 0.05
Task 10 200 0.05
Task 10 200 0.05
GW 0.49125
Task 12 100 0.12
Task 19 200 0.095
Task 35 400 0.0875
Task 55 800 0.06875
Task 50 800 0.0625
Task 46 800 0.0575
GW 0.3
Task 300 1000 0.3
-------------
097
-------------
GW 0.49
Task 21 100 0.21
Task 15 200 0.075
Task 11 200 0.055
Task 10 200 0.05
Task 20 400 0.05
Task 20 400 0.05
GW 0.495
Task 48 200 0.24
Task 22 400 0.055
Task 20 400 0.05
Task 20 400 0.05
Task 20 400 0.05
Task 40 800 0.05
GW 0.3
Task 300 1000 0.3
-------------
098
-------------
GW 0.49375
Task 16 100 0.16
Task 15 200 0.075
Task 15 200 0.075
Task 30 400 0.075
Task 46 800 0.0575
Task 41 800 0.05125
GW 0.48
Task 15 100 0.15
Task 11 100 0.11
Task 6 100 0.06
Task 12 200 0.06
Task 10 200 0.05
Task 20 400 0.05
GW 0.3
Task 300 1000 0.3
-------------
099
-------------
GW 0.48375
Task 17 100 0.17
Task 22 200 0.11
Task 21 400 0.0525
Task 20 400 0.05
Task 20 400 0.05
Task 41 800 0.05125
GW 0.48
Task 17 100 0.17
Task 11 100 0.11
Task 5 100 0.05
Task 10 200 0.05
Task 10 200 0.05
Task 20 400 0.05
GW 0.3
Task 300 1000 0.3
-------------
100
-------------
