Meet_R
NOFLD	myOFLD	AOFLDC	SeGW
1	0.99995	0.856734	0.966549	
1	0.975547	0.846924	0.87869	
0.572212	0.96788	0.829472	0.778642	
0.379453	0.911173	0.854721	0.753757	
1	1	0.765538	0.962037	
1	0.982647	0.759004	0.850523	
0.61467	0.959397	0.725137	0.718386	
0.468501	0.886349	0.741163	0.687248	
1	1	0.549466	0.961815	
1	0.977471	0.614018	0.844682	
0.634498	0.93495	0.576988	0.66846	
0.49562	0.839744	0.583295	0.638612	
1	1	0.40124	0.954936	
1	0.980307	0.426149	0.838903	
0.662208	0.921957	0.409201	0.669021	
0.511492	0.813048	0.413264	0.601414	
1	1	0.238065	0.942337	
1	0.985033	0.253963	0.83758	
0.679264	0.91472	0.264623	0.681268	
0.549404	0.771114	0.261845	0.587301	
1	1	0.135733	0.934714	
1	0.993305	0.146796	0.826708	
0.697561	0.906545	0.130394	0.692247	
0.573442	0.761784	0.139113	0.598433	


Energy
NOFLD	myOFLD	AOFLDC	SeGW
12329.2	10968.3	9626.63	11886.8	
17531.3	11198.9	9632.87	13760.4	
17608.8	10408	9543	12955.2	
17608.8	10151.2	9497.83	11965.5	
12314.9	11411	10048.4	12029.3	
17512	12128.3	10013.3	14550	
17608.8	11493.2	10092.6	15066.7	
17608.8	11011.4	10010.7	13717.8	
12288.5	11732.4	10363	12171.4	
17496.4	12919.4	10345.5	15225.7	
17608.8	12662.9	10345.7	16041.2	
17608.8	11664.4	10266.3	14968.9	
12264.8	11759.4	10455.3	12121.5	
17464.3	13530.3	10425.3	15522.5	
17608.8	13342.4	10455	16676.4	
17608.8	12365.2	10415.4	15896	
12251.2	11738.4	10522.6	12075	
17433.4	14632.8	10507.1	15738	
17608.8	14228.3	10502.4	17131.4	
17608.8	13243.5	10503.2	16760.6	
12238.2	11715.7	10513.2	12026.4	
17402	15130.6	10512.6	15715.8	
17608.8	15223.9	10509.9	17282.4	
17608.8	14079.8	10506.4	17257.2	


Resp
NOFLD	myOFLD	AOFLDC	SeGW
615635	629791	927269	601654	
1572260	1054951	973576	825916	
924350	1306667	1064018	870485	
655820	1394219	1269204	1034822	
720325	741744	1340378	740245	
1907115	1365277	1305496	1018357	
1337140	1810467	1377184	1052128	
1019105	1885323	1484030	1210230	
827680	836539	1443299	899574	
2283330	1698278	1621717	1179756	
1686265	2268866	1553682	1185455	
1373665	2284054	1512448	1339130	
929335	945253	1337452	1020945	
2611130	1967559	1380070	1316510	
2118220	2714293	1390516	1348819	
1757210	2710883	1342215	1469202	
1137430	1166311	1031312	1339637	
3270590	2546676	1096567	1701571	
2709295	3500910	1164159	1695408	
2496320	3442490	1197511	1805949	
1331760	1374583	709622	1553834	
3844355	3103915	778772	2100989	
3143315	4115506	733490	2030053	
2981595	4240868	744610	2117038	


CloudEng
NOFLD	myOFLD	AOFLDC	SeGW
0	72330	307920	23956	
0	388276	596487	203246	
0	790147	882975	522339	
0	1071807	1165919	898420	
0	34352	302315	11794	
0	309340	586661	132976	
0	702081	860652	312652	
0	1009935	1122138	690607	
0	5832	287389	0	
0	232042	555547	71925	
0	564059	811322	189152	
0	904179	1054257	485944	
0	1030	269317	0	
0	162619	512830	40075	
0	489969	742719	109406	
0	792948	964071	317896	
0	0	241643	0	
0	49404	441956	11518	
0	380975	637515	46809	
0	640857	818623	169004	
0	0	210069	0	
0	13487	376721	1619	
0	240565	533530	29403	
0	510945	693194	66920	


FogEng
NOFLD	myOFLD	AOFLDC	SeGW
10328	11546	10328	10328	
10328	12162	10328	10328	
10328	11214	10328	10328	
10328	10901	10328	10328	
10328	11654	10328	10328	
10328	12737	10328	10328	
10328	12614	10328	10328	
10328	11925	10328	10328	
10328	11612	10328	10328	
10328	13535	10328	10328	
10328	13810	10328	10328	
10328	13126	10328	10328	
10328	11617	10328	10328	
10328	14079	10328	10328	
10328	14040	10328	10328	
10328	14288	10328	10328	
10328	11676	10328	10328	
10328	14779	10328	10328	
10328	14252	10328	10328	
10328	14798	10328	10328	
10328	11809	10328	10328	
10328	15028	10328	10328	
10328	14221	10328	10328	
10328	14935	10328	10328	


GW_Eng
GW1	GW2	GW3
10887.6	11049	11546.7
11063.9	11333.8	12163.1
10402.3	10413.8	11214.8
10143.4	10159.1	10902.7
11451.6	11370.3	11655.2
12051.7	12204.9	12737.8
11449.4	11537	12615.4
11038.5	10984.3	11926.5
11694.6	11770.2	11613.5
12694.7	13144.1	13535.9
12574	12751.8	13811.1
11586.2	11742.7	13127.2
11747.1	11771.8	11617.8
13416.4	13644.1	14080.5
13305.9	13378.9	14040.7
12269.2	12461.3	14288.8
11760.8	11716	11676.8
14395.3	14870.4	14780.4
14299	14157.6	14253
13243.1	13243.9	14799.3
11690.8	11740.6	11809.8
15234.7	15026.4	15029.3
15150.7	15297.1	14221.8
14118.5	14041.2	14936.3


