GW 0.47
Task 11 200 0.055
Task 19 400 0.0475
Task 19 400 0.0475
Task 39 800 0.04875
Task 9 200 0.045
Task 19 400 0.0475
Task 39 800 0.04875
Task 4 100 0.04
Task 9 200 0.045
Task 9 200 0.045
GW 0.465
Task 23 400 0.0575
Task 4 100 0.04
Task 39 800 0.04875
Task 39 800 0.04875
Task 19 400 0.0475
Task 4 100 0.04
Task 4 100 0.04
Task 19 400 0.0475
Task 19 400 0.0475
Task 19 400 0.0475
GW 0
-------------
001
-------------
GW 0.47375
Task 11 200 0.055
Task 10 200 0.05
Task 9 200 0.045
Task 9 200 0.045
Task 9 200 0.045
Task 19 400 0.0475
Task 9 200 0.045
Task 19 400 0.0475
Task 9 200 0.045
Task 39 800 0.04875
GW 0.465
Task 11 200 0.055
Task 5 100 0.05
Task 4 100 0.04
Task 4 100 0.04
Task 9 200 0.045
Task 39 800 0.04875
Task 39 800 0.04875
Task 39 800 0.04875
Task 39 800 0.04875
Task 4 100 0.04
GW 0
-------------
002
-------------
GW 0.46
Task 21 400 0.0525
Task 20 400 0.05
Task 9 200 0.045
Task 4 100 0.04
Task 39 800 0.04875
Task 19 400 0.0475
Task 19 400 0.0475
Task 4 100 0.04
Task 39 800 0.04875
Task 4 100 0.04
GW 0.47125
Task 11 200 0.055
Task 5 100 0.05
Task 19 400 0.0475
Task 39 800 0.04875
Task 19 400 0.0475
Task 19 400 0.0475
Task 19 400 0.0475
Task 19 400 0.0475
Task 4 100 0.04
Task 4 100 0.04
GW 0
-------------
003
-------------
GW 0.42875
Task 5 100 0.05
Task 4 100 0.04
Task 4 100 0.04
Task 4 100 0.04
Task 39 800 0.04875
Task 9 200 0.045
Task 4 100 0.04
Task 4 100 0.04
Task 4 100 0.04
Task 9 200 0.045
GW 0.485
Task 10 200 0.05
Task 41 800 0.05125
Task 20 400 0.05
Task 5 100 0.05
Task 39 800 0.04875
Task 9 200 0.045
Task 39 800 0.04875
Task 19 400 0.0475
Task 39 800 0.04875
Task 9 200 0.045
GW 0
-------------
004
-------------
GW 0.49125
Task 42 800 0.0525
Task 41 800 0.05125
Task 40 800 0.05
Task 19 400 0.0475
Task 39 800 0.04875
Task 39 800 0.04875
Task 39 800 0.04875
Task 19 400 0.0475
Task 19 400 0.0475
Task 39 800 0.04875
GW 0.46125
Task 45 800 0.05625
Task 10 200 0.05
Task 4 100 0.04
Task 4 100 0.04
Task 39 800 0.04875
Task 9 200 0.045
Task 19 400 0.0475
Task 4 100 0.04
Task 9 200 0.045
Task 39 800 0.04875
GW 0
-------------
005
-------------
GW 0.4625
Task 11 200 0.055
Task 41 800 0.05125
Task 39 800 0.04875
Task 9 200 0.045
Task 4 100 0.04
Task 4 100 0.04
Task 9 200 0.045
Task 9 200 0.045
Task 19 400 0.0475
Task 9 200 0.045
GW 0.4775
Task 22 400 0.055
Task 40 800 0.05
Task 19 400 0.0475
Task 19 400 0.0475
Task 4 100 0.04
Task 9 200 0.045
Task 19 400 0.0475
Task 39 800 0.04875
Task 39 800 0.04875
Task 19 400 0.0475
GW 0
-------------
006
-------------
GW 0.4525
Task 5 100 0.05
Task 20 400 0.05
Task 10 200 0.05
Task 4 100 0.04
Task 4 100 0.04
Task 39 800 0.04875
Task 9 200 0.045
Task 4 100 0.04
Task 4 100 0.04
Task 39 800 0.04875
GW 0.45875
Task 22 400 0.055
Task 39 800 0.04875
Task 9 200 0.045
Task 4 100 0.04
Task 9 200 0.045
Task 4 100 0.04
Task 4 100 0.04
Task 39 800 0.04875
Task 19 400 0.0475
Task 39 800 0.04875
GW 0
-------------
007
-------------
GW 0.46625
Task 11 200 0.055
Task 10 200 0.05
Task 9 200 0.045
Task 9 200 0.045
Task 9 200 0.045
Task 4 100 0.04
Task 39 800 0.04875
Task 4 100 0.04
Task 39 800 0.04875
Task 39 800 0.04875
GW 0.4625
Task 22 400 0.055
Task 40 800 0.05
Task 39 800 0.04875
Task 4 100 0.04
Task 19 400 0.0475
Task 39 800 0.04875
Task 9 200 0.045
Task 4 100 0.04
Task 4 100 0.04
Task 19 400 0.0475
GW 0
-------------
008
-------------
GW 0.47125
Task 20 400 0.05
Task 20 400 0.05
Task 10 200 0.05
Task 5 100 0.05
Task 19 400 0.0475
Task 9 200 0.045
Task 9 200 0.045
Task 4 100 0.04
Task 39 800 0.04875
Task 9 200 0.045
GW 0.48375
Task 11 200 0.055
Task 10 200 0.05
Task 9 200 0.045
Task 19 400 0.0475
Task 39 800 0.04875
Task 39 800 0.04875
Task 19 400 0.0475
Task 19 400 0.0475
Task 9 200 0.045
Task 39 800 0.04875
GW 0
-------------
009
-------------
GW 0.465
Task 10 200 0.05
Task 5 100 0.05
Task 19 400 0.0475
Task 19 400 0.0475
Task 19 400 0.0475
Task 4 100 0.04
Task 39 800 0.04875
Task 39 800 0.04875
Task 9 200 0.045
Task 4 100 0.04
GW 0.4775
Task 11 200 0.055
Task 40 800 0.05
Task 19 400 0.0475
Task 39 800 0.04875
Task 19 400 0.0475
Task 39 800 0.04875
Task 9 200 0.045
Task 9 200 0.045
Task 9 200 0.045
Task 9 200 0.045
GW 0
-------------
010
-------------
GW 0.46625
Task 22 400 0.055
Task 20 400 0.05
Task 4 100 0.04
Task 39 800 0.04875
Task 4 100 0.04
Task 4 100 0.04
Task 39 800 0.04875
Task 19 400 0.0475
Task 19 400 0.0475
Task 39 800 0.04875
GW 0.4775
Task 21 400 0.0525
Task 10 200 0.05
Task 10 200 0.05
Task 10 200 0.05
Task 4 100 0.04
Task 39 800 0.04875
Task 9 200 0.045
Task 9 200 0.045
Task 19 400 0.0475
Task 39 800 0.04875
GW 0
-------------
011
-------------
GW 0.4575
Task 11 200 0.055
Task 19 400 0.0475
Task 39 800 0.04875
Task 4 100 0.04
Task 39 800 0.04875
Task 19 400 0.0475
Task 4 100 0.04
Task 4 100 0.04
Task 9 200 0.045
Task 9 200 0.045
GW 0.46375
Task 22 400 0.055
Task 9 200 0.045
Task 39 800 0.04875
Task 4 100 0.04
Task 9 200 0.045
Task 9 200 0.045
Task 19 400 0.0475
Task 9 200 0.045
Task 9 200 0.045
Task 19 400 0.0475
GW 0
-------------
012
-------------
GW 0.4875
Task 5 100 0.05
Task 41 800 0.05125
Task 5 100 0.05
Task 5 100 0.05
Task 19 400 0.0475
Task 39 800 0.04875
Task 39 800 0.04875
Task 39 800 0.04875
Task 19 400 0.0475
Task 9 200 0.045
GW 0.48
Task 42 800 0.0525
Task 41 800 0.05125
Task 10 200 0.05
Task 20 400 0.05
Task 19 400 0.0475
Task 39 800 0.04875
Task 9 200 0.045
Task 9 200 0.045
Task 9 200 0.045
Task 9 200 0.045
GW 0
-------------
013
-------------
GW 0.47625
Task 22 400 0.055
Task 5 100 0.05
Task 9 200 0.045
Task 9 200 0.045
Task 4 100 0.04
Task 19 400 0.0475
Task 39 800 0.04875
Task 39 800 0.04875
Task 39 800 0.04875
Task 19 400 0.0475
GW 0.46375
Task 10 200 0.05
Task 5 100 0.05
Task 40 800 0.05
Task 39 800 0.04875
Task 9 200 0.045
Task 19 400 0.0475
Task 4 100 0.04
Task 4 100 0.04
Task 19 400 0.0475
Task 9 200 0.045
GW 0
-------------
014
-------------
GW 0.465
Task 5 100 0.05
Task 39 800 0.04875
Task 19 400 0.0475
Task 9 200 0.045
Task 39 800 0.04875
Task 19 400 0.0475
Task 39 800 0.04875
Task 4 100 0.04
Task 39 800 0.04875
Task 4 100 0.04
GW 0.485
Task 5 100 0.05
Task 20 400 0.05
Task 10 200 0.05
Task 20 400 0.05
Task 20 400 0.05
Task 9 200 0.045
Task 9 200 0.045
Task 39 800 0.04875
Task 19 400 0.0475
Task 39 800 0.04875
GW 0
-------------
015
-------------
GW 0.47625
Task 43 800 0.05375
Task 5 100 0.05
Task 20 400 0.05
Task 39 800 0.04875
Task 9 200 0.045
Task 39 800 0.04875
Task 9 200 0.045
Task 19 400 0.0475
Task 19 400 0.0475
Task 4 100 0.04
GW 0.455
Task 42 800 0.0525
Task 5 100 0.05
Task 9 200 0.045
Task 9 200 0.045
Task 9 200 0.045
Task 4 100 0.04
Task 19 400 0.0475
Task 9 200 0.045
Task 9 200 0.045
Task 4 100 0.04
GW 0
-------------
016
-------------
GW 0.46875
Task 43 800 0.05375
Task 20 400 0.05
Task 40 800 0.05
Task 4 100 0.04
Task 9 200 0.045
Task 4 100 0.04
Task 19 400 0.0475
Task 19 400 0.0475
Task 19 400 0.0475
Task 19 400 0.0475
GW 0.47625
Task 42 800 0.0525
Task 5 100 0.05
Task 40 800 0.05
Task 39 800 0.04875
Task 4 100 0.04
Task 19 400 0.0475
Task 9 200 0.045
Task 9 200 0.045
Task 39 800 0.04875
Task 39 800 0.04875
GW 0
-------------
017
-------------
GW 0.46875
Task 5 100 0.05
Task 5 100 0.05
Task 5 100 0.05
Task 19 400 0.0475
Task 39 800 0.04875
Task 39 800 0.04875
Task 4 100 0.04
Task 39 800 0.04875
Task 4 100 0.04
Task 9 200 0.045
GW 0.4625
Task 5 100 0.05
Task 39 800 0.04875
Task 19 400 0.0475
Task 19 400 0.0475
Task 19 400 0.0475
Task 9 200 0.045
Task 4 100 0.04
Task 19 400 0.0475
Task 4 100 0.04
Task 39 800 0.04875
GW 0
-------------
018
-------------
GW 0.47375
Task 42 800 0.0525
Task 10 200 0.05
Task 5 100 0.05
Task 20 400 0.05
Task 9 200 0.045
Task 39 800 0.04875
Task 9 200 0.045
Task 9 200 0.045
Task 4 100 0.04
Task 19 400 0.0475
GW 0.4625
Task 5 100 0.05
Task 20 400 0.05
Task 5 100 0.05
Task 4 100 0.04
Task 4 100 0.04
Task 19 400 0.0475
Task 4 100 0.04
Task 19 400 0.0475
Task 39 800 0.04875
Task 39 800 0.04875
GW 0
-------------
019
-------------
GW 0.47
Task 5 100 0.05
Task 10 200 0.05
Task 39 800 0.04875
Task 19 400 0.0475
Task 19 400 0.0475
Task 39 800 0.04875
Task 4 100 0.04
Task 9 200 0.045
Task 19 400 0.0475
Task 9 200 0.045
GW 0.48375
Task 21 400 0.0525
Task 5 100 0.05
Task 10 200 0.05
Task 10 200 0.05
Task 39 800 0.04875
Task 9 200 0.045
Task 9 200 0.045
Task 39 800 0.04875
Task 9 200 0.045
Task 39 800 0.04875
GW 0
-------------
020
-------------
GW 0.46875
Task 45 800 0.05625
Task 40 800 0.05
Task 39 800 0.04875
Task 9 200 0.045
Task 4 100 0.04
Task 19 400 0.0475
Task 39 800 0.04875
Task 4 100 0.04
Task 9 200 0.045
Task 19 400 0.0475
GW 0.45625
Task 44 800 0.055
Task 20 400 0.05
Task 19 400 0.0475
Task 4 100 0.04
Task 19 400 0.0475
Task 19 400 0.0475
Task 4 100 0.04
Task 39 800 0.04875
Task 4 100 0.04
Task 4 100 0.04
GW 0
-------------
021
-------------
GW 0.48375
Task 43 800 0.05375
Task 5 100 0.05
Task 19 400 0.0475
Task 39 800 0.04875
Task 19 400 0.0475
Task 19 400 0.0475
Task 39 800 0.04875
Task 19 400 0.0475
Task 19 400 0.0475
Task 9 200 0.045
GW 0.45375
Task 5 100 0.05
Task 9 200 0.045
Task 4 100 0.04
Task 39 800 0.04875
Task 9 200 0.045
Task 19 400 0.0475
Task 19 400 0.0475
Task 4 100 0.04
Task 9 200 0.045
Task 9 200 0.045
GW 0
-------------
022
-------------
GW 0.46375
Task 5 100 0.05
Task 20 400 0.05
Task 9 200 0.045
Task 19 400 0.0475
Task 19 400 0.0475
Task 39 800 0.04875
Task 19 400 0.0475
Task 19 400 0.0475
Task 4 100 0.04
Task 4 100 0.04
GW 0.4525
Task 5 100 0.05
Task 19 400 0.0475
Task 39 800 0.04875
Task 19 400 0.0475
Task 9 200 0.045
Task 4 100 0.04
Task 4 100 0.04
Task 39 800 0.04875
Task 9 200 0.045
Task 4 100 0.04
GW 0
-------------
023
-------------
GW 0.465
Task 10 200 0.05
Task 5 100 0.05
Task 5 100 0.05
Task 40 800 0.05
Task 4 100 0.04
Task 19 400 0.0475
Task 9 200 0.045
Task 19 400 0.0475
Task 4 100 0.04
Task 9 200 0.045
GW 0.475
Task 41 800 0.05125
Task 10 200 0.05
Task 5 100 0.05
Task 5 100 0.05
Task 39 800 0.04875
Task 4 100 0.04
Task 19 400 0.0475
Task 39 800 0.04875
Task 39 800 0.04875
Task 4 100 0.04
GW 0
-------------
024
-------------
GW 0.47125
Task 23 400 0.0575
Task 4 100 0.04
Task 9 200 0.045
Task 39 800 0.04875
Task 39 800 0.04875
Task 19 400 0.0475
Task 39 800 0.04875
Task 19 400 0.0475
Task 19 400 0.0475
Task 4 100 0.04
GW 0.46
Task 5 100 0.05
Task 10 200 0.05
Task 9 200 0.045
Task 9 200 0.045
Task 39 800 0.04875
Task 19 400 0.0475
Task 9 200 0.045
Task 4 100 0.04
Task 39 800 0.04875
Task 4 100 0.04
GW 0
-------------
025
-------------
GW 0.48
Task 21 400 0.0525
Task 20 400 0.05
Task 20 400 0.05
Task 19 400 0.0475
Task 19 400 0.0475
Task 39 800 0.04875
Task 19 400 0.0475
Task 39 800 0.04875
Task 19 400 0.0475
Task 4 100 0.04
GW 0.48375
Task 42 800 0.0525
Task 41 800 0.05125
Task 10 200 0.05
Task 10 200 0.05
Task 9 200 0.045
Task 39 800 0.04875
Task 39 800 0.04875
Task 9 200 0.045
Task 19 400 0.0475
Task 9 200 0.045
GW 0
-------------
026
-------------
GW 0.47875
Task 22 400 0.055
Task 10 200 0.05
Task 40 800 0.05
Task 19 400 0.0475
Task 4 100 0.04
Task 39 800 0.04875
Task 39 800 0.04875
Task 39 800 0.04875
Task 9 200 0.045
Task 9 200 0.045
GW 0.47375
Task 21 400 0.0525
Task 5 100 0.05
Task 10 200 0.05
Task 39 800 0.04875
Task 9 200 0.045
Task 19 400 0.0475
Task 4 100 0.04
Task 9 200 0.045
Task 19 400 0.0475
Task 19 400 0.0475
GW 0
-------------
027
-------------
GW 0.47
Task 5 100 0.05
Task 20 400 0.05
Task 4 100 0.04
Task 19 400 0.0475
Task 19 400 0.0475
Task 19 400 0.0475
Task 19 400 0.0475
Task 19 400 0.0475
Task 19 400 0.0475
Task 9 200 0.045
GW 0.47125
Task 10 200 0.05
Task 41 800 0.05125
Task 5 100 0.05
Task 19 400 0.0475
Task 4 100 0.04
Task 39 800 0.04875
Task 19 400 0.0475
Task 19 400 0.0475
Task 39 800 0.04875
Task 4 100 0.04
GW 0
-------------
028
-------------
GW 0.4625
Task 43 800 0.05375
Task 20 400 0.05
Task 19 400 0.0475
Task 39 800 0.04875
Task 19 400 0.0475
Task 4 100 0.04
Task 9 200 0.045
Task 9 200 0.045
Task 4 100 0.04
Task 9 200 0.045
GW 0.48
Task 43 800 0.05375
Task 10 200 0.05
Task 19 400 0.0475
Task 19 400 0.0475
Task 9 200 0.045
Task 19 400 0.0475
Task 19 400 0.0475
Task 19 400 0.0475
Task 9 200 0.045
Task 39 800 0.04875
GW 0
-------------
029
-------------
GW 0.4725
Task 42 800 0.0525
Task 20 400 0.05
Task 5 100 0.05
Task 4 100 0.04
Task 19 400 0.0475
Task 39 800 0.04875
Task 39 800 0.04875
Task 4 100 0.04
Task 19 400 0.0475
Task 19 400 0.0475
GW 0.45125
Task 5 100 0.05
Task 9 200 0.045
Task 9 200 0.045
Task 39 800 0.04875
Task 9 200 0.045
Task 4 100 0.04
Task 9 200 0.045
Task 19 400 0.0475
Task 4 100 0.04
Task 9 200 0.045
GW 0
-------------
030
-------------
GW 0.46625
Task 5 100 0.05
Task 40 800 0.05
Task 10 200 0.05
Task 4 100 0.04
Task 19 400 0.0475
Task 19 400 0.0475
Task 9 200 0.045
Task 19 400 0.0475
Task 39 800 0.04875
Task 4 100 0.04
GW 0.46625
Task 5 100 0.05
Task 9 200 0.045
Task 39 800 0.04875
Task 4 100 0.04
Task 39 800 0.04875
Task 19 400 0.0475
Task 9 200 0.045
Task 19 400 0.0475
Task 39 800 0.04875
Task 9 200 0.045
GW 0
-------------
031
-------------
GW 0.4725
Task 5 100 0.05
Task 39 800 0.04875
Task 39 800 0.04875
Task 19 400 0.0475
Task 39 800 0.04875
Task 4 100 0.04
Task 19 400 0.0475
Task 39 800 0.04875
Task 9 200 0.045
Task 19 400 0.0475
GW 0.4675
Task 5 100 0.05
Task 5 100 0.05
Task 20 400 0.05
Task 19 400 0.0475
Task 4 100 0.04
Task 39 800 0.04875
Task 39 800 0.04875
Task 4 100 0.04
Task 19 400 0.0475
Task 9 200 0.045
GW 0
-------------
032
-------------
GW 0.4775
Task 21 400 0.0525
Task 41 800 0.05125
Task 10 200 0.05
Task 4 100 0.04
Task 4 100 0.04
Task 39 800 0.04875
Task 39 800 0.04875
Task 39 800 0.04875
Task 39 800 0.04875
Task 39 800 0.04875
GW 0.47375
Task 21 400 0.0525
Task 10 200 0.05
Task 5 100 0.05
Task 4 100 0.04
Task 9 200 0.045
Task 19 400 0.0475
Task 19 400 0.0475
Task 39 800 0.04875
Task 9 200 0.045
Task 19 400 0.0475
GW 0
-------------
033
-------------
GW 0.45125
Task 22 400 0.055
Task 5 100 0.05
Task 9 200 0.045
Task 4 100 0.04
Task 4 100 0.04
Task 39 800 0.04875
Task 4 100 0.04
Task 4 100 0.04
Task 9 200 0.045
Task 19 400 0.0475
GW 0.47375
Task 42 800 0.0525
Task 41 800 0.05125
Task 40 800 0.05
Task 9 200 0.045
Task 39 800 0.04875
Task 9 200 0.045
Task 4 100 0.04
Task 39 800 0.04875
Task 9 200 0.045
Task 19 400 0.0475
GW 0
-------------
034
-------------
GW 0.475
Task 5 100 0.05
Task 10 200 0.05
Task 39 800 0.04875
Task 9 200 0.045
Task 39 800 0.04875
Task 19 400 0.0475
Task 19 400 0.0475
Task 9 200 0.045
Task 9 200 0.045
Task 19 400 0.0475
GW 0.45375
Task 43 800 0.05375
Task 42 800 0.0525
Task 19 400 0.0475
Task 4 100 0.04
Task 4 100 0.04
Task 19 400 0.0475
Task 19 400 0.0475
Task 4 100 0.04
Task 9 200 0.045
Task 4 100 0.04
GW 0
-------------
035
-------------
GW 0.47875
Task 42 800 0.0525
Task 5 100 0.05
Task 40 800 0.05
Task 20 400 0.05
Task 9 200 0.045
Task 9 200 0.045
Task 9 200 0.045
Task 9 200 0.045
Task 19 400 0.0475
Task 39 800 0.04875
GW 0.46625
Task 11 200 0.055
Task 10 200 0.05
Task 10 200 0.05
Task 19 400 0.0475
Task 4 100 0.04
Task 39 800 0.04875
Task 19 400 0.0475
Task 4 100 0.04
Task 4 100 0.04
Task 19 400 0.0475
GW 0
-------------
036
-------------
GW 0.45125
Task 5 100 0.05
Task 40 800 0.05
Task 9 200 0.045
Task 4 100 0.04
Task 4 100 0.04
Task 39 800 0.04875
Task 4 100 0.04
Task 39 800 0.04875
Task 39 800 0.04875
Task 4 100 0.04
GW 0.46375
Task 10 200 0.05
Task 10 200 0.05
Task 20 400 0.05
Task 4 100 0.04
Task 39 800 0.04875
Task 9 200 0.045
Task 19 400 0.0475
Task 9 200 0.045
Task 4 100 0.04
Task 19 400 0.0475
GW 0
-------------
037
-------------
GW 0.46125
Task 11 200 0.055
Task 9 200 0.045
Task 19 400 0.0475
Task 4 100 0.04
Task 9 200 0.045
Task 19 400 0.0475
Task 4 100 0.04
Task 39 800 0.04875
Task 19 400 0.0475
Task 9 200 0.045
GW 0.46625
Task 10 200 0.05
Task 5 100 0.05
Task 10 200 0.05
Task 10 200 0.05
Task 4 100 0.04
Task 9 200 0.045
Task 39 800 0.04875
Task 4 100 0.04
Task 9 200 0.045
Task 19 400 0.0475
GW 0
-------------
038
-------------
GW 0.4575
Task 10 200 0.05
Task 5 100 0.05
Task 19 400 0.0475
Task 4 100 0.04
Task 39 800 0.04875
Task 9 200 0.045
Task 39 800 0.04875
Task 4 100 0.04
Task 4 100 0.04
Task 19 400 0.0475
GW 0.47125
Task 46 800 0.0575
Task 39 800 0.04875
Task 9 200 0.045
Task 9 200 0.045
Task 19 400 0.0475
Task 9 200 0.045
Task 4 100 0.04
Task 9 200 0.045
Task 39 800 0.04875
Task 39 800 0.04875
GW 0
-------------
039
-------------
GW 0.46125
Task 11 200 0.055
Task 39 800 0.04875
Task 19 400 0.0475
Task 19 400 0.0475
Task 9 200 0.045
Task 39 800 0.04875
Task 4 100 0.04
Task 4 100 0.04
Task 39 800 0.04875
Task 4 100 0.04
GW 0.47125
Task 5 100 0.05
Task 20 400 0.05
Task 39 800 0.04875
Task 9 200 0.045
Task 4 100 0.04
Task 39 800 0.04875
Task 9 200 0.045
Task 19 400 0.0475
Task 19 400 0.0475
Task 39 800 0.04875
GW 0
-------------
040
-------------
GW 0.45875
Task 22 400 0.055
Task 9 200 0.045
Task 19 400 0.0475
Task 19 400 0.0475
Task 39 800 0.04875
Task 19 400 0.0475
Task 4 100 0.04
Task 4 100 0.04
Task 19 400 0.0475
Task 4 100 0.04
GW 0.4725
Task 11 200 0.055
Task 39 800 0.04875
Task 9 200 0.045
Task 9 200 0.045
Task 9 200 0.045
Task 19 400 0.0475
Task 39 800 0.04875
Task 39 800 0.04875
Task 4 100 0.04
Task 39 800 0.04875
GW 0
-------------
041
-------------
GW 0.46
Task 43 800 0.05375
Task 5 100 0.05
Task 5 100 0.05
Task 39 800 0.04875
Task 4 100 0.04
Task 19 400 0.0475
Task 9 200 0.045
Task 4 100 0.04
Task 9 200 0.045
Task 4 100 0.04
GW 0.47875
Task 10 200 0.05
Task 40 800 0.05
Task 10 200 0.05
Task 5 100 0.05
Task 5 100 0.05
Task 9 200 0.045
Task 4 100 0.04
Task 39 800 0.04875
Task 19 400 0.0475
Task 19 400 0.0475
GW 0
-------------
042
-------------
GW 0.465
Task 5 100 0.05
Task 5 100 0.05
Task 5 100 0.05
Task 5 100 0.05
Task 9 200 0.045
Task 4 100 0.04
Task 9 200 0.045
Task 19 400 0.0475
Task 4 100 0.04
Task 19 400 0.0475
GW 0.455
Task 10 200 0.05
Task 21 400 0.0525
Task 9 200 0.045
Task 19 400 0.0475
Task 4 100 0.04
Task 19 400 0.0475
Task 19 400 0.0475
Task 4 100 0.04
Task 4 100 0.04
Task 9 200 0.045
GW 0
-------------
043
-------------
GW 0.475
Task 11 200 0.055
Task 21 400 0.0525
Task 19 400 0.0475
Task 19 400 0.0475
Task 19 400 0.0475
Task 4 100 0.04
Task 4 100 0.04
Task 39 800 0.04875
Task 39 800 0.04875
Task 19 400 0.0475
GW 0.46875
Task 42 800 0.0525
Task 21 400 0.0525
Task 4 100 0.04
Task 19 400 0.0475
Task 9 200 0.045
Task 19 400 0.0475
Task 39 800 0.04875
Task 4 100 0.04
Task 19 400 0.0475
Task 19 400 0.0475
GW 0
-------------
044
-------------
GW 0.46125
Task 5 100 0.05
Task 20 400 0.05
Task 39 800 0.04875
Task 4 100 0.04
Task 4 100 0.04
Task 39 800 0.04875
Task 9 200 0.045
Task 39 800 0.04875
Task 9 200 0.045
Task 9 200 0.045
GW 0.46125
Task 21 400 0.0525
Task 42 800 0.0525
Task 9 200 0.045
Task 4 100 0.04
Task 39 800 0.04875
Task 39 800 0.04875
Task 4 100 0.04
Task 9 200 0.045
Task 4 100 0.04
Task 39 800 0.04875
GW 0
-------------
045
-------------
GW 0.4675
Task 5 100 0.05
Task 41 800 0.05125
Task 40 800 0.05
Task 4 100 0.04
Task 19 400 0.0475
Task 19 400 0.0475
Task 39 800 0.04875
Task 9 200 0.045
Task 4 100 0.04
Task 19 400 0.0475
GW 0.47375
Task 21 400 0.0525
Task 40 800 0.05
Task 10 200 0.05
Task 19 400 0.0475
Task 19 400 0.0475
Task 9 200 0.045
Task 19 400 0.0475
Task 4 100 0.04
Task 9 200 0.045
Task 39 800 0.04875
GW 0
-------------
046
-------------
GW 0.48
Task 5 100 0.05
Task 5 100 0.05
Task 20 400 0.05
Task 40 800 0.05
Task 20 400 0.05
Task 39 800 0.04875
Task 4 100 0.04
Task 19 400 0.0475
Task 39 800 0.04875
Task 9 200 0.045
GW 0.4825
Task 22 400 0.055
Task 10 200 0.05
Task 40 800 0.05
Task 39 800 0.04875
Task 4 100 0.04
Task 39 800 0.04875
Task 19 400 0.0475
Task 9 200 0.045
Task 39 800 0.04875
Task 39 800 0.04875
GW 0
-------------
047
-------------
GW 0.48125
Task 43 800 0.05375
Task 20 400 0.05
Task 19 400 0.0475
Task 4 100 0.04
Task 39 800 0.04875
Task 39 800 0.04875
Task 19 400 0.0475
Task 39 800 0.04875
Task 39 800 0.04875
Task 19 400 0.0475
GW 0.45375
Task 42 800 0.0525
Task 20 400 0.05
Task 40 800 0.05
Task 4 100 0.04
Task 4 100 0.04
Task 19 400 0.0475
Task 4 100 0.04
Task 4 100 0.04
Task 39 800 0.04875
Task 9 200 0.045
GW 0
-------------
048
-------------
GW 0.475
Task 43 800 0.05375
Task 20 400 0.05
Task 19 400 0.0475
Task 19 400 0.0475
Task 19 400 0.0475
Task 19 400 0.0475
Task 4 100 0.04
Task 9 200 0.045
Task 39 800 0.04875
Task 19 400 0.0475
GW 0.4675
Task 22 400 0.055
Task 40 800 0.05
Task 19 400 0.0475
Task 4 100 0.04
Task 19 400 0.0475
Task 9 200 0.045
Task 4 100 0.04
Task 39 800 0.04875
Task 39 800 0.04875
Task 9 200 0.045
GW 0
-------------
049
-------------
GW 0.46125
Task 5 100 0.05
Task 41 800 0.05125
Task 40 800 0.05
Task 39 800 0.04875
Task 39 800 0.04875
Task 9 200 0.045
Task 4 100 0.04
Task 4 100 0.04
Task 19 400 0.0475
Task 4 100 0.04
GW 0.46375
Task 5 100 0.05
Task 10 200 0.05
Task 9 200 0.045
Task 9 200 0.045
Task 4 100 0.04
Task 9 200 0.045
Task 9 200 0.045
Task 39 800 0.04875
Task 19 400 0.0475
Task 19 400 0.0475
GW 0
-------------
050
-------------
GW 0.46
Task 23 400 0.0575
Task 19 400 0.0475
Task 19 400 0.0475
Task 39 800 0.04875
Task 4 100 0.04
Task 4 100 0.04
Task 39 800 0.04875
Task 4 100 0.04
Task 9 200 0.045
Task 9 200 0.045
GW 0.46625
Task 10 200 0.05
Task 20 400 0.05
Task 40 800 0.05
Task 4 100 0.04
Task 19 400 0.0475
Task 4 100 0.04
Task 39 800 0.04875
Task 19 400 0.0475
Task 9 200 0.045
Task 19 400 0.0475
GW 0
-------------
051
-------------
GW 0.47125
Task 43 800 0.05375
Task 10 200 0.05
Task 9 200 0.045
Task 19 400 0.0475
Task 39 800 0.04875
Task 9 200 0.045
Task 4 100 0.04
Task 9 200 0.045
Task 39 800 0.04875
Task 19 400 0.0475
GW 0.465
Task 5 100 0.05
Task 41 800 0.05125
Task 5 100 0.05
Task 40 800 0.05
Task 4 100 0.04
Task 4 100 0.04
Task 9 200 0.045
Task 39 800 0.04875
Task 9 200 0.045
Task 9 200 0.045
GW 0
-------------
052
-------------
GW 0.46875
Task 5 100 0.05
Task 42 800 0.0525
Task 9 200 0.045
Task 39 800 0.04875
Task 39 800 0.04875
Task 4 100 0.04
Task 19 400 0.0475
Task 19 400 0.0475
Task 4 100 0.04
Task 39 800 0.04875
GW 0.46
Task 11 200 0.055
Task 40 800 0.05
Task 39 800 0.04875
Task 19 400 0.0475
Task 9 200 0.045
Task 4 100 0.04
Task 39 800 0.04875
Task 4 100 0.04
Task 4 100 0.04
Task 9 200 0.045
GW 0
-------------
053
-------------
GW 0.45875
Task 46 800 0.0575
Task 4 100 0.04
Task 9 200 0.045
Task 39 800 0.04875
Task 39 800 0.04875
Task 4 100 0.04
Task 9 200 0.045
Task 4 100 0.04
Task 9 200 0.045
Task 39 800 0.04875
GW 0.47375
Task 21 400 0.0525
Task 21 400 0.0525
Task 19 400 0.0475
Task 9 200 0.045
Task 19 400 0.0475
Task 9 200 0.045
Task 39 800 0.04875
Task 9 200 0.045
Task 9 200 0.045
Task 9 200 0.045
GW 0
-------------
054
-------------
GW 0.47125
Task 21 400 0.0525
Task 5 100 0.05
Task 39 800 0.04875
Task 39 800 0.04875
Task 19 400 0.0475
Task 19 400 0.0475
Task 19 400 0.0475
Task 4 100 0.04
Task 4 100 0.04
Task 39 800 0.04875
GW 0.46
Task 5 100 0.05
Task 41 800 0.05125
Task 10 200 0.05
Task 19 400 0.0475
Task 9 200 0.045
Task 4 100 0.04
Task 4 100 0.04
Task 4 100 0.04
Task 19 400 0.0475
Task 39 800 0.04875
GW 0
-------------
055
-------------
GW 0.48625
Task 45 800 0.05625
Task 5 100 0.05
Task 39 800 0.04875
Task 19 400 0.0475
Task 39 800 0.04875
Task 19 400 0.0475
Task 19 400 0.0475
Task 9 200 0.045
Task 19 400 0.0475
Task 19 400 0.0475
GW 0.45
Task 10 200 0.05
Task 10 200 0.05
Task 20 400 0.05
Task 4 100 0.04
Task 4 100 0.04
Task 19 400 0.0475
Task 4 100 0.04
Task 19 400 0.0475
Task 9 200 0.045
Task 4 100 0.04
GW 0
-------------
056
-------------
GW 0.44875
Task 21 400 0.0525
Task 5 100 0.05
Task 4 100 0.04
Task 4 100 0.04
Task 19 400 0.0475
Task 4 100 0.04
Task 9 200 0.045
Task 39 800 0.04875
Task 4 100 0.04
Task 9 200 0.045
GW 0.4575
Task 46 800 0.0575
Task 9 200 0.045
Task 4 100 0.04
Task 4 100 0.04
Task 4 100 0.04
Task 9 200 0.045
Task 9 200 0.045
Task 39 800 0.04875
Task 39 800 0.04875
Task 19 400 0.0475
GW 0
-------------
057
-------------
GW 0.4675
Task 5 100 0.05
Task 5 100 0.05
Task 9 200 0.045
Task 19 400 0.0475
Task 39 800 0.04875
Task 39 800 0.04875
Task 4 100 0.04
Task 19 400 0.0475
Task 9 200 0.045
Task 9 200 0.045
GW 0.47375
Task 5 100 0.05
Task 10 200 0.05
Task 20 400 0.05
Task 40 800 0.05
Task 19 400 0.0475
Task 19 400 0.0475
Task 4 100 0.04
Task 39 800 0.04875
Task 9 200 0.045
Task 9 200 0.045
GW 0
-------------
058
-------------
GW 0.47125
Task 21 400 0.0525
Task 41 800 0.05125
Task 40 800 0.05
Task 5 100 0.05
Task 4 100 0.04
Task 19 400 0.0475
Task 9 200 0.045
Task 19 400 0.0475
Task 19 400 0.0475
Task 4 100 0.04
GW 0.4575
Task 10 200 0.05
Task 5 100 0.05
Task 5 100 0.05
Task 9 200 0.045
Task 4 100 0.04
Task 9 200 0.045
Task 9 200 0.045
Task 9 200 0.045
Task 4 100 0.04
Task 19 400 0.0475
GW 0
-------------
059
-------------
GW 0.48125
Task 22 400 0.055
Task 40 800 0.05
Task 40 800 0.05
Task 9 200 0.045
Task 4 100 0.04
Task 39 800 0.04875
Task 19 400 0.0475
Task 19 400 0.0475
Task 39 800 0.04875
Task 39 800 0.04875
GW 0.4775
Task 43 800 0.05375
Task 10 200 0.05
Task 10 200 0.05
Task 40 800 0.05
Task 19 400 0.0475
Task 4 100 0.04
Task 4 100 0.04
Task 39 800 0.04875
Task 39 800 0.04875
Task 39 800 0.04875
GW 0
-------------
060
-------------
GW 0.47375
Task 21 400 0.0525
Task 5 100 0.05
Task 10 200 0.05
Task 39 800 0.04875
Task 39 800 0.04875
Task 4 100 0.04
Task 19 400 0.0475
Task 19 400 0.0475
Task 4 100 0.04
Task 39 800 0.04875
GW 0.4725
Task 11 200 0.055
Task 20 400 0.05
Task 39 800 0.04875
Task 19 400 0.0475
Task 39 800 0.04875
Task 9 200 0.045
Task 19 400 0.0475
Task 9 200 0.045
Task 4 100 0.04
Task 9 200 0.045
GW 0
-------------
061
-------------
GW 0.47375
Task 21 400 0.0525
Task 42 800 0.0525
Task 19 400 0.0475
Task 4 100 0.04
Task 19 400 0.0475
Task 9 200 0.045
Task 19 400 0.0475
Task 39 800 0.04875
Task 9 200 0.045
Task 19 400 0.0475
GW 0.46125
Task 21 400 0.0525
Task 10 200 0.05
Task 10 200 0.05
Task 4 100 0.04
Task 4 100 0.04
Task 19 400 0.0475
Task 39 800 0.04875
Task 4 100 0.04
Task 19 400 0.0475
Task 9 200 0.045
GW 0
-------------
062
-------------
GW 0.46
Task 23 400 0.0575
Task 4 100 0.04
Task 4 100 0.04
Task 9 200 0.045
Task 19 400 0.0475
Task 19 400 0.0475
Task 4 100 0.04
Task 9 200 0.045
Task 39 800 0.04875
Task 39 800 0.04875
GW 0.4675
Task 46 800 0.0575
Task 9 200 0.045
Task 19 400 0.0475
Task 4 100 0.04
Task 39 800 0.04875
Task 4 100 0.04
Task 9 200 0.045
Task 19 400 0.0475
Task 19 400 0.0475
Task 39 800 0.04875
GW 0
-------------
063
-------------
GW 0.4725
Task 21 400 0.0525
Task 10 200 0.05
Task 5 100 0.05
Task 39 800 0.04875
Task 4 100 0.04
Task 9 200 0.045
Task 39 800 0.04875
Task 19 400 0.0475
Task 9 200 0.045
Task 9 200 0.045
GW 0.465
Task 21 400 0.0525
Task 42 800 0.0525
Task 4 100 0.04
Task 19 400 0.0475
Task 39 800 0.04875
Task 39 800 0.04875
Task 9 200 0.045
Task 9 200 0.045
Task 9 200 0.045
Task 4 100 0.04
GW 0
-------------
064
-------------
GW 0.4675
Task 42 800 0.0525
Task 10 200 0.05
Task 4 100 0.04
Task 4 100 0.04
Task 39 800 0.04875
Task 39 800 0.04875
Task 39 800 0.04875
Task 9 200 0.045
Task 9 200 0.045
Task 39 800 0.04875
GW 0.46
Task 5 100 0.05
Task 9 200 0.045
Task 39 800 0.04875
Task 19 400 0.0475
Task 4 100 0.04
Task 9 200 0.045
Task 39 800 0.04875
Task 19 400 0.0475
Task 4 100 0.04
Task 19 400 0.0475
GW 0
-------------
065
-------------
GW 0.475
Task 21 400 0.0525
Task 5 100 0.05
Task 20 400 0.05
Task 9 200 0.045
Task 4 100 0.04
Task 19 400 0.0475
Task 39 800 0.04875
Task 39 800 0.04875
Task 19 400 0.0475
Task 9 200 0.045
GW 0.47375
Task 10 200 0.05
Task 20 400 0.05
Task 39 800 0.04875
Task 39 800 0.04875
Task 39 800 0.04875
Task 4 100 0.04
Task 39 800 0.04875
Task 9 200 0.045
Task 9 200 0.045
Task 39 800 0.04875
GW 0
-------------
066
-------------
GW 0.46
Task 22 400 0.055
Task 5 100 0.05
Task 4 100 0.04
Task 19 400 0.0475
Task 39 800 0.04875
Task 4 100 0.04
Task 39 800 0.04875
Task 9 200 0.045
Task 4 100 0.04
Task 9 200 0.045
GW 0.48125
Task 11 200 0.055
Task 10 200 0.05
Task 19 400 0.0475
Task 39 800 0.04875
Task 39 800 0.04875
Task 9 200 0.045
Task 39 800 0.04875
Task 9 200 0.045
Task 19 400 0.0475
Task 9 200 0.045
GW 0
-------------
067
-------------
GW 0.465
Task 10 200 0.05
Task 5 100 0.05
Task 20 400 0.05
Task 9 200 0.045
Task 4 100 0.04
Task 39 800 0.04875
Task 9 200 0.045
Task 4 100 0.04
Task 19 400 0.0475
Task 39 800 0.04875
GW 0.46375
Task 5 100 0.05
Task 19 400 0.0475
Task 9 200 0.045
Task 39 800 0.04875
Task 39 800 0.04875
Task 4 100 0.04
Task 19 400 0.0475
Task 19 400 0.0475
Task 4 100 0.04
Task 39 800 0.04875
GW 0
-------------
068
-------------
GW 0.47
Task 5 100 0.05
Task 5 100 0.05
Task 20 400 0.05
Task 4 100 0.04
Task 19 400 0.0475
Task 19 400 0.0475
Task 19 400 0.0475
Task 9 200 0.045
Task 9 200 0.045
Task 19 400 0.0475
GW 0.45375
Task 5 100 0.05
Task 20 400 0.05
Task 9 200 0.045
Task 4 100 0.04
Task 4 100 0.04
Task 19 400 0.0475
Task 39 800 0.04875
Task 19 400 0.0475
Task 4 100 0.04
Task 9 200 0.045
GW 0
-------------
069
-------------
GW 0.4675
Task 44 800 0.055
Task 20 400 0.05
Task 39 800 0.04875
Task 4 100 0.04
Task 4 100 0.04
Task 39 800 0.04875
Task 19 400 0.0475
Task 19 400 0.0475
Task 9 200 0.045
Task 9 200 0.045
GW 0.4625
Task 42 800 0.0525
Task 20 400 0.05
Task 10 200 0.05
Task 20 400 0.05
Task 9 200 0.045
Task 4 100 0.04
Task 19 400 0.0475
Task 4 100 0.04
Task 4 100 0.04
Task 19 400 0.0475
GW 0
-------------
070
-------------
GW 0.475
Task 22 400 0.055
Task 20 400 0.05
Task 19 400 0.0475
Task 4 100 0.04
Task 39 800 0.04875
Task 39 800 0.04875
Task 9 200 0.045
Task 9 200 0.045
Task 19 400 0.0475
Task 19 400 0.0475
GW 0.4725
Task 10 200 0.05
Task 5 100 0.05
Task 40 800 0.05
Task 19 400 0.0475
Task 19 400 0.0475
Task 9 200 0.045
Task 9 200 0.045
Task 9 200 0.045
Task 9 200 0.045
Task 19 400 0.0475
GW 0
-------------
071
-------------
GW 0.48
Task 11 200 0.055
Task 20 400 0.05
Task 5 100 0.05
Task 39 800 0.04875
Task 39 800 0.04875
Task 39 800 0.04875
Task 9 200 0.045
Task 39 800 0.04875
Task 4 100 0.04
Task 9 200 0.045
GW 0.4725
Task 10 200 0.05
Task 10 200 0.05
Task 9 200 0.045
Task 19 400 0.0475
Task 19 400 0.0475
Task 39 800 0.04875
Task 19 400 0.0475
Task 39 800 0.04875
Task 19 400 0.0475
Task 4 100 0.04
GW 0
-------------
072
-------------
GW 0.4775
Task 21 400 0.0525
Task 5 100 0.05
Task 5 100 0.05
Task 19 400 0.0475
Task 19 400 0.0475
Task 39 800 0.04875
Task 39 800 0.04875
Task 19 400 0.0475
Task 9 200 0.045
Task 4 100 0.04
GW 0.47125
Task 5 100 0.05
Task 40 800 0.05
Task 10 200 0.05
Task 10 200 0.05
Task 39 800 0.04875
Task 9 200 0.045
Task 39 800 0.04875
Task 4 100 0.04
Task 39 800 0.04875
Task 4 100 0.04
GW 0
-------------
073
-------------
GW 0.46125
Task 22 400 0.055
Task 10 200 0.05
Task 19 400 0.0475
Task 9 200 0.045
Task 19 400 0.0475
Task 4 100 0.04
Task 4 100 0.04
Task 19 400 0.0475
Task 4 100 0.04
Task 39 800 0.04875
GW 0.48375
Task 5 100 0.05
Task 5 100 0.05
Task 10 200 0.05
Task 39 800 0.04875
Task 19 400 0.0475
Task 19 400 0.0475
Task 39 800 0.04875
Task 19 400 0.0475
Task 39 800 0.04875
Task 9 200 0.045
GW 0
-------------
074
-------------
GW 0.44625
Task 5 100 0.05
Task 20 400 0.05
Task 9 200 0.045
Task 9 200 0.045
Task 4 100 0.04
Task 19 400 0.0475
Task 4 100 0.04
Task 4 100 0.04
Task 39 800 0.04875
Task 4 100 0.04
GW 0.47375
Task 23 400 0.0575
Task 39 800 0.04875
Task 9 200 0.045
Task 39 800 0.04875
Task 39 800 0.04875
Task 4 100 0.04
Task 19 400 0.0475
Task 39 800 0.04875
Task 4 100 0.04
Task 39 800 0.04875
GW 0
-------------
075
-------------
GW 0.4725
Task 43 800 0.05375
Task 5 100 0.05
Task 40 800 0.05
Task 39 800 0.04875
Task 19 400 0.0475
Task 39 800 0.04875
Task 4 100 0.04
Task 4 100 0.04
Task 9 200 0.045
Task 39 800 0.04875
GW 0.4675
Task 5 100 0.05
Task 19 400 0.0475
Task 19 400 0.0475
Task 19 400 0.0475
Task 9 200 0.045
Task 4 100 0.04
Task 19 400 0.0475
Task 39 800 0.04875
Task 39 800 0.04875
Task 9 200 0.045
GW 0
-------------
076
-------------
GW 0.46625
Task 5 100 0.05
Task 21 400 0.0525
Task 5 100 0.05
Task 4 100 0.04
Task 19 400 0.0475
Task 39 800 0.04875
Task 9 200 0.045
Task 19 400 0.0475
Task 9 200 0.045
Task 4 100 0.04
GW 0.4825
Task 5 100 0.05
Task 5 100 0.05
Task 10 200 0.05
Task 39 800 0.04875
Task 9 200 0.045
Task 39 800 0.04875
Task 9 200 0.045
Task 39 800 0.04875
Task 39 800 0.04875
Task 19 400 0.0475
GW 0
-------------
077
-------------
GW 0.44875
Task 43 800 0.05375
Task 20 400 0.05
Task 40 800 0.05
Task 4 100 0.04
Task 9 200 0.045
Task 9 200 0.045
Task 4 100 0.04
Task 9 200 0.045
Task 4 100 0.04
Task 4 100 0.04
GW 0.4575
Task 5 100 0.05
Task 20 400 0.05
Task 40 800 0.05
Task 4 100 0.04
Task 19 400 0.0475
Task 9 200 0.045
Task 19 400 0.0475
Task 19 400 0.0475
Task 4 100 0.04
Task 4 100 0.04
GW 0
-------------
078
-------------
GW 0.4675
Task 10 200 0.05
Task 5 100 0.05
Task 39 800 0.04875
Task 4 100 0.04
Task 19 400 0.0475
Task 39 800 0.04875
Task 39 800 0.04875
Task 9 200 0.045
Task 39 800 0.04875
Task 4 100 0.04
GW 0.48
Task 5 100 0.05
Task 5 100 0.05
Task 5 100 0.05
Task 19 400 0.0475
Task 9 200 0.045
Task 9 200 0.045
Task 19 400 0.0475
Task 19 400 0.0475
Task 39 800 0.04875
Task 39 800 0.04875
GW 0
-------------
079
-------------
GW 0.46625
Task 22 400 0.055
Task 20 400 0.05
Task 9 200 0.045
Task 19 400 0.0475
Task 39 800 0.04875
Task 9 200 0.045
Task 4 100 0.04
Task 4 100 0.04
Task 19 400 0.0475
Task 19 400 0.0475
GW 0.45375
Task 21 400 0.0525
Task 21 400 0.0525
Task 40 800 0.05
Task 39 800 0.04875
Task 9 200 0.045
Task 4 100 0.04
Task 4 100 0.04
Task 9 200 0.045
Task 4 100 0.04
Task 4 100 0.04
GW 0
-------------
080
-------------
GW 0.45875
Task 11 200 0.055
Task 10 200 0.05
Task 4 100 0.04
Task 19 400 0.0475
Task 4 100 0.04
Task 39 800 0.04875
Task 9 200 0.045
Task 9 200 0.045
Task 19 400 0.0475
Task 4 100 0.04
GW 0.47625
Task 21 400 0.0525
Task 42 800 0.0525
Task 10 200 0.05
Task 19 400 0.0475
Task 9 200 0.045
Task 19 400 0.0475
Task 39 800 0.04875
Task 19 400 0.0475
Task 9 200 0.045
Task 4 100 0.04
GW 0
-------------
081
-------------
GW 0.48625
Task 23 400 0.0575
Task 39 800 0.04875
Task 39 800 0.04875
Task 19 400 0.0475
Task 19 400 0.0475
Task 19 400 0.0475
Task 19 400 0.0475
Task 9 200 0.045
Task 19 400 0.0475
Task 39 800 0.04875
GW 0.46
Task 21 400 0.0525
Task 10 200 0.05
Task 19 400 0.0475
Task 9 200 0.045
Task 4 100 0.04
Task 19 400 0.0475
Task 4 100 0.04
Task 19 400 0.0475
Task 9 200 0.045
Task 9 200 0.045
GW 0
-------------
082
-------------
GW 0.48125
Task 10 200 0.05
Task 41 800 0.05125
Task 10 200 0.05
Task 39 800 0.04875
Task 39 800 0.04875
Task 39 800 0.04875
Task 4 100 0.04
Task 19 400 0.0475
Task 39 800 0.04875
Task 19 400 0.0475
GW 0.45875
Task 10 200 0.05
Task 10 200 0.05
Task 20 400 0.05
Task 4 100 0.04
Task 9 200 0.045
Task 19 400 0.0475
Task 19 400 0.0475
Task 39 800 0.04875
Task 4 100 0.04
Task 4 100 0.04
GW 0
-------------
083
-------------
GW 0.44875
Task 22 400 0.055
Task 10 200 0.05
Task 9 200 0.045
Task 4 100 0.04
Task 4 100 0.04
Task 4 100 0.04
Task 39 800 0.04875
Task 9 200 0.045
Task 9 200 0.045
Task 4 100 0.04
GW 0.46375
Task 5 100 0.05
Task 39 800 0.04875
Task 39 800 0.04875
Task 9 200 0.045
Task 9 200 0.045
Task 19 400 0.0475
Task 39 800 0.04875
Task 9 200 0.045
Task 4 100 0.04
Task 9 200 0.045
GW 0
-------------
084
-------------
GW 0.46375
Task 5 100 0.05
Task 40 800 0.05
Task 5 100 0.05
Task 4 100 0.04
Task 4 100 0.04
Task 39 800 0.04875
Task 4 100 0.04
Task 39 800 0.04875
Task 19 400 0.0475
Task 39 800 0.04875
GW 0.475
Task 10 200 0.05
Task 5 100 0.05
Task 19 400 0.0475
Task 19 400 0.0475
Task 4 100 0.04
Task 19 400 0.0475
Task 39 800 0.04875
Task 19 400 0.0475
Task 39 800 0.04875
Task 19 400 0.0475
GW 0
-------------
085
-------------
GW 0.4425
Task 5 100 0.05
Task 20 400 0.05
Task 4 100 0.04
Task 4 100 0.04
Task 4 100 0.04
Task 4 100 0.04
Task 4 100 0.04
Task 19 400 0.0475
Task 19 400 0.0475
Task 19 400 0.0475
GW 0.4775
Task 10 200 0.05
Task 5 100 0.05
Task 10 200 0.05
Task 19 400 0.0475
Task 39 800 0.04875
Task 39 800 0.04875
Task 19 400 0.0475
Task 4 100 0.04
Task 19 400 0.0475
Task 19 400 0.0475
GW 0
-------------
086
-------------
GW 0.47375
Task 45 800 0.05625
Task 20 400 0.05
Task 19 400 0.0475
Task 9 200 0.045
Task 9 200 0.045
Task 39 800 0.04875
Task 19 400 0.0475
Task 4 100 0.04
Task 39 800 0.04875
Task 9 200 0.045
GW 0.465
Task 21 400 0.0525
Task 10 200 0.05
Task 40 800 0.05
Task 39 800 0.04875
Task 19 400 0.0475
Task 4 100 0.04
Task 39 800 0.04875
Task 19 400 0.0475
Task 4 100 0.04
Task 4 100 0.04
GW 0
-------------
087
-------------
GW 0.4775
Task 44 800 0.055
Task 5 100 0.05
Task 19 400 0.0475
Task 39 800 0.04875
Task 19 400 0.0475
Task 9 200 0.045
Task 39 800 0.04875
Task 4 100 0.04
Task 19 400 0.0475
Task 19 400 0.0475
GW 0.4675
Task 21 400 0.0525
Task 20 400 0.05
Task 40 800 0.05
Task 39 800 0.04875
Task 4 100 0.04
Task 9 200 0.045
Task 39 800 0.04875
Task 9 200 0.045
Task 19 400 0.0475
Task 4 100 0.04
GW 0
-------------
088
-------------
GW 0.4475
Task 5 100 0.05
Task 5 100 0.05
Task 10 200 0.05
Task 4 100 0.04
Task 4 100 0.04
Task 19 400 0.0475
Task 4 100 0.04
Task 9 200 0.045
Task 4 100 0.04
Task 9 200 0.045
GW 0.47875
Task 5 100 0.05
Task 20 400 0.05
Task 20 400 0.05
Task 9 200 0.045
Task 39 800 0.04875
Task 19 400 0.0475
Task 9 200 0.045
Task 9 200 0.045
Task 39 800 0.04875
Task 39 800 0.04875
GW 0
-------------
089
-------------
GW 0.46875
Task 44 800 0.055
Task 20 400 0.05
Task 4 100 0.04
Task 39 800 0.04875
Task 9 200 0.045
Task 9 200 0.045
Task 39 800 0.04875
Task 39 800 0.04875
Task 19 400 0.0475
Task 4 100 0.04
GW 0.47625
Task 10 200 0.05
Task 20 400 0.05
Task 40 800 0.05
Task 39 800 0.04875
Task 9 200 0.045
Task 39 800 0.04875
Task 4 100 0.04
Task 19 400 0.0475
Task 19 400 0.0475
Task 39 800 0.04875
GW 0
-------------
090
-------------
GW 0.47125
Task 5 100 0.05
Task 41 800 0.05125
Task 40 800 0.05
Task 4 100 0.04
Task 4 100 0.04
Task 39 800 0.04875
Task 19 400 0.0475
Task 19 400 0.0475
Task 19 400 0.0475
Task 39 800 0.04875
GW 0.44
Task 5 100 0.05
Task 5 100 0.05
Task 4 100 0.04
Task 4 100 0.04
Task 4 100 0.04
Task 9 200 0.045
Task 4 100 0.04
Task 19 400 0.0475
Task 4 100 0.04
Task 19 400 0.0475
GW 0
-------------
091
-------------
GW 0.46125
Task 10 200 0.05
Task 20 400 0.05
Task 40 800 0.05
Task 9 200 0.045
Task 19 400 0.0475
Task 4 100 0.04
Task 39 800 0.04875
Task 4 100 0.04
Task 9 200 0.045
Task 9 200 0.045
GW 0.46
Task 11 200 0.055
Task 5 100 0.05
Task 39 800 0.04875
Task 4 100 0.04
Task 39 800 0.04875
Task 19 400 0.0475
Task 4 100 0.04
Task 4 100 0.04
Task 9 200 0.045
Task 9 200 0.045
GW 0
-------------
092
-------------
GW 0.46125
Task 5 100 0.05
Task 40 800 0.05
Task 39 800 0.04875
Task 39 800 0.04875
Task 39 800 0.04875
Task 19 400 0.0475
Task 19 400 0.0475
Task 4 100 0.04
Task 4 100 0.04
Task 4 100 0.04
GW 0.45125
Task 5 100 0.05
Task 9 200 0.045
Task 9 200 0.045
Task 19 400 0.0475
Task 9 200 0.045
Task 4 100 0.04
Task 9 200 0.045
Task 9 200 0.045
Task 39 800 0.04875
Task 4 100 0.04
GW 0
-------------
093
-------------
GW 0.4675
Task 45 800 0.05625
Task 10 200 0.05
Task 4 100 0.04
Task 39 800 0.04875
Task 19 400 0.0475
Task 9 200 0.045
Task 19 400 0.0475
Task 4 100 0.04
Task 19 400 0.0475
Task 9 200 0.045
GW 0.455
Task 43 800 0.05375
Task 41 800 0.05125
Task 4 100 0.04
Task 4 100 0.04
Task 19 400 0.0475
Task 9 200 0.045
Task 4 100 0.04
Task 9 200 0.045
Task 9 200 0.045
Task 19 400 0.0475
GW 0
-------------
094
-------------
GW 0.4675
Task 44 800 0.055
Task 20 400 0.05
Task 10 200 0.05
Task 9 200 0.045
Task 9 200 0.045
Task 9 200 0.045
Task 19 400 0.0475
Task 9 200 0.045
Task 9 200 0.045
Task 4 100 0.04
GW 0.455
Task 11 200 0.055
Task 9 200 0.045
Task 39 800 0.04875
Task 9 200 0.045
Task 9 200 0.045
Task 19 400 0.0475
Task 4 100 0.04
Task 39 800 0.04875
Task 4 100 0.04
Task 4 100 0.04
GW 0
-------------
095
-------------
GW 0.465
Task 5 100 0.05
Task 41 800 0.05125
Task 5 100 0.05
Task 9 200 0.045
Task 19 400 0.0475
Task 19 400 0.0475
Task 9 200 0.045
Task 4 100 0.04
Task 39 800 0.04875
Task 4 100 0.04
GW 0.46875
Task 11 200 0.055
Task 20 400 0.05
Task 9 200 0.045
Task 4 100 0.04
Task 9 200 0.045
Task 9 200 0.045
Task 39 800 0.04875
Task 19 400 0.0475
Task 19 400 0.0475
Task 9 200 0.045
GW 0
-------------
096
-------------
GW 0.465
Task 20 400 0.05
Task 20 400 0.05
Task 10 200 0.05
Task 39 800 0.04875
Task 4 100 0.04
Task 4 100 0.04
Task 9 200 0.045
Task 19 400 0.0475
Task 9 200 0.045
Task 39 800 0.04875
GW 0.47125
Task 46 800 0.0575
Task 19 400 0.0475
Task 19 400 0.0475
Task 4 100 0.04
Task 9 200 0.045
Task 9 200 0.045
Task 19 400 0.0475
Task 9 200 0.045
Task 39 800 0.04875
Task 19 400 0.0475
GW 0
-------------
097
-------------
GW 0.47375
Task 5 100 0.05
Task 21 400 0.0525
Task 39 800 0.04875
Task 19 400 0.0475
Task 19 400 0.0475
Task 9 200 0.045
Task 9 200 0.045
Task 39 800 0.04875
Task 4 100 0.04
Task 39 800 0.04875
GW 0.4525
Task 5 100 0.05
Task 41 800 0.05125
Task 5 100 0.05
Task 4 100 0.04
Task 4 100 0.04
Task 4 100 0.04
Task 39 800 0.04875
Task 4 100 0.04
Task 9 200 0.045
Task 19 400 0.0475
GW 0
-------------
098
-------------
GW 0.4475
Task 5 100 0.05
Task 19 400 0.0475
Task 4 100 0.04
Task 19 400 0.0475
Task 19 400 0.0475
Task 9 200 0.045
Task 4 100 0.04
Task 9 200 0.045
Task 4 100 0.04
Task 9 200 0.045
GW 0.4775
Task 11 200 0.055
Task 10 200 0.05
Task 4 100 0.04
Task 39 800 0.04875
Task 39 800 0.04875
Task 39 800 0.04875
Task 19 400 0.0475
Task 9 200 0.045
Task 39 800 0.04875
Task 9 200 0.045
GW 0
-------------
099
-------------
GW 0.47375
Task 44 800 0.055
Task 20 400 0.05
Task 20 400 0.05
Task 9 200 0.045
Task 9 200 0.045
Task 4 100 0.04
Task 19 400 0.0475
Task 9 200 0.045
Task 19 400 0.0475
Task 39 800 0.04875
GW 0.4625
Task 5 100 0.05
Task 20 400 0.05
Task 5 100 0.05
Task 19 400 0.0475
Task 4 100 0.04
Task 9 200 0.045
Task 9 200 0.045
Task 19 400 0.0475
Task 4 100 0.04
Task 19 400 0.0475
GW 0
-------------
100
-------------
