Meet_R
NOFLD	myOFLD	AOFLDC	SeGW
1	1	0.832634	0.975374	
1	0.998257	0.875845	0.941362	
0.629517	0.99111	0.877743	0.857929	
0.509829	0.962166	0.882342	0.842577	
1	1	0.721533	0.954349	
1	0.998999	0.7679	0.898474	
0.711705	0.985779	0.744927	0.846592	
0.585643	0.951614	0.726222	0.801669	
1	1	0.586926	0.939869	
1	0.998828	0.551984	0.888135	
0.76936	0.99138	0.624443	0.826313	
0.654532	0.939472	0.555447	0.764426	
1	1	0.451243	0.922766	
1	0.999809	0.452076	0.858945	
0.79954	0.991719	0.418325	0.796462	
0.710735	0.955986	0.44359	0.737041	
1	1	0.230728	0.909481	
1	0.998937	0.23989	0.810242	
0.829817	0.990289	0.249845	0.759115	
0.767373	0.959086	0.245158	0.697692	
1	1	0.125967	0.912209	
1	0.999818	0.15599	0.767914	
0.857101	0.99156	0.16006	0.733209	
0.786726	0.955877	0.146366	0.656726	


Energy
NOFLD	myOFLD	AOFLDC	SeGW
12334.2	9471.12	9621.95	10997.1	
17535.2	9623.39	9544.29	12041.1	
17608.8	9923.68	9610.54	12742.8	
17608.8	9852.3	9509.92	11916.1	
12310.1	9703.05	10018.9	11226.2	
17515.4	10097.1	10002.6	12291	
17608.8	10462.4	9965.68	13095.4	
17608.8	10821.2	10032.4	13188.7	
12284.1	10144.3	10304.7	11474.8	
17487	10383.9	10334	12469	
17608.8	10842.8	10305.2	13504.5	
17608.8	11653.6	10320.7	13820.8	
12252.9	10380.3	10413.9	11650.5	
17460.7	10902.9	10430	12955.3	
17608.8	11583.8	10460.1	13849.3	
17608.8	11734.5	10464.9	14038.8	
12174.2	10839.6	10509.9	11866.9	
17395.8	11641.4	10500.3	13580.8	
17608.8	12049.5	10507.3	14015.2	
17608.8	12368.5	10502	14531.8	
12069.5	11071.8	10497.8	11885.6	
17331.8	12101.6	10505.1	13882.6	
17608.8	12638.3	10510.5	14301	
17608.8	13072.4	10514.9	14726.7	


Resp
NOFLD	myOFLD	AOFLDC	SeGW
573860	508510	889822	598917	
1433970	820186	986302	811442	
749450	1159102	1124108	927895	
639355	1355834	1261983	1073492	
661040	590933	1194595	746436	
1686440	984384	1310018	917438	
1071110	1381356	1286506	1112808	
891925	1731696	1386525	1315491	
745100	684126	1439011	918309	
1843965	1087343	1345533	1127179	
1342905	1605972	1506818	1311156	
1243230	2008615	1374914	1447170	
842050	805618	1390989	1061141	
2086245	1312316	1380096	1366375	
1575090	1864223	1279328	1517477	
1505935	2320028	1377262	1641775	
1033565	1060490	1008002	1406081	
2501300	1727994	993837	1742760	
2058425	2298001	1050687	1873071	
2095065	2884665	1037289	2014019	
1256175	1342925	664958	1700036	
2895315	2115976	786487	2116274	
2572145	2916624	794636	2314196	
2663530	3499549	758973	2535055	


CloudEng
NOFLD	myOFLD	AOFLDC	SeGW
0	63618	152026	41519	
0	219190	296961	163364	
0	376942	429152	282403	
0	528170	572089	458104	
0	53470	147369	32522	
0	200845	281214	147577	
0	350726	411838	262264	
0	495572	521640	400864	
0	40664	141039	22438	
0	182279	239533	142406	
0	333279	362056	244232	
0	452930	455289	363492	
0	30801	134759	14453	
0	163925	227085	122902	
0	300216	302565	226228	
0	444750	382688	343123	
0	10782	119371	3956	
0	132700	196188	92901	
0	279808	244997	213633	
0	412178	309372	306939	
0	0	96782	0	
0	114190	168047	75605	
0	254131	210784	194046	
0	385461	258481	294436	


FogEng
NOFLD	myOFLD	AOFLDC	SeGW
3601	4828	3601	3601	
3601	5062	3601	3601	
3601	4973	3601	3601	
3601	4569	3601	3601	
3601	4880	3601	3601	
3601	5152	3601	3601	
3601	5294	3601	3601	
3601	4950	3601	3601	
3601	4757	3601	3601	
3601	5414	3601	3601	
3601	5466	3601	3601	
3601	5450	3601	3601	
3601	4809	3601	3601	
3601	5521	3601	3601	
3601	5709	3601	3601	
3601	5701	3601	3601	
3601	4865	3601	3601	
3601	5759	3601	3601	
3601	5766	3601	3601	
3601	5924	3601	3601	
3601	4836	3601	3601	
3601	5800	3601	3601	
3601	6017	3601	3601	
3601	6096	3601	3601	


GW_Eng
GW1	GW2	GW3
9409.57	9532.67	9656.6
9673.11	9573.66	10126.1
9826.81	10020.6	9948.26
9861.86	9842.74	9138.7
9590.12	9815.98	9761.27
10286.1	9908.05	10305
10379	10545.7	10588.7
10953.7	10688.7	9902.35
10134.1	10154.6	9515.44
10343.1	10424.8	10829.1
10893.3	10792.3	10933.5
11758.1	11549.1	10902.3
10391	10369.6	9620.07
10928.6	10877.2	11044.3
11623.3	11544.2	11420.4
11676.5	11792.4	11403.2
10789.6	10889.6	9731.01
11668.6	11614.1	11520.4
11998.7	12100.2	11532.8
12329.5	12407.6	11850.1
11037.2	11106.4	9672.82
12208.7	11994.5	11601.3
12753.2	12523.4	12036.6
13128.3	13016.6	12193.4


