GW 0.49625
Task 92 800 0.115
Task 53 800 0.06625
Task 48 800 0.06
Task 43 800 0.05375
Task 41 800 0.05125
Task 40 800 0.05
Task 40 800 0.05
Task 40 800 0.05
GW 0.495
Task 85 800 0.10625
Task 68 800 0.085
Task 43 800 0.05375
Task 40 800 0.05
Task 40 800 0.05
Task 40 800 0.05
Task 40 800 0.05
Task 40 800 0.05
GW 0.3
Task 300 1000 0.3
-------------
003
-------------
GW 0.49625
Task 108 800 0.135
Task 45 800 0.05625
Task 43 800 0.05375
Task 41 800 0.05125
Task 40 800 0.05
Task 40 800 0.05
Task 40 800 0.05
Task 40 800 0.05
GW 0.495
Task 71 800 0.08875
Task 58 800 0.0725
Task 57 800 0.07125
Task 45 800 0.05625
Task 43 800 0.05375
Task 42 800 0.0525
Task 40 800 0.05
Task 40 800 0.05
GW 0.3
Task 300 1000 0.3
-------------
004
-------------
GW 0.495
Task 74 800 0.0925
Task 57 800 0.07125
Task 47 800 0.05875
Task 46 800 0.0575
Task 45 800 0.05625
Task 44 800 0.055
Task 43 800 0.05375
Task 40 800 0.05
GW 0.49625
Task 62 800 0.0775
Task 62 800 0.0775
Task 54 800 0.0675
Task 51 800 0.06375
Task 44 800 0.055
Task 43 800 0.05375
Task 41 800 0.05125
Task 40 800 0.05
GW 0.3
Task 300 1000 0.3
-------------
005
-------------
GW 0.495
Task 55 400 0.1375
Task 22 400 0.055
Task 21 400 0.0525
Task 20 400 0.05
Task 20 400 0.05
Task 20 400 0.05
Task 20 400 0.05
Task 20 400 0.05
GW 0.4975
Task 59 400 0.1475
Task 20 400 0.05
Task 20 400 0.05
Task 20 400 0.05
Task 20 400 0.05
Task 20 400 0.05
Task 20 400 0.05
Task 20 400 0.05
GW 0.3
Task 300 1000 0.3
-------------
009
-------------
GW 0.49625
Task 110 800 0.1375
Task 43 800 0.05375
Task 43 800 0.05375
Task 41 800 0.05125
Task 40 800 0.05
Task 40 800 0.05
Task 40 800 0.05
Task 40 800 0.05
GW 0.49625
Task 76 800 0.095
Task 63 800 0.07875
Task 56 800 0.07
Task 42 800 0.0525
Task 40 800 0.05
Task 40 800 0.05
Task 40 800 0.05
Task 40 800 0.05
GW 0.3
Task 300 1000 0.3
-------------
010
-------------
GW 0.49625
Task 80 800 0.1
Task 59 800 0.07375
Task 49 800 0.06125
Task 48 800 0.06
Task 41 800 0.05125
Task 40 800 0.05
Task 40 800 0.05
Task 40 800 0.05
GW 0.49625
Task 106 800 0.1325
Task 47 800 0.05875
Task 42 800 0.0525
Task 41 800 0.05125
Task 41 800 0.05125
Task 40 800 0.05
Task 40 800 0.05
Task 40 800 0.05
GW 0.3
Task 300 1000 0.3
-------------
015
-------------
GW 0.4975
Task 104 800 0.13
Task 52 800 0.065
Task 42 800 0.0525
Task 40 800 0.05
Task 40 800 0.05
Task 40 800 0.05
Task 40 800 0.05
Task 40 800 0.05
GW 0.4975
Task 75 800 0.09375
Task 70 800 0.0875
Task 45 800 0.05625
Task 44 800 0.055
Task 42 800 0.0525
Task 42 800 0.0525
Task 40 800 0.05
Task 40 800 0.05
GW 0.3
Task 300 1000 0.3
-------------
017
-------------
GW 0.49
Task 48 400 0.12
Task 27 400 0.0675
Task 21 400 0.0525
Task 20 400 0.05
Task 20 400 0.05
Task 20 400 0.05
Task 20 400 0.05
Task 20 400 0.05
GW 0.495
Task 43 400 0.1075
Task 32 400 0.08
Task 23 400 0.0575
Task 20 400 0.05
Task 20 400 0.05
Task 20 400 0.05
Task 20 400 0.05
Task 20 400 0.05
GW 0.3
Task 300 1000 0.3
-------------
020
-------------
GW 0.49625
Task 75 800 0.09375
Task 66 800 0.0825
Task 45 800 0.05625
Task 44 800 0.055
Task 44 800 0.055
Task 43 800 0.05375
Task 40 800 0.05
Task 40 800 0.05
GW 0.4975
Task 91 800 0.11375
Task 54 800 0.0675
Task 53 800 0.06625
Task 40 800 0.05
Task 40 800 0.05
Task 40 800 0.05
Task 40 800 0.05
Task 40 800 0.05
GW 0.3
Task 300 1000 0.3
-------------
022
-------------
GW 0.4925
Task 50 400 0.125
Task 27 400 0.0675
Task 20 400 0.05
Task 20 400 0.05
Task 20 400 0.05
Task 20 400 0.05
Task 20 400 0.05
Task 20 400 0.05
GW 0.4925
Task 47 400 0.1175
Task 25 400 0.0625
Task 23 400 0.0575
Task 21 400 0.0525
Task 21 400 0.0525
Task 20 400 0.05
Task 20 400 0.05
Task 20 400 0.05
GW 0.3
Task 300 1000 0.3
-------------
024
-------------
GW 0.4925
Task 49 400 0.1225
Task 26 400 0.065
Task 22 400 0.055
Task 20 400 0.05
Task 20 400 0.05
Task 20 400 0.05
Task 20 400 0.05
Task 20 400 0.05
GW 0.495
Task 46 400 0.115
Task 30 400 0.075
Task 22 400 0.055
Task 20 400 0.05
Task 20 400 0.05
Task 20 400 0.05
Task 20 400 0.05
Task 20 400 0.05
GW 0.3
Task 300 1000 0.3
-------------
025
-------------
GW 0.495
Task 53 400 0.1325
Task 25 400 0.0625
Task 20 400 0.05
Task 20 400 0.05
Task 20 400 0.05
Task 20 400 0.05
Task 20 400 0.05
Task 20 400 0.05
GW 0.4925
Task 45 400 0.1125
Task 31 400 0.0775
Task 21 400 0.0525
Task 20 400 0.05
Task 20 400 0.05
Task 20 400 0.05
Task 20 400 0.05
Task 20 400 0.05
GW 0.3
Task 300 1000 0.3
-------------
026
-------------
GW 0.4925
Task 46 400 0.115
Task 26 400 0.065
Task 24 400 0.06
Task 21 400 0.0525
Task 20 400 0.05
Task 20 400 0.05
Task 20 400 0.05
Task 20 400 0.05
GW 0.4925
Task 42 400 0.105
Task 24 400 0.06
Task 24 400 0.06
Task 23 400 0.0575
Task 23 400 0.0575
Task 21 400 0.0525
Task 20 400 0.05
Task 20 400 0.05
GW 0.3
Task 300 1000 0.3
-------------
028
-------------
GW 0.49625
Task 101 800 0.12625
Task 52 800 0.065
Task 42 800 0.0525
Task 42 800 0.0525
Task 40 800 0.05
Task 40 800 0.05
Task 40 800 0.05
Task 40 800 0.05
GW 0.49625
Task 84 800 0.105
Task 52 800 0.065
Task 48 800 0.06
Task 45 800 0.05625
Task 44 800 0.055
Task 43 800 0.05375
Task 41 800 0.05125
Task 40 800 0.05
GW 0.3
Task 300 1000 0.3
-------------
029
-------------
GW 0.495
Task 54 400 0.135
Task 23 400 0.0575
Task 21 400 0.0525
Task 20 400 0.05
Task 20 400 0.05
Task 20 400 0.05
Task 20 400 0.05
Task 20 400 0.05
GW 0.4975
Task 53 400 0.1325
Task 26 400 0.065
Task 20 400 0.05
Task 20 400 0.05
Task 20 400 0.05
Task 20 400 0.05
Task 20 400 0.05
Task 20 400 0.05
GW 0.3
Task 300 1000 0.3
-------------
031
-------------
GW 0.495
Task 56 400 0.14
Task 22 400 0.055
Task 20 400 0.05
Task 20 400 0.05
Task 20 400 0.05
Task 20 400 0.05
Task 20 400 0.05
Task 20 400 0.05
GW 0.495
Task 40 400 0.1
Task 30 400 0.075
Task 24 400 0.06
Task 23 400 0.0575
Task 21 400 0.0525
Task 20 400 0.05
Task 20 400 0.05
Task 20 400 0.05
GW 0.3
Task 300 1000 0.3
-------------
032
-------------
GW 0.49625
Task 117 800 0.14625
Task 40 800 0.05
Task 40 800 0.05
Task 40 800 0.05
Task 40 800 0.05
Task 40 800 0.05
Task 40 800 0.05
Task 40 800 0.05
GW 0.4975
Task 69 800 0.08625
Task 62 800 0.0775
Task 53 800 0.06625
Task 45 800 0.05625
Task 43 800 0.05375
Task 43 800 0.05375
Task 43 800 0.05375
Task 40 800 0.05
GW 0.3
Task 300 1000 0.3
-------------
033
-------------
GW 0.4975
Task 75 800 0.09375
Task 61 800 0.07625
Task 51 800 0.06375
Task 45 800 0.05625
Task 43 800 0.05375
Task 42 800 0.0525
Task 41 800 0.05125
Task 40 800 0.05
GW 0.4975
Task 103 800 0.12875
Task 53 800 0.06625
Task 42 800 0.0525
Task 40 800 0.05
Task 40 800 0.05
Task 40 800 0.05
Task 40 800 0.05
Task 40 800 0.05
GW 0.3
Task 300 1000 0.3
-------------
034
-------------
GW 0.4875
Task 38 400 0.095
Task 35 400 0.0875
Task 22 400 0.055
Task 20 400 0.05
Task 20 400 0.05
Task 20 400 0.05
Task 20 400 0.05
Task 20 400 0.05
GW 0.4925
Task 36 400 0.09
Task 28 400 0.07
Task 24 400 0.06
Task 24 400 0.06
Task 22 400 0.055
Task 22 400 0.055
Task 21 400 0.0525
Task 20 400 0.05
GW 0.3
Task 300 1000 0.3
-------------
036
-------------
GW 0.4875
Task 37 400 0.0925
Task 29 400 0.0725
Task 23 400 0.0575
Task 22 400 0.055
Task 21 400 0.0525
Task 21 400 0.0525
Task 21 400 0.0525
Task 21 400 0.0525
GW 0.4925
Task 45 400 0.1125
Task 26 400 0.065
Task 26 400 0.065
Task 20 400 0.05
Task 20 400 0.05
Task 20 400 0.05
Task 20 400 0.05
Task 20 400 0.05
GW 0.3
Task 300 1000 0.3
-------------
037
-------------
GW 0.49875
Task 114 800 0.1425
Task 45 800 0.05625
Task 40 800 0.05
Task 40 800 0.05
Task 40 800 0.05
Task 40 800 0.05
Task 40 800 0.05
Task 40 800 0.05
GW 0.4975
Task 78 800 0.0975
Task 66 800 0.0825
Task 48 800 0.06
Task 44 800 0.055
Task 42 800 0.0525
Task 40 800 0.05
Task 40 800 0.05
Task 40 800 0.05
GW 0.3
Task 300 1000 0.3
-------------
038
-------------
GW 0.4925
Task 44 400 0.11
Task 33 400 0.0825
Task 20 400 0.05
Task 20 400 0.05
Task 20 400 0.05
Task 20 400 0.05
Task 20 400 0.05
Task 20 400 0.05
GW 0.4925
Task 42 400 0.105
Task 30 400 0.075
Task 24 400 0.06
Task 21 400 0.0525
Task 20 400 0.05
Task 20 400 0.05
Task 20 400 0.05
Task 20 400 0.05
GW 0.3
Task 300 1000 0.3
-------------
039
-------------
GW 0.495
Task 58 400 0.145
Task 20 400 0.05
Task 20 400 0.05
Task 20 400 0.05
Task 20 400 0.05
Task 20 400 0.05
Task 20 400 0.05
Task 20 400 0.05
GW 0.4925
Task 44 400 0.11
Task 27 400 0.0675
Task 23 400 0.0575
Task 21 400 0.0525
Task 21 400 0.0525
Task 21 400 0.0525
Task 20 400 0.05
Task 20 400 0.05
GW 0.3
Task 300 1000 0.3
-------------
040
-------------
GW 0.49625
Task 106 800 0.1325
Task 47 800 0.05875
Task 42 800 0.0525
Task 41 800 0.05125
Task 41 800 0.05125
Task 40 800 0.05
Task 40 800 0.05
Task 40 800 0.05
GW 0.4975
Task 111 800 0.13875
Task 46 800 0.0575
Task 41 800 0.05125
Task 40 800 0.05
Task 40 800 0.05
Task 40 800 0.05
Task 40 800 0.05
Task 40 800 0.05
GW 0.3
Task 300 1000 0.3
-------------
042
-------------
GW 0.4975
Task 99 800 0.12375
Task 59 800 0.07375
Task 40 800 0.05
Task 40 800 0.05
Task 40 800 0.05
Task 40 800 0.05
Task 40 800 0.05
Task 40 800 0.05
GW 0.49625
Task 70 800 0.0875
Task 54 800 0.0675
Task 48 800 0.06
Task 48 800 0.06
Task 46 800 0.0575
Task 45 800 0.05625
Task 45 800 0.05625
Task 41 800 0.05125
GW 0.3
Task 300 1000 0.3
-------------
044
-------------
GW 0.4925
Task 49 400 0.1225
Task 27 400 0.0675
Task 21 400 0.0525
Task 20 400 0.05
Task 20 400 0.05
Task 20 400 0.05
Task 20 400 0.05
Task 20 400 0.05
GW 0.4925
Task 38 400 0.095
Task 37 400 0.0925
Task 22 400 0.055
Task 20 400 0.05
Task 20 400 0.05
Task 20 400 0.05
Task 20 400 0.05
Task 20 400 0.05
GW 0.3
Task 300 1000 0.3
-------------
047
-------------
GW 0.495
Task 51 400 0.1275
Task 27 400 0.0675
Task 20 400 0.05
Task 20 400 0.05
Task 20 400 0.05
Task 20 400 0.05
Task 20 400 0.05
Task 20 400 0.05
GW 0.495
Task 41 400 0.1025
Task 31 400 0.0775
Task 24 400 0.06
Task 22 400 0.055
Task 20 400 0.05
Task 20 400 0.05
Task 20 400 0.05
Task 20 400 0.05
GW 0.3
Task 300 1000 0.3
-------------
049
-------------
GW 0.495
Task 67 800 0.08375
Task 65 800 0.08125
Task 50 800 0.0625
Task 48 800 0.06
Task 44 800 0.055
Task 42 800 0.0525
Task 40 800 0.05
Task 40 800 0.05
GW 0.4975
Task 100 800 0.125
Task 54 800 0.0675
Task 44 800 0.055
Task 40 800 0.05
Task 40 800 0.05
Task 40 800 0.05
Task 40 800 0.05
Task 40 800 0.05
GW 0.3
Task 300 1000 0.3
-------------
050
-------------
GW 0.4975
Task 106 800 0.1325
Task 51 800 0.06375
Task 41 800 0.05125
Task 40 800 0.05
Task 40 800 0.05
Task 40 800 0.05
Task 40 800 0.05
Task 40 800 0.05
GW 0.4975
Task 76 800 0.095
Task 66 800 0.0825
Task 56 800 0.07
Task 40 800 0.05
Task 40 800 0.05
Task 40 800 0.05
Task 40 800 0.05
Task 40 800 0.05
GW 0.3
Task 300 1000 0.3
-------------
051
-------------
GW 0.4975
Task 80 800 0.1
Task 65 800 0.08125
Task 50 800 0.0625
Task 43 800 0.05375
Task 40 800 0.05
Task 40 800 0.05
Task 40 800 0.05
Task 40 800 0.05
GW 0.49625
Task 96 800 0.12
Task 60 800 0.075
Task 41 800 0.05125
Task 40 800 0.05
Task 40 800 0.05
Task 40 800 0.05
Task 40 800 0.05
Task 40 800 0.05
GW 0.3
Task 300 1000 0.3
-------------
052
-------------
GW 0.495
Task 49 400 0.1225
Task 27 400 0.0675
Task 21 400 0.0525
Task 21 400 0.0525
Task 20 400 0.05
Task 20 400 0.05
Task 20 400 0.05
Task 20 400 0.05
GW 0.4925
Task 38 400 0.095
Task 35 400 0.0875
Task 23 400 0.0575
Task 21 400 0.0525
Task 20 400 0.05
Task 20 400 0.05
Task 20 400 0.05
Task 20 400 0.05
GW 0.3
Task 300 1000 0.3
-------------
058
-------------
GW 0.4975
Task 48 400 0.12
Task 28 400 0.07
Task 23 400 0.0575
Task 20 400 0.05
Task 20 400 0.05
Task 20 400 0.05
Task 20 400 0.05
Task 20 400 0.05
GW 0.49
Task 35 400 0.0875
Task 29 400 0.0725
Task 28 400 0.07
Task 22 400 0.055
Task 21 400 0.0525
Task 21 400 0.0525
Task 20 400 0.05
Task 20 400 0.05
GW 0.3
Task 300 1000 0.3
-------------
062
-------------
GW 0.4925
Task 54 400 0.135
Task 23 400 0.0575
Task 20 400 0.05
Task 20 400 0.05
Task 20 400 0.05
Task 20 400 0.05
Task 20 400 0.05
Task 20 400 0.05
GW 0.4925
Task 36 400 0.09
Task 30 400 0.075
Task 27 400 0.0675
Task 22 400 0.055
Task 22 400 0.055
Task 20 400 0.05
Task 20 400 0.05
Task 20 400 0.05
GW 0.3
Task 300 1000 0.3
-------------
063
-------------
GW 0.495
Task 71 800 0.08875
Task 60 800 0.075
Task 48 800 0.06
Task 48 800 0.06
Task 46 800 0.0575
Task 43 800 0.05375
Task 40 800 0.05
Task 40 800 0.05
GW 0.49625
Task 79 800 0.09875
Task 70 800 0.0875
Task 44 800 0.055
Task 43 800 0.05375
Task 41 800 0.05125
Task 40 800 0.05
Task 40 800 0.05
Task 40 800 0.05
GW 0.3
Task 300 1000 0.3
-------------
065
-------------
GW 0.4925
Task 45 400 0.1125
Task 28 400 0.07
Task 24 400 0.06
Task 20 400 0.05
Task 20 400 0.05
Task 20 400 0.05
Task 20 400 0.05
Task 20 400 0.05
GW 0.495
Task 45 400 0.1125
Task 30 400 0.075
Task 21 400 0.0525
Task 21 400 0.0525
Task 21 400 0.0525
Task 20 400 0.05
Task 20 400 0.05
Task 20 400 0.05
GW 0.3
Task 300 1000 0.3
-------------
067
-------------
GW 0.49625
Task 111 800 0.13875
Task 44 800 0.055
Task 41 800 0.05125
Task 41 800 0.05125
Task 40 800 0.05
Task 40 800 0.05
Task 40 800 0.05
Task 40 800 0.05
GW 0.49875
Task 118 800 0.1475
Task 41 800 0.05125
Task 40 800 0.05
Task 40 800 0.05
Task 40 800 0.05
Task 40 800 0.05
Task 40 800 0.05
Task 40 800 0.05
GW 0.3
Task 300 1000 0.3
-------------
071
-------------
GW 0.49625
Task 84 800 0.105
Task 53 800 0.06625
Task 51 800 0.06375
Task 49 800 0.06125
Task 40 800 0.05
Task 40 800 0.05
Task 40 800 0.05
Task 40 800 0.05
GW 0.495
Task 106 800 0.1325
Task 43 800 0.05375
Task 43 800 0.05375
Task 42 800 0.0525
Task 42 800 0.0525
Task 40 800 0.05
Task 40 800 0.05
Task 40 800 0.05
GW 0.3
Task 300 1000 0.3
-------------
073
-------------
GW 0.49625
Task 68 800 0.085
Task 57 800 0.07125
Task 53 800 0.06625
Task 50 800 0.0625
Task 44 800 0.055
Task 44 800 0.055
Task 41 800 0.05125
Task 40 800 0.05
GW 0.495
Task 81 800 0.10125
Task 54 800 0.0675
Task 50 800 0.0625
Task 46 800 0.0575
Task 44 800 0.055
Task 41 800 0.05125
Task 40 800 0.05
Task 40 800 0.05
GW 0.3
Task 300 1000 0.3
-------------
074
-------------
GW 0.49625
Task 101 800 0.12625
Task 48 800 0.06
Task 45 800 0.05625
Task 42 800 0.0525
Task 41 800 0.05125
Task 40 800 0.05
Task 40 800 0.05
Task 40 800 0.05
GW 0.49625
Task 104 800 0.13
Task 53 800 0.06625
Task 40 800 0.05
Task 40 800 0.05
Task 40 800 0.05
Task 40 800 0.05
Task 40 800 0.05
Task 40 800 0.05
GW 0.3
Task 300 1000 0.3
-------------
075
-------------
GW 0.4975
Task 118 800 0.1475
Task 40 800 0.05
Task 40 800 0.05
Task 40 800 0.05
Task 40 800 0.05
Task 40 800 0.05
Task 40 800 0.05
Task 40 800 0.05
GW 0.4975
Task 118 800 0.1475
Task 40 800 0.05
Task 40 800 0.05
Task 40 800 0.05
Task 40 800 0.05
Task 40 800 0.05
Task 40 800 0.05
Task 40 800 0.05
GW 0.3
Task 300 1000 0.3
-------------
076
-------------
GW 0.4925
Task 34 400 0.085
Task 29 400 0.0725
Task 24 400 0.06
Task 24 400 0.06
Task 23 400 0.0575
Task 22 400 0.055
Task 21 400 0.0525
Task 20 400 0.05
GW 0.4925
Task 39 400 0.0975
Task 37 400 0.0925
Task 21 400 0.0525
Task 20 400 0.05
Task 20 400 0.05
Task 20 400 0.05
Task 20 400 0.05
Task 20 400 0.05
GW 0.3
Task 300 1000 0.3
-------------
077
-------------
GW 0.49
Task 36 400 0.09
Task 33 400 0.0825
Task 26 400 0.065
Task 21 400 0.0525
Task 20 400 0.05
Task 20 400 0.05
Task 20 400 0.05
Task 20 400 0.05
GW 0.4925
Task 41 400 0.1025
Task 32 400 0.08
Task 22 400 0.055
Task 22 400 0.055
Task 20 400 0.05
Task 20 400 0.05
Task 20 400 0.05
Task 20 400 0.05
GW 0.3
Task 300 1000 0.3
-------------
078
-------------
GW 0.495
Task 52 400 0.13
Task 23 400 0.0575
Task 22 400 0.055
Task 21 400 0.0525
Task 20 400 0.05
Task 20 400 0.05
Task 20 400 0.05
Task 20 400 0.05
GW 0.4925
Task 41 400 0.1025
Task 32 400 0.08
Task 22 400 0.055
Task 21 400 0.0525
Task 21 400 0.0525
Task 20 400 0.05
Task 20 400 0.05
Task 20 400 0.05
GW 0.3
Task 300 1000 0.3
-------------
080
-------------
GW 0.4925
Task 33 400 0.0825
Task 28 400 0.07
Task 27 400 0.0675
Task 25 400 0.0625
Task 23 400 0.0575
Task 21 400 0.0525
Task 20 400 0.05
Task 20 400 0.05
GW 0.4875
Task 32 400 0.08
Task 31 400 0.0775
Task 25 400 0.0625
Task 25 400 0.0625
Task 22 400 0.055
Task 20 400 0.05
Task 20 400 0.05
Task 20 400 0.05
GW 0.3
Task 300 1000 0.3
-------------
082
-------------
GW 0.49
Task 33 400 0.0825
Task 32 400 0.08
Task 29 400 0.0725
Task 22 400 0.055
Task 20 400 0.05
Task 20 400 0.05
Task 20 400 0.05
Task 20 400 0.05
GW 0.495
Task 53 400 0.1325
Task 24 400 0.06
Task 21 400 0.0525
Task 20 400 0.05
Task 20 400 0.05
Task 20 400 0.05
Task 20 400 0.05
Task 20 400 0.05
GW 0.3
Task 300 1000 0.3
-------------
086
-------------
GW 0.495
Task 42 400 0.105
Task 32 400 0.08
Task 24 400 0.06
Task 20 400 0.05
Task 20 400 0.05
Task 20 400 0.05
Task 20 400 0.05
Task 20 400 0.05
GW 0.4975
Task 48 400 0.12
Task 27 400 0.0675
Task 24 400 0.06
Task 20 400 0.05
Task 20 400 0.05
Task 20 400 0.05
Task 20 400 0.05
Task 20 400 0.05
GW 0.3
Task 300 1000 0.3
-------------
087
-------------
GW 0.49625
Task 93 800 0.11625
Task 60 800 0.075
Task 43 800 0.05375
Task 41 800 0.05125
Task 40 800 0.05
Task 40 800 0.05
Task 40 800 0.05
Task 40 800 0.05
GW 0.4975
Task 114 800 0.1425
Task 42 800 0.0525
Task 41 800 0.05125
Task 41 800 0.05125
Task 40 800 0.05
Task 40 800 0.05
Task 40 800 0.05
Task 40 800 0.05
GW 0.3
Task 300 1000 0.3
-------------
088
-------------
GW 0.49625
Task 110 800 0.1375
Task 45 800 0.05625
Task 42 800 0.0525
Task 40 800 0.05
Task 40 800 0.05
Task 40 800 0.05
Task 40 800 0.05
Task 40 800 0.05
GW 0.4975
Task 81 800 0.10125
Task 66 800 0.0825
Task 51 800 0.06375
Task 40 800 0.05
Task 40 800 0.05
Task 40 800 0.05
Task 40 800 0.05
Task 40 800 0.05
GW 0.3
Task 300 1000 0.3
-------------
089
-------------
GW 0.49625
Task 107 800 0.13375
Task 44 800 0.055
Task 44 800 0.055
Task 42 800 0.0525
Task 40 800 0.05
Task 40 800 0.05
Task 40 800 0.05
Task 40 800 0.05
GW 0.49625
Task 70 800 0.0875
Task 68 800 0.085
Task 47 800 0.05875
Task 45 800 0.05625
Task 43 800 0.05375
Task 42 800 0.0525
Task 41 800 0.05125
Task 41 800 0.05125
GW 0.3
Task 300 1000 0.3
-------------
093
-------------
GW 0.495
Task 56 400 0.14
Task 22 400 0.055
Task 20 400 0.05
Task 20 400 0.05
Task 20 400 0.05
Task 20 400 0.05
Task 20 400 0.05
Task 20 400 0.05
GW 0.4925
Task 35 400 0.0875
Task 25 400 0.0625
Task 24 400 0.06
Task 24 400 0.06
Task 24 400 0.06
Task 24 400 0.06
Task 21 400 0.0525
Task 20 400 0.05
GW 0.3
Task 300 1000 0.3
-------------
094
-------------
GW 0.4925
Task 39 400 0.0975
Task 29 400 0.0725
Task 24 400 0.06
Task 22 400 0.055
Task 22 400 0.055
Task 21 400 0.0525
Task 20 400 0.05
Task 20 400 0.05
GW 0.49
Task 31 400 0.0775
Task 28 400 0.07
Task 28 400 0.07
Task 26 400 0.065
Task 22 400 0.055
Task 21 400 0.0525
Task 20 400 0.05
Task 20 400 0.05
GW 0.3
Task 300 1000 0.3
-------------
095
-------------
GW 0.4925
Task 41 400 0.1025
Task 29 400 0.0725
Task 24 400 0.06
Task 23 400 0.0575
Task 20 400 0.05
Task 20 400 0.05
Task 20 400 0.05
Task 20 400 0.05
GW 0.495
Task 46 400 0.115
Task 28 400 0.07
Task 23 400 0.0575
Task 21 400 0.0525
Task 20 400 0.05
Task 20 400 0.05
Task 20 400 0.05
Task 20 400 0.05
GW 0.3
Task 300 1000 0.3
-------------
096
-------------
GW 0.4925
Task 42 400 0.105
Task 31 400 0.0775
Task 22 400 0.055
Task 21 400 0.0525
Task 21 400 0.0525
Task 20 400 0.05
Task 20 400 0.05
Task 20 400 0.05
GW 0.4925
Task 36 400 0.09
Task 35 400 0.0875
Task 23 400 0.0575
Task 22 400 0.055
Task 21 400 0.0525
Task 20 400 0.05
Task 20 400 0.05
Task 20 400 0.05
GW 0.3
Task 300 1000 0.3
-------------
098
-------------
GW 0.49
Task 40 400 0.1
Task 29 400 0.0725
Task 25 400 0.0625
Task 22 400 0.055
Task 20 400 0.05
Task 20 400 0.05
Task 20 400 0.05
Task 20 400 0.05
GW 0.4975
Task 41 400 0.1025
Task 37 400 0.0925
Task 21 400 0.0525
Task 20 400 0.05
Task 20 400 0.05
Task 20 400 0.05
Task 20 400 0.05
Task 20 400 0.05
GW 0.3
Task 300 1000 0.3
-------------
099
-------------
GW 0.495
Task 49 400 0.1225
Task 25 400 0.0625
Task 24 400 0.06
Task 20 400 0.05
Task 20 400 0.05
Task 20 400 0.05
Task 20 400 0.05
Task 20 400 0.05
GW 0.4975
Task 59 400 0.1475
Task 20 400 0.05
Task 20 400 0.05
Task 20 400 0.05
Task 20 400 0.05
Task 20 400 0.05
Task 20 400 0.05
Task 20 400 0.05
GW 0.3
Task 300 1000 0.3
-------------
100
-------------
