GW 0.99625
Task 335 800 0.41875
Task 202 800 0.2525
Task 50 800 0.0625
Task 45 800 0.05625
Task 44 800 0.055
Task 41 800 0.05125
Task 40 800 0.05
Task 40 800 0.05
GW 0.9975
Task 250 800 0.3125
Task 166 800 0.2075
Task 162 800 0.2025
Task 55 800 0.06875
Task 44 800 0.055
Task 41 800 0.05125
Task 40 800 0.05
Task 40 800 0.05
GW 0.3
Task 300 1000 0.3
-------------
001
-------------
GW 0.99375
Task 367 800 0.45875
Task 78 800 0.0975
Task 76 800 0.095
Task 73 800 0.09125
Task 73 800 0.09125
Task 45 800 0.05625
Task 43 800 0.05375
Task 40 800 0.05
GW 0.99625
Task 409 800 0.51125
Task 114 800 0.1425
Task 65 800 0.08125
Task 44 800 0.055
Task 44 800 0.055
Task 41 800 0.05125
Task 40 800 0.05
Task 40 800 0.05
GW 0.3
Task 300 1000 0.3
-------------
004
-------------
GW 0.995
Task 151 400 0.3775
Task 120 400 0.3
Task 27 400 0.0675
Task 20 400 0.05
Task 20 400 0.05
Task 20 400 0.05
Task 20 400 0.05
Task 20 400 0.05
GW 0.99
Task 188 400 0.47
Task 61 400 0.1525
Task 32 400 0.08
Task 25 400 0.0625
Task 24 400 0.06
Task 23 400 0.0575
Task 22 400 0.055
Task 21 400 0.0525
GW 0.3
Task 300 1000 0.3
-------------
005
-------------
GW 0.99
Task 151 400 0.3775
Task 74 400 0.185
Task 47 400 0.1175
Task 31 400 0.0775
Task 26 400 0.065
Task 26 400 0.065
Task 21 400 0.0525
Task 20 400 0.05
GW 0.995
Task 137 400 0.3425
Task 103 400 0.2575
Task 56 400 0.14
Task 22 400 0.055
Task 20 400 0.05
Task 20 400 0.05
Task 20 400 0.05
Task 20 400 0.05
GW 0.3
Task 300 1000 0.3
-------------
006
-------------
GW 0.995
Task 258 400 0.645
Task 20 400 0.05
Task 20 400 0.05
Task 20 400 0.05
Task 20 400 0.05
Task 20 400 0.05
Task 20 400 0.05
Task 20 400 0.05
GW 0.995
Task 213 400 0.5325
Task 64 400 0.16
Task 21 400 0.0525
Task 20 400 0.05
Task 20 400 0.05
Task 20 400 0.05
Task 20 400 0.05
Task 20 400 0.05
GW 0.3
Task 300 1000 0.3
-------------
009
-------------
GW 0.9975
Task 233 400 0.5825
Task 37 400 0.0925
Task 29 400 0.0725
Task 20 400 0.05
Task 20 400 0.05
Task 20 400 0.05
Task 20 400 0.05
Task 20 400 0.05
GW 0.9925
Task 226 400 0.565
Task 47 400 0.1175
Task 21 400 0.0525
Task 21 400 0.0525
Task 21 400 0.0525
Task 21 400 0.0525
Task 20 400 0.05
Task 20 400 0.05
GW 0.3
Task 300 1000 0.3
-------------
010
-------------
GW 0.99375
Task 275 800 0.34375
Task 164 800 0.205
Task 147 800 0.18375
Task 45 800 0.05625
Task 42 800 0.0525
Task 42 800 0.0525
Task 40 800 0.05
Task 40 800 0.05
GW 0.99375
Task 380 800 0.475
Task 114 800 0.1425
Task 60 800 0.075
Task 58 800 0.0725
Task 52 800 0.065
Task 47 800 0.05875
Task 43 800 0.05375
Task 41 800 0.05125
GW 0.3
Task 300 1000 0.3
-------------
011
-------------
GW 0.99375
Task 386 800 0.4825
Task 122 800 0.1525
Task 61 800 0.07625
Task 54 800 0.0675
Task 52 800 0.065
Task 40 800 0.05
Task 40 800 0.05
Task 40 800 0.05
GW 0.9975
Task 294 800 0.3675
Task 254 800 0.3175
Task 50 800 0.0625
Task 40 800 0.05
Task 40 800 0.05
Task 40 800 0.05
Task 40 800 0.05
Task 40 800 0.05
GW 0.3
Task 300 1000 0.3
-------------
012
-------------
GW 0.99625
Task 427 800 0.53375
Task 79 800 0.09875
Task 73 800 0.09125
Task 53 800 0.06625
Task 44 800 0.055
Task 41 800 0.05125
Task 40 800 0.05
Task 40 800 0.05
GW 0.99625
Task 359 800 0.44875
Task 155 800 0.19375
Task 71 800 0.08875
Task 48 800 0.06
Task 44 800 0.055
Task 40 800 0.05
Task 40 800 0.05
Task 40 800 0.05
GW 0.3
Task 300 1000 0.3
-------------
013
-------------
GW 0.9875
Task 155 400 0.3875
Task 101 400 0.2525
Task 32 400 0.08
Task 25 400 0.0625
Task 21 400 0.0525
Task 21 400 0.0525
Task 20 400 0.05
Task 20 400 0.05
GW 0.9875
Task 227 400 0.5675
Task 32 400 0.08
Task 28 400 0.07
Task 25 400 0.0625
Task 22 400 0.055
Task 21 400 0.0525
Task 20 400 0.05
Task 20 400 0.05
GW 0.3
Task 300 1000 0.3
-------------
016
-------------
GW 0.9925
Task 217 400 0.5425
Task 41 400 0.1025
Task 35 400 0.0875
Task 24 400 0.06
Task 20 400 0.05
Task 20 400 0.05
Task 20 400 0.05
Task 20 400 0.05
GW 0.99
Task 250 400 0.625
Task 23 400 0.0575
Task 21 400 0.0525
Task 21 400 0.0525
Task 21 400 0.0525
Task 20 400 0.05
Task 20 400 0.05
Task 20 400 0.05
GW 0.3
Task 300 1000 0.3
-------------
017
-------------
GW 0.99625
Task 183 800 0.22875
Task 164 800 0.205
Task 113 800 0.14125
Task 89 800 0.11125
Task 81 800 0.10125
Task 73 800 0.09125
Task 53 800 0.06625
Task 41 800 0.05125
GW 0.99375
Task 276 800 0.345
Task 151 800 0.18875
Task 111 800 0.13875
Task 67 800 0.08375
Task 51 800 0.06375
Task 49 800 0.06125
Task 48 800 0.06
Task 42 800 0.0525
GW 0.3
Task 300 1000 0.3
-------------
019
-------------
GW 0.99
Task 194 400 0.485
Task 59 400 0.1475
Task 39 400 0.0975
Task 22 400 0.055
Task 21 400 0.0525
Task 21 400 0.0525
Task 20 400 0.05
Task 20 400 0.05
GW 0.99
Task 196 400 0.49
Task 79 400 0.1975
Task 21 400 0.0525
Task 20 400 0.05
Task 20 400 0.05
Task 20 400 0.05
Task 20 400 0.05
Task 20 400 0.05
GW 0.3
Task 300 1000 0.3
-------------
020
-------------
GW 0.99
Task 196 400 0.49
Task 58 400 0.145
Task 30 400 0.075
Task 26 400 0.065
Task 24 400 0.06
Task 22 400 0.055
Task 20 400 0.05
Task 20 400 0.05
GW 0.99
Task 190 400 0.475
Task 50 400 0.125
Task 37 400 0.0925
Task 31 400 0.0775
Task 26 400 0.065
Task 22 400 0.055
Task 20 400 0.05
Task 20 400 0.05
GW 0.3
Task 300 1000 0.3
-------------
021
-------------
GW 0.99
Task 117 400 0.2925
Task 105 400 0.2625
Task 54 400 0.135
Task 32 400 0.08
Task 27 400 0.0675
Task 21 400 0.0525
Task 20 400 0.05
Task 20 400 0.05
GW 0.995
Task 162 400 0.405
Task 99 400 0.2475
Task 34 400 0.085
Task 23 400 0.0575
Task 20 400 0.05
Task 20 400 0.05
Task 20 400 0.05
Task 20 400 0.05
GW 0.3
Task 300 1000 0.3
-------------
022
-------------
GW 0.99625
Task 168 800 0.21
Task 142 800 0.1775
Task 133 800 0.16625
Task 132 800 0.165
Task 93 800 0.11625
Task 48 800 0.06
Task 41 800 0.05125
Task 40 800 0.05
GW 0.99625
Task 309 800 0.38625
Task 164 800 0.205
Task 81 800 0.10125
Task 66 800 0.0825
Task 48 800 0.06
Task 44 800 0.055
Task 43 800 0.05375
Task 42 800 0.0525
GW 0.3
Task 300 1000 0.3
-------------
023
-------------
GW 0.99
Task 133 400 0.3325
Task 92 400 0.23
Task 37 400 0.0925
Task 33 400 0.0825
Task 30 400 0.075
Task 26 400 0.065
Task 25 400 0.0625
Task 20 400 0.05
GW 0.9925
Task 256 400 0.64
Task 21 400 0.0525
Task 20 400 0.05
Task 20 400 0.05
Task 20 400 0.05
Task 20 400 0.05
Task 20 400 0.05
Task 20 400 0.05
GW 0.3
Task 300 1000 0.3
-------------
026
-------------
GW 0.9925
Task 181 400 0.4525
Task 85 400 0.2125
Task 25 400 0.0625
Task 25 400 0.0625
Task 21 400 0.0525
Task 20 400 0.05
Task 20 400 0.05
Task 20 400 0.05
GW 0.9925
Task 220 400 0.55
Task 49 400 0.1225
Task 23 400 0.0575
Task 23 400 0.0575
Task 22 400 0.055
Task 20 400 0.05
Task 20 400 0.05
Task 20 400 0.05
GW 0.3
Task 300 1000 0.3
-------------
029
-------------
GW 0.99375
Task 298 800 0.3725
Task 104 800 0.13
Task 102 800 0.1275
Task 98 800 0.1225
Task 68 800 0.085
Task 44 800 0.055
Task 41 800 0.05125
Task 40 800 0.05
GW 0.99375
Task 431 800 0.53875
Task 111 800 0.13875
Task 50 800 0.0625
Task 41 800 0.05125
Task 41 800 0.05125
Task 41 800 0.05125
Task 40 800 0.05
Task 40 800 0.05
GW 0.3
Task 300 1000 0.3
-------------
030
-------------
GW 0.99625
Task 336 800 0.42
Task 172 800 0.215
Task 56 800 0.07
Task 50 800 0.0625
Task 50 800 0.0625
Task 49 800 0.06125
Task 43 800 0.05375
Task 41 800 0.05125
GW 0.9975
Task 306 800 0.3825
Task 123 800 0.15375
Task 108 800 0.135
Task 86 800 0.1075
Task 53 800 0.06625
Task 41 800 0.05125
Task 41 800 0.05125
Task 40 800 0.05
GW 0.3
Task 300 1000 0.3
-------------
038
-------------
GW 0.9875
Task 131 400 0.3275
Task 55 400 0.1375
Task 45 400 0.1125
Task 43 400 0.1075
Task 35 400 0.0875
Task 31 400 0.0775
Task 31 400 0.0775
Task 24 400 0.06
GW 0.9925
Task 214 400 0.535
Task 54 400 0.135
Task 29 400 0.0725
Task 20 400 0.05
Task 20 400 0.05
Task 20 400 0.05
Task 20 400 0.05
Task 20 400 0.05
GW 0.3
Task 300 1000 0.3
-------------
041
-------------
GW 0.99
Task 223 400 0.5575
Task 37 400 0.0925
Task 25 400 0.0625
Task 24 400 0.06
Task 23 400 0.0575
Task 22 400 0.055
Task 22 400 0.055
Task 20 400 0.05
GW 0.9925
Task 196 400 0.49
Task 48 400 0.12
Task 39 400 0.0975
Task 32 400 0.08
Task 22 400 0.055
Task 20 400 0.05
Task 20 400 0.05
Task 20 400 0.05
GW 0.3
Task 300 1000 0.3
-------------
044
-------------
GW 0.99375
Task 158 800 0.1975
Task 155 800 0.19375
Task 137 800 0.17125
Task 117 800 0.14625
Task 85 800 0.10625
Task 54 800 0.0675
Task 46 800 0.0575
Task 43 800 0.05375
GW 0.99625
Task 298 800 0.3725
Task 178 800 0.2225
Task 118 800 0.1475
Task 42 800 0.0525
Task 41 800 0.05125
Task 40 800 0.05
Task 40 800 0.05
Task 40 800 0.05
GW 0.3
Task 300 1000 0.3
-------------
046
-------------
GW 0.9875
Task 183 400 0.4575
Task 68 400 0.17
Task 31 400 0.0775
Task 29 400 0.0725
Task 24 400 0.06
Task 20 400 0.05
Task 20 400 0.05
Task 20 400 0.05
GW 0.9925
Task 149 400 0.3725
Task 118 400 0.295
Task 30 400 0.075
Task 20 400 0.05
Task 20 400 0.05
Task 20 400 0.05
Task 20 400 0.05
Task 20 400 0.05
GW 0.3
Task 300 1000 0.3
-------------
047
-------------
GW 0.99625
Task 287 800 0.35875
Task 151 800 0.18875
Task 126 800 0.1575
Task 52 800 0.065
Task 51 800 0.06375
Task 49 800 0.06125
Task 41 800 0.05125
Task 40 800 0.05
GW 0.99625
Task 286 800 0.3575
Task 194 800 0.2425
Task 64 800 0.08
Task 62 800 0.0775
Task 54 800 0.0675
Task 52 800 0.065
Task 44 800 0.055
Task 41 800 0.05125
GW 0.3
Task 300 1000 0.3
-------------
048
-------------
GW 0.9925
Task 155 400 0.3875
Task 122 400 0.305
Task 20 400 0.05
Task 20 400 0.05
Task 20 400 0.05
Task 20 400 0.05
Task 20 400 0.05
Task 20 400 0.05
GW 0.99
Task 94 400 0.235
Task 65 400 0.1625
Task 61 400 0.1525
Task 52 400 0.13
Task 50 400 0.125
Task 27 400 0.0675
Task 25 400 0.0625
Task 22 400 0.055
GW 0.3
Task 300 1000 0.3
-------------
050
-------------
GW 0.995
Task 153 400 0.3825
Task 124 400 0.31
Task 21 400 0.0525
Task 20 400 0.05
Task 20 400 0.05
Task 20 400 0.05
Task 20 400 0.05
Task 20 400 0.05
GW 0.995
Task 254 400 0.635
Task 22 400 0.055
Task 22 400 0.055
Task 20 400 0.05
Task 20 400 0.05
Task 20 400 0.05
Task 20 400 0.05
Task 20 400 0.05
GW 0.3
Task 300 1000 0.3
-------------
051
-------------
GW 0.99375
Task 249 800 0.31125
Task 139 800 0.17375
Task 122 800 0.1525
Task 75 800 0.09375
Task 71 800 0.08875
Task 50 800 0.0625
Task 48 800 0.06
Task 41 800 0.05125
GW 0.99625
Task 396 800 0.495
Task 88 800 0.11
Task 86 800 0.1075
Task 61 800 0.07625
Task 44 800 0.055
Task 41 800 0.05125
Task 41 800 0.05125
Task 40 800 0.05
GW 0.3
Task 300 1000 0.3
-------------
052
-------------
GW 0.9925
Task 179 400 0.4475
Task 90 400 0.225
Task 25 400 0.0625
Task 22 400 0.055
Task 21 400 0.0525
Task 20 400 0.05
Task 20 400 0.05
Task 20 400 0.05
GW 0.995
Task 137 400 0.3425
Task 117 400 0.2925
Task 42 400 0.105
Task 22 400 0.055
Task 20 400 0.05
Task 20 400 0.05
Task 20 400 0.05
Task 20 400 0.05
GW 0.3
Task 300 1000 0.3
-------------
053
-------------
GW 0.99375
Task 321 800 0.40125
Task 126 800 0.1575
Task 76 800 0.095
Task 74 800 0.0925
Task 56 800 0.07
Task 56 800 0.07
Task 46 800 0.0575
Task 40 800 0.05
GW 0.995
Task 127 800 0.15875
Task 127 800 0.15875
Task 127 800 0.15875
Task 108 800 0.135
Task 102 800 0.1275
Task 83 800 0.10375
Task 76 800 0.095
Task 46 800 0.0575
GW 0.3
Task 300 1000 0.3
-------------
054
-------------
GW 0.99625
Task 501 800 0.62625
Task 48 800 0.06
Task 47 800 0.05875
Task 41 800 0.05125
Task 40 800 0.05
Task 40 800 0.05
Task 40 800 0.05
Task 40 800 0.05
GW 0.99375
Task 476 800 0.595
Task 56 800 0.07
Task 49 800 0.06125
Task 46 800 0.0575
Task 44 800 0.055
Task 43 800 0.05375
Task 41 800 0.05125
Task 40 800 0.05
GW 0.3
Task 300 1000 0.3
-------------
056
-------------
GW 0.99625
Task 336 800 0.42
Task 113 800 0.14125
Task 104 800 0.13
Task 63 800 0.07875
Task 53 800 0.06625
Task 44 800 0.055
Task 43 800 0.05375
Task 41 800 0.05125
GW 0.995
Task 341 800 0.42625
Task 122 800 0.1525
Task 76 800 0.095
Task 75 800 0.09375
Task 58 800 0.0725
Task 42 800 0.0525
Task 42 800 0.0525
Task 40 800 0.05
GW 0.3
Task 300 1000 0.3
-------------
063
-------------
GW 0.9925
Task 169 400 0.4225
Task 63 400 0.1575
Task 41 400 0.1025
Task 39 400 0.0975
Task 25 400 0.0625
Task 20 400 0.05
Task 20 400 0.05
Task 20 400 0.05
GW 0.9925
Task 82 400 0.205
Task 63 400 0.1575
Task 53 400 0.1325
Task 47 400 0.1175
Task 46 400 0.115
Task 43 400 0.1075
Task 34 400 0.085
Task 29 400 0.0725
GW 0.3
Task 300 1000 0.3
-------------
067
-------------
GW 0.9875
Task 150 400 0.375
Task 65 400 0.1625
Task 48 400 0.12
Task 40 400 0.1
Task 25 400 0.0625
Task 24 400 0.06
Task 22 400 0.055
Task 21 400 0.0525
GW 0.99
Task 138 400 0.345
Task 87 400 0.2175
Task 50 400 0.125
Task 35 400 0.0875
Task 23 400 0.0575
Task 23 400 0.0575
Task 20 400 0.05
Task 20 400 0.05
GW 0.3
Task 300 1000 0.3
-------------
072
-------------
GW 0.995
Task 405 800 0.50625
Task 110 800 0.1375
Task 68 800 0.085
Task 50 800 0.0625
Task 43 800 0.05375
Task 40 800 0.05
Task 40 800 0.05
Task 40 800 0.05
GW 0.99625
Task 251 800 0.31375
Task 214 800 0.2675
Task 131 800 0.16375
Task 41 800 0.05125
Task 40 800 0.05
Task 40 800 0.05
Task 40 800 0.05
Task 40 800 0.05
GW 0.3
Task 300 1000 0.3
-------------
075
-------------
GW 0.9975
Task 488 800 0.61
Task 65 800 0.08125
Task 42 800 0.0525
Task 42 800 0.0525
Task 41 800 0.05125
Task 40 800 0.05
Task 40 800 0.05
Task 40 800 0.05
GW 0.995
Task 341 800 0.42625
Task 179 800 0.22375
Task 61 800 0.07625
Task 46 800 0.0575
Task 45 800 0.05625
Task 43 800 0.05375
Task 41 800 0.05125
Task 40 800 0.05
GW 0.3
Task 300 1000 0.3
-------------
076
-------------
GW 0.995
Task 204 800 0.255
Task 183 800 0.22875
Task 134 800 0.1675
Task 74 800 0.0925
Task 59 800 0.07375
Task 56 800 0.07
Task 44 800 0.055
Task 42 800 0.0525
GW 0.995
Task 355 800 0.44375
Task 183 800 0.22875
Task 47 800 0.05875
Task 45 800 0.05625
Task 43 800 0.05375
Task 41 800 0.05125
Task 41 800 0.05125
Task 41 800 0.05125
GW 0.3
Task 300 1000 0.3
-------------
077
-------------
GW 0.9975
Task 283 800 0.35375
Task 255 800 0.31875
Task 60 800 0.075
Task 40 800 0.05
Task 40 800 0.05
Task 40 800 0.05
Task 40 800 0.05
Task 40 800 0.05
GW 0.9975
Task 479 800 0.59875
Task 79 800 0.09875
Task 40 800 0.05
Task 40 800 0.05
Task 40 800 0.05
Task 40 800 0.05
Task 40 800 0.05
Task 40 800 0.05
GW 0.3
Task 300 1000 0.3
-------------
078
-------------
GW 0.99625
Task 406 800 0.5075
Task 94 800 0.1175
Task 69 800 0.08625
Task 62 800 0.0775
Task 46 800 0.0575
Task 40 800 0.05
Task 40 800 0.05
Task 40 800 0.05
GW 0.99625
Task 273 800 0.34125
Task 194 800 0.2425
Task 90 800 0.1125
Task 62 800 0.0775
Task 51 800 0.06375
Task 43 800 0.05375
Task 42 800 0.0525
Task 42 800 0.0525
GW 0.3
Task 300 1000 0.3
-------------
083
-------------
GW 0.9925
Task 202 400 0.505
Task 66 400 0.165
Task 24 400 0.06
Task 23 400 0.0575
Task 22 400 0.055
Task 20 400 0.05
Task 20 400 0.05
Task 20 400 0.05
GW 0.995
Task 139 400 0.3475
Task 86 400 0.215
Task 73 400 0.1825
Task 20 400 0.05
Task 20 400 0.05
Task 20 400 0.05
Task 20 400 0.05
Task 20 400 0.05
GW 0.3
Task 300 1000 0.3
-------------
084
-------------
GW 0.99625
Task 314 800 0.3925
Task 182 800 0.2275
Task 71 800 0.08875
Task 62 800 0.0775
Task 47 800 0.05875
Task 41 800 0.05125
Task 40 800 0.05
Task 40 800 0.05
GW 0.99625
Task 236 800 0.295
Task 211 800 0.26375
Task 107 800 0.13375
Task 83 800 0.10375
Task 40 800 0.05
Task 40 800 0.05
Task 40 800 0.05
Task 40 800 0.05
GW 0.3
Task 300 1000 0.3
-------------
085
-------------
GW 0.9925
Task 235 800 0.29375
Task 179 800 0.22375
Task 149 800 0.18625
Task 59 800 0.07375
Task 49 800 0.06125
Task 42 800 0.0525
Task 41 800 0.05125
Task 40 800 0.05
GW 0.995
Task 466 800 0.5825
Task 64 800 0.08
Task 62 800 0.0775
Task 43 800 0.05375
Task 41 800 0.05125
Task 40 800 0.05
Task 40 800 0.05
Task 40 800 0.05
GW 0.3
Task 300 1000 0.3
-------------
090
-------------
GW 0.9975
Task 504 800 0.63
Task 49 800 0.06125
Task 45 800 0.05625
Task 40 800 0.05
Task 40 800 0.05
Task 40 800 0.05
Task 40 800 0.05
Task 40 800 0.05
GW 0.9975
Task 400 800 0.5
Task 153 800 0.19125
Task 45 800 0.05625
Task 40 800 0.05
Task 40 800 0.05
Task 40 800 0.05
Task 40 800 0.05
Task 40 800 0.05
GW 0.3
Task 300 1000 0.3
-------------
091
-------------
GW 0.9975
Task 205 400 0.5125
Task 73 400 0.1825
Task 21 400 0.0525
Task 20 400 0.05
Task 20 400 0.05
Task 20 400 0.05
Task 20 400 0.05
Task 20 400 0.05
GW 0.99
Task 109 400 0.2725
Task 88 400 0.22
Task 48 400 0.12
Task 39 400 0.0975
Task 36 400 0.09
Task 31 400 0.0775
Task 24 400 0.06
Task 21 400 0.0525
GW 0.3
Task 300 1000 0.3
-------------
092
-------------
GW 0.995
Task 216 800 0.27
Task 138 800 0.1725
Task 127 800 0.15875
Task 114 800 0.1425
Task 65 800 0.08125
Task 47 800 0.05875
Task 46 800 0.0575
Task 43 800 0.05375
GW 0.99375
Task 211 800 0.26375
Task 205 800 0.25625
Task 107 800 0.13375
Task 102 800 0.1275
Task 47 800 0.05875
Task 42 800 0.0525
Task 41 800 0.05125
Task 40 800 0.05
GW 0.3
Task 300 1000 0.3
-------------
093
-------------
GW 0.9925
Task 134 400 0.335
Task 76 400 0.19
Task 36 400 0.09
Task 35 400 0.0875
Task 33 400 0.0825
Task 32 400 0.08
Task 30 400 0.075
Task 21 400 0.0525
GW 0.99
Task 134 400 0.335
Task 78 400 0.195
Task 60 400 0.15
Task 33 400 0.0825
Task 29 400 0.0725
Task 22 400 0.055
Task 20 400 0.05
Task 20 400 0.05
GW 0.3
Task 300 1000 0.3
-------------
095
-------------
GW 0.9925
Task 145 400 0.3625
Task 80 400 0.2
Task 51 400 0.1275
Task 34 400 0.085
Task 26 400 0.065
Task 21 400 0.0525
Task 20 400 0.05
Task 20 400 0.05
GW 0.9925
Task 207 400 0.5175
Task 65 400 0.1625
Task 25 400 0.0625
Task 20 400 0.05
Task 20 400 0.05
Task 20 400 0.05
Task 20 400 0.05
Task 20 400 0.05
GW 0.3
Task 300 1000 0.3
-------------
096
-------------
GW 0.99
Task 232 400 0.58
Task 32 400 0.08
Task 27 400 0.0675
Task 23 400 0.0575
Task 22 400 0.055
Task 20 400 0.05
Task 20 400 0.05
Task 20 400 0.05
GW 0.995
Task 255 400 0.6375
Task 23 400 0.0575
Task 20 400 0.05
Task 20 400 0.05
Task 20 400 0.05
Task 20 400 0.05
Task 20 400 0.05
Task 20 400 0.05
GW 0.3
Task 300 1000 0.3
-------------
098
-------------
