3 3
GW 0.99625
Task 222 400 0.555
Task 240 800 0.3
Task 113 800 0.14125
GW 0.9925
Task 47 100 0.47
Task 165 400 0.4125
Task 88 800 0.11
GW 0.99
Task 93 100 0.93
Task 15 400 0.0375
Task 18 800 0.0225
-------------
001
-------------
3 3
GW 0.9975
Task 263 400 0.6575
Task 189 800 0.23625
Task 83 800 0.10375
GW 0.9925
Task 51 100 0.51
Task 76 200 0.38
Task 82 800 0.1025
GW 0.9975
Task 195 400 0.4875
Task 145 400 0.3625
Task 118 800 0.1475
-------------
002
-------------
3 3
GW 0.9875
Task 81 100 0.81
Task 13 100 0.13
Task 38 800 0.0475
GW 0.99
Task 82 100 0.82
Task 12 100 0.12
Task 40 800 0.05
GW 0.9975
Task 69 100 0.69
Task 71 400 0.1775
Task 52 400 0.13
-------------
003
-------------
3 3
GW 0.995
Task 151 200 0.755
Task 60 400 0.15
Task 72 800 0.09
GW 0.99875
Task 312 400 0.78
Task 74 400 0.185
Task 27 800 0.03375
GW 0.99375
Task 154 200 0.77
Task 164 800 0.205
Task 15 800 0.01875
-------------
004
-------------
3 3
GW 0.985
Task 37 100 0.37
Task 33 100 0.33
Task 228 800 0.285
GW 0.9975
Task 51 100 0.51
Task 355 800 0.44375
Task 35 800 0.04375
GW 0.9875
Task 70 100 0.7
Task 19 100 0.19
Task 78 800 0.0975
-------------
005
-------------
3 3
GW 0.9925
Task 64 100 0.64
Task 81 400 0.2025
Task 60 400 0.15
GW 0.995
Task 56 100 0.56
Task 60 200 0.3
Task 27 200 0.135
GW 0.9875
Task 65 100 0.65
Task 52 200 0.26
Task 62 800 0.0775
-------------
006
-------------
3 3
GW 0.995
Task 165 200 0.825
Task 28 200 0.14
Task 12 400 0.03
GW 0.995
Task 44 100 0.44
Task 155 400 0.3875
Task 134 800 0.1675
GW 0.99625
Task 205 400 0.5125
Task 130 400 0.325
Task 127 800 0.15875
-------------
007
-------------
3 3
GW 0.995
Task 156 200 0.78
Task 56 400 0.14
Task 30 400 0.075
GW 0.9925
Task 41 100 0.41
Task 161 400 0.4025
Task 72 400 0.18
GW 0.995
Task 89 200 0.445
Task 173 400 0.4325
Task 94 800 0.1175
-------------
008
-------------
3 3
GW 0.995
Task 59 100 0.59
Task 76 200 0.38
Task 20 800 0.025
GW 0.9875
Task 55 100 0.55
Task 45 200 0.225
Task 85 400 0.2125
GW 0.99625
Task 92 200 0.46
Task 335 800 0.41875
Task 94 800 0.1175
-------------
009
-------------
3 3
GW 0.9975
Task 282 400 0.705
Task 76 400 0.19
Task 82 800 0.1025
GW 0.99625
Task 273 400 0.6825
Task 104 400 0.26
Task 43 800 0.05375
GW 0.995
Task 42 100 0.42
Task 61 200 0.305
Task 108 400 0.27
-------------
010
-------------
3 3
GW 0.98
Task 95 100 0.95
Task 2 100 0.02
Task 1 100 0.01
GW 0.9875
Task 57 100 0.57
Task 22 100 0.22
Task 79 400 0.1975
GW 0.9975
Task 481 800 0.60125
Task 290 800 0.3625
Task 27 800 0.03375
-------------
011
-------------
3 3
GW 0.995
Task 216 400 0.54
Task 170 400 0.425
Task 24 800 0.03
GW 0.9875
Task 40 100 0.4
Task 135 400 0.3375
Task 100 400 0.25
GW 0.995
Task 70 100 0.7
Task 75 400 0.1875
Task 86 800 0.1075
-------------
012
-------------
3 3
GW 0.99
Task 49 100 0.49
Task 40 100 0.4
Task 10 100 0.1
GW 0.9975
Task 112 200 0.56
Task 59 200 0.295
Task 114 800 0.1425
GW 0.995
Task 96 200 0.48
Task 55 200 0.275
Task 48 200 0.24
-------------
013
-------------
3 3
GW 0.99
Task 50 100 0.5
Task 62 200 0.31
Task 36 200 0.18
GW 0.9975
Task 179 200 0.895
Task 36 400 0.09
Task 5 400 0.0125
GW 0.99
Task 47 100 0.47
Task 160 400 0.4
Task 96 800 0.12
-------------
014
-------------
3 3
GW 0.99
Task 71 100 0.71
Task 90 400 0.225
Task 22 400 0.055
GW 0.9875
Task 92 100 0.92
Task 10 200 0.05
Task 7 400 0.0175
GW 0.9975
Task 178 200 0.89
Task 24 400 0.06
Task 38 800 0.0475
-------------
015
-------------
3 3
GW 0.995
Task 93 200 0.465
Task 218 800 0.2725
Task 206 800 0.2575
GW 0.99
Task 88 100 0.88
Task 29 400 0.0725
Task 15 400 0.0375
GW 0.9975
Task 260 400 0.65
Task 91 400 0.2275
Task 96 800 0.12
-------------
016
-------------
3 3
GW 0.995
Task 150 200 0.75
Task 152 800 0.19
Task 44 800 0.055
GW 0.995
Task 69 100 0.69
Task 118 400 0.295
Task 4 400 0.01
GW 0.98875
Task 79 100 0.79
Task 48 400 0.12
Task 63 800 0.07875
-------------
017
-------------
3 3
GW 0.9875
Task 94 100 0.94
Task 13 400 0.0325
Task 6 400 0.015
GW 0.995
Task 163 200 0.815
Task 48 400 0.12
Task 48 800 0.06
GW 0.9975
Task 58 100 0.58
Task 59 200 0.295
Task 98 800 0.1225
-------------
018
-------------
3 3
GW 0.995
Task 127 200 0.635
Task 256 800 0.32
Task 32 800 0.04
GW 0.99625
Task 130 200 0.65
Task 80 400 0.2
Task 117 800 0.14625
GW 0.99375
Task 72 200 0.36
Task 143 400 0.3575
Task 221 800 0.27625
-------------
019
-------------
3 3
GW 0.98875
Task 53 100 0.53
Task 159 400 0.3975
Task 49 800 0.06125
GW 0.9925
Task 71 100 0.71
Task 38 200 0.19
Task 37 400 0.0925
GW 0.99375
Task 96 200 0.48
Task 72 200 0.36
Task 123 800 0.15375
-------------
020
-------------
3 3
GW 0.9875
Task 41 100 0.41
Task 145 400 0.3625
Task 172 800 0.215
GW 0.9925
Task 55 100 0.55
Task 132 400 0.33
Task 45 400 0.1125
GW 0.9925
Task 127 200 0.635
Task 59 200 0.295
Task 25 400 0.0625
-------------
021
-------------
3 3
GW 0.99625
Task 157 200 0.785
Task 39 200 0.195
Task 13 800 0.01625
GW 0.99375
Task 78 100 0.78
Task 108 800 0.135
Task 63 800 0.07875
GW 0.99
Task 67 100 0.67
Task 77 400 0.1925
Task 51 400 0.1275
-------------
022
-------------
3 3
GW 0.995
Task 198 400 0.495
Task 109 400 0.2725
Task 182 800 0.2275
GW 0.9975
Task 435 800 0.54375
Task 271 800 0.33875
Task 92 800 0.115
GW 0.98625
Task 47 100 0.47
Task 90 200 0.45
Task 53 800 0.06625
-------------
023
-------------
3 3
GW 0.995
Task 49 100 0.49
Task 55 200 0.275
Task 46 200 0.23
GW 0.99
Task 55 100 0.55
Task 151 400 0.3775
Task 50 800 0.0625
GW 0.99375
Task 60 100 0.6
Task 141 400 0.3525
Task 33 800 0.04125
-------------
024
-------------
3 3
GW 0.99625
Task 167 200 0.835
Task 55 400 0.1375
Task 19 800 0.02375
GW 0.9975
Task 51 100 0.51
Task 70 200 0.35
Task 55 400 0.1375
GW 0.99
Task 65 100 0.65
Task 111 400 0.2775
Task 50 800 0.0625
-------------
025
-------------
3 3
GW 0.995
Task 134 200 0.67
Task 33 200 0.165
Task 64 400 0.16
GW 0.9925
Task 91 200 0.455
Task 64 200 0.32
Task 87 400 0.2175
GW 0.9975
Task 618 800 0.7725
Task 109 800 0.13625
Task 71 800 0.08875
-------------
026
-------------
3 3
GW 0.99625
Task 99 200 0.495
Task 195 400 0.4875
Task 11 800 0.01375
GW 0.98875
Task 57 100 0.57
Task 78 200 0.39
Task 23 800 0.02875
GW 0.985
Task 95 100 0.95
Task 5 200 0.025
Task 4 400 0.01
-------------
027
-------------
3 3
GW 0.99
Task 88 100 0.88
Task 33 400 0.0825
Task 11 400 0.0275
GW 0.995
Task 51 100 0.51
Task 154 400 0.385
Task 80 800 0.1
GW 0.9925
Task 78 100 0.78
Task 96 800 0.12
Task 74 800 0.0925
-------------
028
-------------
3 3
GW 0.99875
Task 457 800 0.57125
Task 229 800 0.28625
Task 113 800 0.14125
GW 0.9925
Task 187 200 0.935
Task 18 400 0.045
Task 5 400 0.0125
GW 0.99625
Task 169 400 0.4225
Task 241 800 0.30125
Task 218 800 0.2725
-------------
029
-------------
3 3
GW 0.99875
Task 201 400 0.5025
Task 150 400 0.375
Task 97 800 0.12125
GW 0.9975
Task 70 100 0.7
Task 88 400 0.22
Task 31 400 0.0775
GW 0.9875
Task 73 100 0.73
Task 39 200 0.195
Task 25 400 0.0625
-------------
030
-------------
3 3
GW 0.9875
Task 89 100 0.89
Task 16 200 0.08
Task 7 400 0.0175
GW 0.99625
Task 87 200 0.435
Task 316 800 0.395
Task 133 800 0.16625
GW 0.9975
Task 132 200 0.66
Task 99 400 0.2475
Task 36 400 0.09
-------------
031
-------------
3 3
GW 0.9825
Task 78 100 0.78
Task 14 100 0.14
Task 50 800 0.0625
GW 0.99
Task 53 100 0.53
Task 86 200 0.43
Task 12 400 0.03
GW 0.99375
Task 97 200 0.485
Task 183 400 0.4575
Task 41 800 0.05125
-------------
032
-------------
3 3
GW 0.99875
Task 166 200 0.83
Task 83 800 0.10375
Task 52 800 0.065
GW 0.9925
Task 91 100 0.91
Task 11 200 0.055
Task 22 800 0.0275
GW 0.995
Task 103 200 0.515
Task 222 800 0.2775
Task 162 800 0.2025
-------------
033
-------------
3 3
GW 0.99625
Task 169 200 0.845
Task 28 200 0.14
Task 9 800 0.01125
GW 0.99875
Task 383 400 0.9575
Task 25 800 0.03125
Task 8 800 0.01
GW 0.9925
Task 61 100 0.61
Task 55 200 0.275
Task 43 400 0.1075
-------------
034
-------------
3 3
GW 0.995
Task 102 200 0.51
Task 163 400 0.4075
Task 31 400 0.0775
GW 0.99
Task 63 100 0.63
Task 84 400 0.21
Task 120 800 0.15
GW 0.99625
Task 161 400 0.4025
Task 134 400 0.335
Task 207 800 0.25875
-------------
035
-------------
3 3
GW 0.995
Task 61 100 0.61
Task 24 100 0.24
Task 29 200 0.145
GW 0.98875
Task 69 100 0.69
Task 51 200 0.255
Task 35 800 0.04375
GW 0.9925
Task 114 200 0.57
Task 53 200 0.265
Task 63 400 0.1575
-------------
036
-------------
3 3
GW 0.99625
Task 258 400 0.645
Task 134 400 0.335
Task 13 800 0.01625
GW 0.99375
Task 49 100 0.49
Task 72 200 0.36
Task 115 800 0.14375
GW 0.995
Task 181 200 0.905
Task 26 400 0.065
Task 10 400 0.025
-------------
037
-------------
3 3
GW 0.99375
Task 90 100 0.9
Task 13 200 0.065
Task 23 800 0.02875
GW 0.9925
Task 61 100 0.61
Task 66 200 0.33
Task 21 400 0.0525
GW 0.9875
Task 37 100 0.37
Task 34 100 0.34
Task 111 400 0.2775
-------------
038
-------------
3 3
GW 0.99375
Task 102 200 0.51
Task 88 200 0.44
Task 35 800 0.04375
GW 0.985
Task 61 100 0.61
Task 32 100 0.32
Task 11 200 0.055
GW 0.9925
Task 107 200 0.535
Task 48 200 0.24
Task 174 800 0.2175
-------------
039
-------------
3 3
GW 0.9925
Task 93 100 0.93
Task 10 200 0.05
Task 5 400 0.0125
GW 0.995
Task 122 200 0.61
Task 112 400 0.28
Task 42 400 0.105
GW 0.99125
Task 75 100 0.75
Task 51 400 0.1275
Task 91 800 0.11375
-------------
040
-------------
3 3
GW 0.99625
Task 274 400 0.685
Task 80 400 0.2
Task 89 800 0.11125
GW 0.9975
Task 113 200 0.565
Task 74 200 0.37
Task 50 800 0.0625
GW 0.98875
Task 83 100 0.83
Task 53 400 0.1325
Task 21 800 0.02625
-------------
041
-------------
3 3
GW 0.99
Task 47 100 0.47
Task 88 200 0.44
Task 32 400 0.08
GW 0.99
Task 62 100 0.62
Task 54 200 0.27
Task 40 400 0.1
GW 0.9975
Task 85 100 0.85
Task 16 200 0.08
Task 27 400 0.0675
-------------
042
-------------
3 3
GW 0.98875
Task 61 100 0.61
Task 141 400 0.3525
Task 21 800 0.02625
GW 0.9975
Task 337 400 0.8425
Task 116 800 0.145
Task 8 800 0.01
GW 0.9975
Task 84 100 0.84
Task 48 400 0.12
Task 15 400 0.0375
-------------
043
-------------
3 3
GW 0.9975
Task 88 200 0.44
Task 172 400 0.43
Task 102 800 0.1275
GW 0.985
Task 58 100 0.58
Task 32 100 0.32
Task 17 200 0.085
GW 0.99375
Task 125 200 0.625
Task 43 200 0.215
Task 123 800 0.15375
-------------
044
-------------
3 3
GW 0.99
Task 97 100 0.97
Task 2 200 0.01
Task 8 800 0.01
GW 0.99625
Task 120 200 0.6
Task 51 200 0.255
Task 113 800 0.14125
GW 0.99625
Task 168 200 0.84
Task 47 400 0.1175
Task 31 800 0.03875
-------------
045
-------------
3 3
GW 0.99
Task 40 100 0.4
Task 35 100 0.35
Task 24 100 0.24
GW 0.99125
Task 97 100 0.97
Task 2 200 0.01
Task 9 800 0.01125
GW 0.99625
Task 119 200 0.595
Task 112 400 0.28
Task 97 800 0.12125
-------------
046
-------------
3 3
GW 0.99125
Task 84 100 0.84
Task 25 200 0.125
Task 21 800 0.02625
GW 0.99625
Task 127 200 0.635
Task 73 400 0.1825
Task 143 800 0.17875
GW 0.99875
Task 204 400 0.51
Task 331 800 0.41375
Task 60 800 0.075
-------------
047
-------------
3 3
GW 0.99
Task 114 200 0.57
Task 42 200 0.21
Task 42 200 0.21
GW 0.9875
Task 74 100 0.74
Task 40 200 0.2
Task 19 400 0.0475
GW 0.9975
Task 81 100 0.81
Task 101 800 0.12625
Task 49 800 0.06125
-------------
048
-------------
3 3
GW 0.9925
Task 118 200 0.59
Task 88 400 0.22
Task 73 400 0.1825
GW 0.995
Task 80 200 0.4
Task 134 400 0.335
Task 104 400 0.26
GW 0.99
Task 61 100 0.61
Task 54 200 0.27
Task 22 200 0.11
-------------
049
-------------
3 3
GW 0.9975
Task 723 800 0.90375
Task 40 800 0.05
Task 35 800 0.04375
GW 0.995
Task 38 100 0.38
Task 37 100 0.37
Task 49 200 0.245
GW 0.9925
Task 41 100 0.41
Task 68 200 0.34
Task 194 800 0.2425
-------------
050
-------------
3 3
GW 0.99
Task 51 100 0.51
Task 75 200 0.375
Task 42 400 0.105
GW 0.99625
Task 154 200 0.77
Task 77 400 0.1925
Task 27 800 0.03375
GW 0.995
Task 93 200 0.465
Task 185 400 0.4625
Task 27 400 0.0675
-------------
051
-------------
3 3
GW 0.9925
Task 65 100 0.65
Task 35 200 0.175
Task 67 400 0.1675
GW 0.99
Task 56 100 0.56
Task 267 800 0.33375
Task 77 800 0.09625
GW 0.99
Task 73 100 0.73
Task 89 400 0.2225
Task 15 400 0.0375
-------------
052
-------------
3 3
GW 0.9975
Task 95 100 0.95
Task 24 800 0.03
Task 14 800 0.0175
GW 0.99875
Task 195 400 0.4875
Task 307 800 0.38375
Task 102 800 0.1275
GW 0.9925
Task 100 200 0.5
Task 52 200 0.26
Task 93 400 0.2325
-------------
053
-------------
3 3
GW 0.9925
Task 129 200 0.645
Task 62 200 0.31
Task 30 800 0.0375
GW 0.9925
Task 63 100 0.63
Task 70 200 0.35
Task 5 400 0.0125
GW 0.9925
Task 81 100 0.81
Task 15 100 0.15
Task 13 400 0.0325
-------------
054
-------------
3 3
GW 0.985
Task 52 100 0.52
Task 42 100 0.42
Task 9 200 0.045
GW 0.995
Task 138 200 0.69
Task 110 400 0.275
Task 24 800 0.03
GW 0.995
Task 83 100 0.83
Task 29 200 0.145
Task 16 800 0.02
-------------
055
-------------
3 3
GW 0.995
Task 155 200 0.775
Task 70 400 0.175
Task 18 400 0.045
GW 0.9925
Task 72 100 0.72
Task 26 100 0.26
Task 10 800 0.0125
GW 0.985
Task 68 100 0.68
Task 28 100 0.28
Task 5 200 0.025
-------------
056
-------------
3 3
GW 0.99125
Task 54 100 0.54
Task 169 400 0.4225
Task 23 800 0.02875
GW 0.9875
Task 53 100 0.53
Task 34 100 0.34
Task 47 400 0.1175
GW 0.99125
Task 45 100 0.45
Task 91 200 0.455
Task 69 800 0.08625
-------------
057
-------------
3 3
GW 0.98
Task 75 100 0.75
Task 12 100 0.12
Task 44 400 0.11
GW 0.9925
Task 126 200 0.63
Task 45 200 0.225
Task 55 400 0.1375
GW 0.9875
Task 52 100 0.52
Task 138 400 0.345
Task 49 400 0.1225
-------------
058
-------------
3 3
GW 0.9925
Task 156 200 0.78
Task 24 200 0.12
Task 37 400 0.0925
GW 0.9975
Task 377 400 0.9425
Task 13 400 0.0325
Task 9 400 0.0225
GW 0.985
Task 52 100 0.52
Task 45 100 0.45
Task 6 400 0.015
-------------
059
-------------
3 3
GW 0.9975
Task 159 200 0.795
Task 70 400 0.175
Task 11 400 0.0275
GW 0.99375
Task 50 100 0.5
Task 309 800 0.38625
Task 86 800 0.1075
GW 0.99375
Task 57 100 0.57
Task 80 200 0.4
Task 19 800 0.02375
-------------
060
-------------
3 3
GW 0.985
Task 85 100 0.85
Task 7 100 0.07
Task 26 400 0.065
GW 0.985
Task 88 100 0.88
Task 9 100 0.09
Task 3 200 0.015
GW 0.995
Task 178 200 0.89
Task 32 400 0.08
Task 20 800 0.025
-------------
061
-------------
3 3
GW 0.9925
Task 97 200 0.485
Task 195 400 0.4875
Task 8 400 0.02
GW 0.985
Task 55 100 0.55
Task 26 100 0.26
Task 35 200 0.175
GW 0.995
Task 47 100 0.47
Task 132 400 0.33
Task 78 400 0.195
-------------
062
-------------
3 3
GW 0.9925
Task 61 100 0.61
Task 55 200 0.275
Task 86 800 0.1075
GW 0.9875
Task 75 100 0.75
Task 17 100 0.17
Task 27 400 0.0675
GW 0.9975
Task 46 100 0.46
Task 144 400 0.36
Task 142 800 0.1775
-------------
063
-------------
3 3
GW 0.99875
Task 115 200 0.575
Task 182 800 0.2275
Task 157 800 0.19625
GW 0.98625
Task 78 100 0.78
Task 17 100 0.17
Task 29 800 0.03625
GW 0.99625
Task 82 100 0.82
Task 55 400 0.1375
Task 31 800 0.03875
-------------
064
-------------
3 3
GW 0.99
Task 81 100 0.81
Task 67 400 0.1675
Task 5 400 0.0125
GW 0.9925
Task 55 100 0.55
Task 49 200 0.245
Task 158 800 0.1975
GW 0.99
Task 60 100 0.6
Task 37 100 0.37
Task 8 400 0.02
-------------
065
-------------
3 3
GW 0.9925
Task 56 100 0.56
Task 71 200 0.355
Task 31 400 0.0775
GW 0.99375
Task 54 100 0.54
Task 338 800 0.4225
Task 25 800 0.03125
GW 0.99
Task 51 100 0.51
Task 76 200 0.38
Task 20 200 0.1
-------------
066
-------------
3 3
GW 0.98875
Task 56 100 0.56
Task 40 100 0.4
Task 23 800 0.02875
GW 0.99625
Task 226 400 0.565
Task 320 800 0.4
Task 25 800 0.03125
GW 0.9925
Task 47 100 0.47
Task 129 400 0.3225
Task 80 400 0.2
-------------
067
-------------
3 3
GW 0.9875
Task 66 100 0.66
Task 47 200 0.235
Task 37 400 0.0925
GW 0.995
Task 86 100 0.86
Task 17 200 0.085
Task 20 400 0.05
GW 0.995
Task 119 200 0.595
Task 105 400 0.2625
Task 55 400 0.1375
-------------
068
-------------
3 3
GW 0.995
Task 114 200 0.57
Task 50 200 0.25
Task 70 400 0.175
GW 0.985
Task 78 100 0.78
Task 13 100 0.13
Task 15 200 0.075
GW 0.9975
Task 311 400 0.7775
Task 158 800 0.1975
Task 18 800 0.0225
-------------
069
-------------
3 3
GW 0.99875
Task 158 200 0.79
Task 87 800 0.10875
Task 80 800 0.1
GW 0.99625
Task 193 400 0.4825
Task 150 400 0.375
Task 111 800 0.13875
GW 0.9925
Task 99 200 0.495
Task 80 200 0.4
Task 39 400 0.0975
-------------
070
-------------
3 3
GW 0.98875
Task 54 100 0.54
Task 74 200 0.37
Task 63 800 0.07875
GW 0.985
Task 90 100 0.9
Task 6 100 0.06
Task 5 200 0.025
GW 0.995
Task 93 100 0.93
Task 11 200 0.055
Task 4 400 0.01
-------------
071
-------------
3 3
GW 0.995
Task 186 200 0.93
Task 18 400 0.045
Task 16 800 0.02
GW 0.99625
Task 104 200 0.52
Task 174 400 0.435
Task 33 800 0.04125
GW 0.99375
Task 79 100 0.79
Task 38 200 0.19
Task 11 800 0.01375
-------------
072
-------------
3 3
GW 0.9975
Task 58 100 0.58
Task 141 400 0.3525
Task 26 400 0.065
GW 0.9925
Task 85 100 0.85
Task 79 800 0.09875
Task 35 800 0.04375
GW 0.99625
Task 203 400 0.5075
Task 154 400 0.385
Task 83 800 0.10375
-------------
073
-------------
3 3
GW 0.99
Task 92 100 0.92
Task 11 200 0.055
Task 6 400 0.015
GW 0.9925
Task 90 100 0.9
Task 51 800 0.06375
Task 23 800 0.02875
GW 0.995
Task 139 200 0.695
Task 53 200 0.265
Task 14 400 0.035
-------------
074
-------------
3 3
GW 0.9875
Task 50 100 0.5
Task 111 400 0.2775
Task 84 400 0.21
GW 0.9875
Task 45 100 0.45
Task 33 100 0.33
Task 166 800 0.2075
GW 0.99375
Task 44 100 0.44
Task 58 200 0.29
Task 211 800 0.26375
-------------
075
-------------
3 3
GW 0.99625
Task 47 100 0.47
Task 167 400 0.4175
Task 87 800 0.10875
GW 0.985
Task 64 100 0.64
Task 67 200 0.335
Task 2 200 0.01
GW 0.985
Task 41 100 0.41
Task 34 100 0.34
Task 47 200 0.235
-------------
076
-------------
3 3
GW 0.9925
Task 131 200 0.655
Task 35 200 0.175
Task 65 400 0.1625
GW 0.99
Task 45 100 0.45
Task 40 100 0.4
Task 28 200 0.14
GW 0.995
Task 103 200 0.515
Task 85 200 0.425
Task 22 400 0.055
-------------
077
-------------
3 3
GW 0.9975
Task 167 200 0.835
Task 49 400 0.1225
Task 16 400 0.04
GW 0.9975
Task 375 800 0.46875
Task 227 800 0.28375
Task 196 800 0.245
GW 0.99
Task 73 100 0.73
Task 76 400 0.19
Task 28 400 0.07
-------------
078
-------------
3 3
GW 0.99625
Task 97 200 0.485
Task 180 400 0.45
Task 49 800 0.06125
GW 0.98
Task 60 100 0.6
Task 26 100 0.26
Task 24 200 0.12
GW 0.99875
Task 95 100 0.95
Task 26 800 0.0325
Task 13 800 0.01625
-------------
079
-------------
3 3
GW 0.995
Task 64 100 0.64
Task 45 200 0.225
Task 26 200 0.13
GW 0.99
Task 50 100 0.5
Task 33 100 0.33
Task 64 400 0.16
GW 0.9875
Task 46 100 0.46
Task 35 100 0.35
Task 71 400 0.1775
-------------
080
-------------
3 3
GW 0.99
Task 148 200 0.74
Task 47 200 0.235
Task 6 400 0.015
GW 0.9875
Task 57 100 0.57
Task 30 100 0.3
Task 47 400 0.1175
GW 0.99875
Task 145 200 0.725
Task 170 800 0.2125
Task 49 800 0.06125
-------------
081
-------------
3 3
GW 0.9925
Task 60 100 0.6
Task 56 200 0.28
Task 90 800 0.1125
GW 0.99
Task 56 100 0.56
Task 40 100 0.4
Task 24 800 0.03
GW 0.99625
Task 349 400 0.8725
Task 25 400 0.0625
Task 49 800 0.06125
-------------
082
-------------
3 3
GW 0.9975
Task 64 100 0.64
Task 137 400 0.3425
Task 6 400 0.015
GW 0.98625
Task 86 100 0.86
Task 14 200 0.07
Task 45 800 0.05625
GW 0.9875
Task 87 100 0.87
Task 30 400 0.075
Task 17 400 0.0425
-------------
083
-------------
3 3
GW 0.985
Task 52 100 0.52
Task 32 100 0.32
Task 58 400 0.145
GW 0.99
Task 47 100 0.47
Task 140 400 0.35
Task 68 400 0.17
GW 0.98875
Task 63 100 0.63
Task 138 400 0.345
Task 11 800 0.01375
-------------
084
-------------
3 3
GW 0.99
Task 120 200 0.6
Task 71 200 0.355
Task 7 200 0.035
GW 0.99125
Task 60 100 0.6
Task 66 200 0.33
Task 49 800 0.06125
GW 0.99375
Task 65 100 0.65
Task 66 200 0.33
Task 11 800 0.01375
-------------
085
-------------
3 3
GW 0.995
Task 63 100 0.63
Task 54 200 0.27
Task 38 400 0.095
GW 0.99125
Task 57 100 0.57
Task 180 800 0.225
Task 157 800 0.19625
GW 0.99
Task 52 100 0.52
Task 45 100 0.45
Task 8 400 0.02
-------------
086
-------------
3 3
GW 0.9975
Task 214 400 0.535
Task 206 800 0.2575
Task 164 800 0.205
GW 0.99125
Task 65 100 0.65
Task 45 200 0.225
Task 93 800 0.11625
GW 0.995
Task 90 200 0.45
Task 132 400 0.33
Task 172 800 0.215
-------------
087
-------------
3 3
GW 0.9975
Task 167 200 0.835
Task 76 800 0.095
Task 54 800 0.0675
GW 0.9925
Task 56 100 0.56
Task 98 400 0.245
Task 150 800 0.1875
GW 0.995
Task 131 200 0.655
Task 63 200 0.315
Task 5 200 0.025
-------------
088
-------------
3 3
GW 0.99625
Task 54 100 0.54
Task 98 400 0.245
Task 169 800 0.21125
GW 0.995
Task 164 200 0.82
Task 88 800 0.11
Task 52 800 0.065
GW 0.995
Task 108 200 0.54
Task 76 200 0.38
Task 15 200 0.075
-------------
089
-------------
3 3
GW 0.99625
Task 124 200 0.62
Task 170 800 0.2125
Task 131 800 0.16375
GW 0.99875
Task 262 400 0.655
Task 191 800 0.23875
Task 84 800 0.105
GW 0.9975
Task 497 800 0.62125
Task 225 800 0.28125
Task 76 800 0.095
-------------
090
-------------
3 3
GW 0.9975
Task 168 200 0.84
Task 18 200 0.09
Task 27 400 0.0675
GW 0.99125
Task 55 100 0.55
Task 43 100 0.43
Task 9 800 0.01125
GW 0.99375
Task 135 200 0.675
Task 56 200 0.28
Task 31 800 0.03875
-------------
091
-------------
3 3
GW 0.99
Task 66 100 0.66
Task 24 100 0.24
Task 18 200 0.09
GW 0.99
Task 51 100 0.51
Task 27 100 0.27
Task 21 100 0.21
GW 0.99625
Task 123 200 0.615
Task 136 400 0.34
Task 33 800 0.04125
-------------
092
-------------
3 3
GW 0.9925
Task 56 100 0.56
Task 45 200 0.225
Task 83 400 0.2075
GW 0.99375
Task 111 200 0.555
Task 200 800 0.25
Task 151 800 0.18875
GW 0.9925
Task 79 100 0.79
Task 32 200 0.16
Task 17 400 0.0425
-------------
093
-------------
3 3
GW 0.99125
Task 53 100 0.53
Task 67 200 0.335
Task 101 800 0.12625
GW 0.995
Task 51 100 0.51
Task 86 200 0.43
Task 44 800 0.055
GW 0.99375
Task 87 100 0.87
Task 18 200 0.09
Task 27 800 0.03375
-------------
094
-------------
3 3
GW 0.995
Task 63 100 0.63
Task 50 200 0.25
Task 46 400 0.115
GW 0.99375
Task 85 200 0.425
Task 71 200 0.355
Task 171 800 0.21375
GW 0.995
Task 125 200 0.625
Task 91 400 0.2275
Task 57 400 0.1425
-------------
095
-------------
3 3
GW 0.99625
Task 288 400 0.72
Task 72 400 0.18
Task 77 800 0.09625
GW 0.99
Task 96 100 0.96
Task 3 200 0.015
Task 3 200 0.015
GW 0.985
Task 74 100 0.74
Task 42 200 0.21
Task 7 200 0.035
-------------
096
-------------
3 3
GW 0.995
Task 37 100 0.37
Task 271 800 0.33875
Task 229 800 0.28625
GW 0.99875
Task 128 200 0.64
Task 67 200 0.335
Task 19 800 0.02375
GW 0.9875
Task 57 100 0.57
Task 66 200 0.33
Task 35 400 0.0875
-------------
097
-------------
3 3
GW 0.99
Task 74 100 0.74
Task 27 200 0.135
Task 46 400 0.115
GW 0.995
Task 231 400 0.5775
Task 143 400 0.3575
Task 24 400 0.06
GW 0.9925
Task 83 100 0.83
Task 20 200 0.1
Task 25 400 0.0625
-------------
098
-------------
3 3
GW 0.9925
Task 97 200 0.485
Task 79 200 0.395
Task 45 400 0.1125
GW 0.99
Task 79 100 0.79
Task 37 200 0.185
Task 3 200 0.015
GW 0.9925
Task 73 100 0.73
Task 67 400 0.1675
Task 76 800 0.095
-------------
099
-------------
3 3
GW 0.9925
Task 69 100 0.69
Task 42 200 0.21
Task 37 400 0.0925
GW 0.995
Task 136 200 0.68
Task 92 400 0.23
Task 34 400 0.085
GW 0.995
Task 69 100 0.69
Task 22 100 0.22
Task 34 400 0.085
-------------
100
-------------
