Meet_R
NOFLD	myOFLD	AOFLDC	SeGW
1	1	0.679668	0.970597	
1	0.993576	0.731788	0.932033	
0.629517	0.959365	0.709703	0.833228	
1	1	0.512631	0.950501	
1	0.997409	0.54372	0.884331	
0.711705	0.962828	0.555181	0.817296	
1	1	0.362954	0.934817	
1	0.998828	0.333395	0.871544	
0.76936	0.974804	0.404736	0.796684	
1	1	0.270198	0.920475	
1	0.999216	0.264779	0.838846	
0.79954	0.972549	0.235688	0.767607	
1	1	0.122624	0.908251	
1	0.999712	0.128354	0.791956	
0.829817	0.978998	0.131935	0.730199	
1	1	0.0739982	0.912209	
1	0.999625	0.0811868	0.759639	
0.857101	0.979259	0.0819584	0.703883	


Energy
NOFLD	myOFLD	AOFLDC	SeGW
12334.2	9571.73	9739.74	11016	
17535.2	9817.29	9668.05	12094.6	
17608.8	10449.5	9714.37	12721.6	
12310.1	9776.94	9996.73	11239	
17515.4	10287.3	9962.53	12304.8	
17608.8	10673	9953.03	13067.8	
12284.1	10185.8	10150.9	11481.6	
17487	10540.7	10172	12482.8	
17608.8	11107.1	10158.4	13433.9	
12252.9	10412.5	10216.7	11655	
17460.7	11004	10214	12943	
17608.8	11720.4	10236.2	13764.4	
12174.2	10850	10251.7	11867.3	
17395.8	11714.1	10247.1	13546.8	
17608.8	12183	10246.4	13927.4	
12069.5	11071.8	10255.5	11885.6	
17331.8	12185.6	10246.1	13880.1	
17608.8	12732.3	10246.1	14199.8	


Resp
NOFLD	myOFLD	AOFLDC	SeGW
573860	537110	862495	616213	
1433970	912367	963879	858035	
749450	1249675	1038540	980332	
661040	619999	963327	764553	
1686440	1102993	981398	966570	
1071110	1532608	1037011	1171234	
745100	708411	909197	930569	
1843965	1201607	842088	1184583	
1342905	1819555	975209	1368841	
842050	827411	852014	1074248	
2086245	1434209	842047	1412723	
1575090	2013725	759206	1579710	
1033565	1068239	595291	1409725	
2501300	1834704	584308	1769201	
2058425	2533168	564472	1944515	
1256175	1342816	504515	1700036	
2895315	2240867	481393	2194339	
2572145	3160805	448551	2393335	


CloudEng
NOFLD	myOFLD	AOFLDC	SeGW
0	63618	143884	41519	
0	219193	271475	163364	
0	353401	392744	282381	
0	53470	135876	32522	
0	200845	245099	147577	
0	342006	356573	262264	
0	40664	127294	22438	
0	182279	199660	142406	
0	325630	288686	244232	
0	30801	115069	14453	
0	163925	185153	122902	
0	295849	238740	226228	
0	10782	96101	3956	
0	132700	159217	92901	
0	275729	199178	213633	
0	0	72897	0	
0	114190	132421	75605	
0	250398	171256	194046	


FogEng
NOFLD	myOFLD	AOFLDC	SeGW
3601	4780	3601	3601	
3601	4999	3601	3601	
3601	4965	3601	3601	
3601	4852	3601	3601	
3601	5125	3601	3601	
3601	5215	3601	3601	
3601	4751	3601	3601	
3601	5385	3601	3601	
3601	5470	3601	3601	
3601	4805	3601	3601	
3601	5533	3601	3601	
3601	5696	3601	3601	
3601	4865	3601	3601	
3601	5782	3601	3601	
3601	5777	3601	3601	
3601	4836	3601	3601	
3601	5806	3601	3601	
3601	6023	3601	3601	


GW_Eng
GW1	GW2	GW3
9524.12	9619.33	9561.83
9872.53	9762.05	10000.4
10229.9	10669.1	9931.29
9666.39	9887.5	9705.84
10458.6	10116	10251.1
10576.5	10769.6	10430.8
10175	10196.5	9503.4
10445.7	10635.7	10771.9
11083.7	11130.4	10941.5
10428	10397	9611.64
11003.6	11004.4	11066.9
11694.5	11746.3	11394.4
10801.5	10898.5	9731.01
11668.6	11759.7	11565.2
12131.1	12234.8	11556.1
11037.2	11106.4	9672.85
12226.1	12145	11614.6
12892	12572.7	12047.5


