Meet_R
NOFLD	myOFLD	AOFLDC	SeGW
1	1	0.832634	0.975374	
1	0.998257	0.875845	0.941362	
0.629517	0.990682	0.877743	0.857929	
0.509829	0.960434	0.882342	0.842577	
1	1	0.721533	0.954349	
1	0.998999	0.7679	0.898474	
0.711705	0.985213	0.744927	0.846592	
0.585643	0.949138	0.726222	0.801669	
1	1	0.586926	0.939869	
1	0.998871	0.551984	0.888135	
0.76936	0.991997	0.624443	0.826313	
0.654532	0.938983	0.555447	0.764426	
1	1	0.451243	0.922766	
1	0.999809	0.452076	0.858945	
0.79954	0.991768	0.418325	0.796462	
0.710735	0.955437	0.44359	0.737041	
1	1	0.230728	0.909481	
1	0.998937	0.23989	0.810242	
0.829817	0.990241	0.249845	0.759115	
0.767373	0.959011	0.245158	0.697692	
1	1	0.125967	0.912209	
1	0.999818	0.15599	0.767914	
0.857101	0.99156	0.16006	0.733209	
0.786726	0.955877	0.146366	0.656726	


Energy
NOFLD	myOFLD	AOFLDC	SeGW
12334.2	9528.17	9621.95	10997.1	
17535.2	9683.35	9544.29	12041.1	
17608.8	9948.11	9610.54	12742.8	
17608.8	9882.36	9509.92	11916.1	
12310.1	9743.74	10018.9	11226.2	
17515.4	10137	10002.6	12291	
17608.8	10515.4	9965.68	13095.4	
17608.8	10841.6	10032.4	13188.7	
12284.1	10151	10304.7	11474.8	
17487	10418	10334	12469	
17608.8	10875.6	10305.2	13504.5	
17608.8	11691.6	10320.7	13820.8	
12252.9	10387.9	10413.9	11650.5	
17460.7	10925.8	10430	12955.3	
17608.8	11608.3	10460.1	13849.3	
17608.8	11766.5	10464.9	14038.8	
12174.2	10839.6	10509.9	11866.9	
17395.8	11641.4	10500.3	13580.8	
17608.8	12054.8	10507.3	14015.2	
17608.8	12372.7	10502	14531.8	
12069.5	11071.8	10497.8	11885.6	
17331.8	12102.6	10505.1	13882.6	
17608.8	12638.3	10510.5	14301	
17608.8	13072.8	10514.9	14726.7	


Resp
NOFLD	myOFLD	AOFLDC	SeGW
573860	507031	889822	598917	
1433970	826176	986302	811442	
749450	1160786	1124108	927895	
639355	1355301	1261983	1073492	
661040	590828	1194595	746436	
1686440	987820	1310018	917438	
1071110	1387199	1286506	1112808	
891925	1726392	1386525	1315491	
745100	683958	1439011	918309	
1843965	1089054	1345533	1127179	
1342905	1606803	1506818	1311156	
1243230	2013063	1374914	1447170	
842050	804753	1390989	1061141	
2086245	1312736	1380096	1366375	
1575090	1867313	1279328	1517477	
1505935	2321412	1377262	1641775	
1033565	1060490	1008002	1406081	
2501300	1728037	993837	1742760	
2058425	2297318	1050687	1873071	
2095065	2883735	1037289	2014019	
1256175	1342936	664958	1700036	
2895315	2115402	786487	2116274	
2572145	2916624	794636	2314196	
2663530	3499858	758973	2535055	


CloudEng
NOFLD	myOFLD	AOFLDC	SeGW
0	63618	152026	41519	
0	219190	296961	163364	
0	376942	429152	282403	
0	527546	572089	458104	
0	53470	147369	32522	
0	200845	281214	147577	
0	350726	411838	262264	
0	495513	521640	400864	
0	40664	141039	22438	
0	182279	239533	142406	
0	333279	362056	244232	
0	452930	455289	363492	
0	30801	134759	14453	
0	163925	227085	122902	
0	300216	302565	226228	
0	444750	382688	343123	
0	10782	119371	3956	
0	132700	196188	92901	
0	279808	244997	213633	
0	412178	309372	306939	
0	0	96782	0	
0	114190	168047	75605	
0	254131	210784	194046	
0	385461	258481	294436	


FogEng
NOFLD	myOFLD	AOFLDC	SeGW
3601	4770	3601	3601	
3601	5002	3601	3601	
3601	4948	3601	3601	
3601	4536	3601	3601	
3601	4839	3601	3601	
3601	5112	3601	3601	
3601	5240	3601	3601	
3601	4925	3601	3601	
3601	4750	3601	3601	
3601	5379	3601	3601	
3601	5434	3601	3601	
3601	5412	3601	3601	
3601	4802	3601	3601	
3601	5498	3601	3601	
3601	5684	3601	3601	
3601	5667	3601	3601	
3601	4865	3601	3601	
3601	5759	3601	3601	
3601	5759	3601	3601	
3601	5918	3601	3601	
3601	4836	3601	3601	
3601	5799	3601	3601	
3601	6017	3601	3601	
3601	6096	3601	3601	


GW_Eng
GW1	GW2	GW3
9473.32	9583.03	9542.48
9725.71	9641	10005.3
9836.51	10059.7	9898.01
9894.98	9869.75	9073.55
9635.47	9852.01	9679.89
10325.1	9948.83	10225.8
10391.2	10639.7	10481.5
10963.2	10720	9851.67
10141.4	10160.6	9502.08
10366.1	10469.9	10760.6
10898.6	10852.7	10870.1
11799.2	11584	10825.5
10401.3	10374.4	9604.99
10960.5	10891.2	10997.4
11649.3	11567.3	11370.3
11711.6	11821.4	11336.1
10789.6	10889.6	9731.01
11667.5	11615.4	11520.2
12005.3	12104.3	11519.1
12331.5	12413.9	11837.8
11037.2	11106.4	9672.85
12208.7	11996.6	11599.2
12753.2	12523.4	12036.6
13128.3	13017.4	12192.6


