GW 0.48375
Task 20 100 0.2
Task 13 200 0.065
Task 24 400 0.06
Task 21 400 0.0525
Task 43 800 0.05375
Task 42 800 0.0525
GW 0.49
Task 24 100 0.24
Task 5 100 0.05
Task 10 200 0.05
Task 10 200 0.05
Task 20 400 0.05
Task 40 800 0.05
GW 0
-------------
001
-------------
GW 0.49
Task 15 100 0.15
Task 12 100 0.12
Task 6 100 0.06
Task 12 200 0.06
Task 20 400 0.05
Task 20 400 0.05
GW 0.48
Task 15 100 0.15
Task 21 200 0.105
Task 14 200 0.07
Task 21 400 0.0525
Task 42 800 0.0525
Task 40 800 0.05
GW 0
-------------
002
-------------
GW 0.49375
Task 12 100 0.12
Task 36 400 0.09
Task 31 400 0.0775
Task 60 800 0.075
Task 58 800 0.0725
Task 47 800 0.05875
GW 0.47875
Task 15 100 0.15
Task 7 100 0.07
Task 14 200 0.07
Task 14 200 0.07
Task 25 400 0.0625
Task 45 800 0.05625
GW 0
-------------
003
-------------
GW 0.4875
Task 13 100 0.13
Task 21 200 0.105
Task 27 400 0.0675
Task 55 800 0.06875
Task 53 800 0.06625
Task 40 800 0.05
GW 0.495
Task 15 100 0.15
Task 12 100 0.12
Task 6 100 0.06
Task 24 400 0.06
Task 43 800 0.05375
Task 41 800 0.05125
GW 0
-------------
004
-------------
GW 0.485
Task 14 100 0.14
Task 10 100 0.1
Task 34 400 0.085
Task 48 800 0.06
Task 40 800 0.05
Task 40 800 0.05
GW 0.49
Task 22 100 0.22
Task 6 100 0.06
Task 11 200 0.055
Task 21 400 0.0525
Task 41 800 0.05125
Task 41 800 0.05125
GW 0
-------------
005
-------------
GW 0.48125
Task 9 100 0.09
Task 19 200 0.095
Task 19 200 0.095
Task 35 400 0.0875
Task 23 400 0.0575
Task 45 800 0.05625
GW 0.4875
Task 22 100 0.22
Task 6 100 0.06
Task 5 100 0.05
Task 11 200 0.055
Task 21 400 0.0525
Task 40 800 0.05
GW 0
-------------
006
-------------
GW 0.495
Task 11 100 0.11
Task 19 200 0.095
Task 33 400 0.0825
Task 29 400 0.0725
Task 55 800 0.06875
Task 53 800 0.06625
GW 0.49
Task 15 100 0.15
Task 17 200 0.085
Task 14 200 0.07
Task 27 400 0.0675
Task 25 400 0.0625
Task 22 400 0.055
GW 0
-------------
007
-------------
GW 0.49
Task 45 200 0.225
Task 13 200 0.065
Task 10 200 0.05
Task 10 200 0.05
Task 20 400 0.05
Task 40 800 0.05
GW 0.485
Task 14 100 0.14
Task 27 200 0.135
Task 12 200 0.06
Task 20 400 0.05
Task 40 800 0.05
Task 40 800 0.05
GW 0
-------------
008
-------------
GW 0.4925
Task 30 200 0.15
Task 42 400 0.105
Task 34 400 0.085
Task 21 400 0.0525
Task 20 400 0.05
Task 40 800 0.05
GW 0.495
Task 33 200 0.165
Task 26 200 0.13
Task 10 200 0.05
Task 10 200 0.05
Task 40 800 0.05
Task 40 800 0.05
GW 0
-------------
009
-------------
GW 0.48875
Task 34 200 0.17
Task 15 200 0.075
Task 14 200 0.07
Task 27 400 0.0675
Task 22 400 0.055
Task 41 800 0.05125
GW 0.49
Task 14 100 0.14
Task 14 100 0.14
Task 12 200 0.06
Task 10 200 0.05
Task 20 400 0.05
Task 20 400 0.05
GW 0
-------------
010
-------------
GW 0.49
Task 13 100 0.13
Task 8 100 0.08
Task 32 400 0.08
Task 31 400 0.0775
Task 52 800 0.065
Task 46 800 0.0575
GW 0.4875
Task 18 100 0.18
Task 9 100 0.09
Task 12 200 0.06
Task 23 400 0.0575
Task 40 800 0.05
Task 40 800 0.05
GW 0
-------------
011
-------------
GW 0.49
Task 23 100 0.23
Task 6 100 0.06
Task 10 200 0.05
Task 20 400 0.05
Task 40 800 0.05
Task 40 800 0.05
GW 0.4825
Task 17 100 0.17
Task 16 200 0.08
Task 28 400 0.07
Task 23 400 0.0575
Task 22 400 0.055
Task 40 800 0.05
GW 0
-------------
012
-------------
GW 0.48
Task 21 100 0.21
Task 7 100 0.07
Task 10 200 0.05
Task 20 400 0.05
Task 40 800 0.05
Task 40 800 0.05
GW 0.48875
Task 23 100 0.23
Task 22 400 0.055
Task 21 400 0.0525
Task 20 400 0.05
Task 41 800 0.05125
Task 40 800 0.05
GW 0
-------------
013
-------------
GW 0.48625
Task 17 100 0.17
Task 8 100 0.08
Task 13 200 0.065
Task 25 400 0.0625
Task 23 400 0.0575
Task 41 800 0.05125
GW 0.485
Task 23 100 0.23
Task 11 200 0.055
Task 10 200 0.05
Task 20 400 0.05
Task 20 400 0.05
Task 40 800 0.05
GW 0
-------------
014
-------------
GW 0.48625
Task 22 100 0.22
Task 11 200 0.055
Task 11 200 0.055
Task 21 400 0.0525
Task 42 800 0.0525
Task 41 800 0.05125
GW 0.49
Task 22 100 0.22
Task 12 200 0.06
Task 11 200 0.055
Task 22 400 0.055
Task 20 400 0.05
Task 40 800 0.05
GW 0
-------------
015
-------------
GW 0.49
Task 45 200 0.225
Task 13 200 0.065
Task 10 200 0.05
Task 20 400 0.05
Task 40 800 0.05
Task 40 800 0.05
GW 0.4875
Task 20 100 0.2
Task 15 200 0.075
Task 12 200 0.06
Task 21 400 0.0525
Task 40 800 0.05
Task 40 800 0.05
GW 0
-------------
016
-------------
GW 0.4825
Task 20 100 0.2
Task 12 200 0.06
Task 12 200 0.06
Task 44 800 0.055
Task 43 800 0.05375
Task 43 800 0.05375
GW 0.48
Task 21 100 0.21
Task 14 200 0.07
Task 10 200 0.05
Task 10 200 0.05
Task 20 400 0.05
Task 40 800 0.05
GW 0
-------------
017
-------------
GW 0.48
Task 17 100 0.17
Task 18 200 0.09
Task 14 200 0.07
Task 10 200 0.05
Task 20 400 0.05
Task 40 800 0.05
GW 0.48375
Task 18 100 0.18
Task 15 200 0.075
Task 27 400 0.0675
Task 22 400 0.055
Task 45 800 0.05625
Task 40 800 0.05
GW 0
-------------
018
-------------
GW 0.485
Task 19 100 0.19
Task 7 100 0.07
Task 7 100 0.07
Task 11 200 0.055
Task 20 400 0.05
Task 20 400 0.05
GW 0.4875
Task 14 100 0.14
Task 9 100 0.09
Task 8 100 0.08
Task 31 400 0.0775
Task 20 400 0.05
Task 40 800 0.05
GW 0
-------------
019
-------------
GW 0.48875
Task 12 100 0.12
Task 11 100 0.11
Task 18 200 0.09
Task 12 200 0.06
Task 11 200 0.055
Task 43 800 0.05375
GW 0.4825
Task 21 100 0.21
Task 12 200 0.06
Task 11 200 0.055
Task 11 200 0.055
Task 41 800 0.05125
Task 41 800 0.05125
GW 0
-------------
020
-------------
GW 0.48125
Task 17 100 0.17
Task 10 100 0.1
Task 6 100 0.06
Task 5 100 0.05
Task 20 400 0.05
Task 41 800 0.05125
GW 0.485
Task 14 100 0.14
Task 29 200 0.145
Task 10 200 0.05
Task 20 400 0.05
Task 20 400 0.05
Task 40 800 0.05
GW 0
-------------
021
-------------
GW 0.49
Task 24 100 0.24
Task 5 100 0.05
Task 5 100 0.05
Task 5 100 0.05
Task 10 200 0.05
Task 20 400 0.05
GW 0.4925
Task 54 400 0.135
Task 36 400 0.09
Task 30 400 0.075
Task 27 400 0.0675
Task 25 400 0.0625
Task 50 800 0.0625
GW 0
-------------
022
-------------
GW 0.49
Task 17 100 0.17
Task 19 200 0.095
Task 23 400 0.0575
Task 23 400 0.0575
Task 46 800 0.0575
Task 42 800 0.0525
GW 0.4925
Task 13 100 0.13
Task 23 200 0.115
Task 19 200 0.095
Task 21 400 0.0525
Task 20 400 0.05
Task 40 800 0.05
GW 0
-------------
023
-------------
GW 0.4875
Task 15 100 0.15
Task 11 100 0.11
Task 12 200 0.06
Task 25 400 0.0625
Task 21 400 0.0525
Task 42 800 0.0525
GW 0.48125
Task 23 100 0.23
Task 5 100 0.05
Task 10 200 0.05
Task 20 400 0.05
Task 41 800 0.05125
Task 40 800 0.05
GW 0
-------------
024
-------------
GW 0.49
Task 23 100 0.23
Task 12 200 0.06
Task 10 200 0.05
Task 20 400 0.05
Task 40 800 0.05
Task 40 800 0.05
GW 0.49
Task 22 100 0.22
Task 14 200 0.07
Task 10 200 0.05
Task 10 200 0.05
Task 20 400 0.05
Task 40 800 0.05
GW 0
-------------
025
-------------
GW 0.48625
Task 13 100 0.13
Task 18 200 0.09
Task 15 200 0.075
Task 61 800 0.07625
Task 48 800 0.06
Task 44 800 0.055
GW 0.485
Task 11 100 0.11
Task 23 200 0.115
Task 39 400 0.0975
Task 45 800 0.05625
Task 43 800 0.05375
Task 42 800 0.0525
GW 0
-------------
026
-------------
GW 0.4925
Task 23 100 0.23
Task 12 200 0.06
Task 21 400 0.0525
Task 20 400 0.05
Task 40 800 0.05
Task 40 800 0.05
GW 0.475
Task 19 100 0.19
Task 8 100 0.08
Task 11 200 0.055
Task 10 200 0.05
Task 10 200 0.05
Task 40 800 0.05
GW 0
-------------
027
-------------
GW 0.49125
Task 20 100 0.2
Task 14 200 0.07
Task 13 200 0.065
Task 21 400 0.0525
Task 42 800 0.0525
Task 41 800 0.05125
GW 0.4775
Task 16 100 0.16
Task 8 100 0.08
Task 14 200 0.07
Task 12 200 0.06
Task 11 200 0.055
Task 21 400 0.0525
GW 0
-------------
028
-------------
GW 0.4875
Task 19 100 0.19
Task 14 200 0.07
Task 26 400 0.065
Task 22 400 0.055
Task 22 400 0.055
Task 42 800 0.0525
GW 0.495
Task 36 200 0.18
Task 20 200 0.1
Task 12 200 0.06
Task 22 400 0.055
Task 40 800 0.05
Task 40 800 0.05
GW 0
-------------
029
-------------
GW 0.49375
Task 15 100 0.15
Task 40 400 0.1
Task 33 400 0.0825
Task 24 400 0.06
Task 20 400 0.05
Task 41 800 0.05125
GW 0.4925
Task 38 200 0.19
Task 32 400 0.08
Task 29 400 0.0725
Task 20 400 0.05
Task 20 400 0.05
Task 40 800 0.05
GW 0
-------------
030
-------------
GW 0.48875
Task 13 100 0.13
Task 23 200 0.115
Task 28 400 0.07
Task 25 400 0.0625
Task 49 800 0.06125
Task 40 800 0.05
GW 0.47
Task 11 100 0.11
Task 10 100 0.1
Task 8 100 0.08
Task 13 200 0.065
Task 12 200 0.06
Task 11 200 0.055
GW 0
-------------
031
-------------
GW 0.4875
Task 11 100 0.11
Task 21 200 0.105
Task 18 200 0.09
Task 16 200 0.08
Task 21 400 0.0525
Task 40 800 0.05
GW 0.48
Task 12 100 0.12
Task 9 100 0.09
Task 9 100 0.09
Task 27 400 0.0675
Task 24 400 0.06
Task 42 800 0.0525
GW 0
-------------
032
-------------
GW 0.47375
Task 12 100 0.12
Task 12 100 0.12
Task 6 100 0.06
Task 26 400 0.065
Task 44 800 0.055
Task 43 800 0.05375
GW 0.49
Task 46 200 0.23
Task 12 200 0.06
Task 20 400 0.05
Task 20 400 0.05
Task 40 800 0.05
Task 40 800 0.05
GW 0
-------------
033
-------------
GW 0.47125
Task 15 100 0.15
Task 9 100 0.09
Task 7 100 0.07
Task 6 100 0.06
Task 5 100 0.05
Task 41 800 0.05125
GW 0.4775
Task 18 100 0.18
Task 7 100 0.07
Task 13 200 0.065
Task 11 200 0.055
Task 45 800 0.05625
Task 41 800 0.05125
GW 0
-------------
034
-------------
GW 0.475
Task 19 100 0.19
Task 6 100 0.06
Task 13 200 0.065
Task 22 400 0.055
Task 21 400 0.0525
Task 42 800 0.0525
GW 0.4875
Task 16 100 0.16
Task 25 200 0.125
Task 21 400 0.0525
Task 20 400 0.05
Task 40 800 0.05
Task 40 800 0.05
GW 0
-------------
035
-------------
GW 0.4875
Task 15 100 0.15
Task 10 100 0.1
Task 15 200 0.075
Task 22 400 0.055
Task 22 400 0.055
Task 21 400 0.0525
GW 0.49
Task 24 100 0.24
Task 5 100 0.05
Task 10 200 0.05
Task 10 200 0.05
Task 20 400 0.05
Task 40 800 0.05
GW 0
-------------
036
-------------
GW 0.4825
Task 21 100 0.21
Task 6 100 0.06
Task 11 200 0.055
Task 45 800 0.05625
Task 41 800 0.05125
Task 40 800 0.05
GW 0.49125
Task 25 200 0.125
Task 22 200 0.11
Task 36 400 0.09
Task 26 400 0.065
Task 41 800 0.05125
Task 40 800 0.05
GW 0
-------------
037
-------------
GW 0.4825
Task 23 100 0.23
Task 5 100 0.05
Task 21 400 0.0525
Task 20 400 0.05
Task 40 800 0.05
Task 40 800 0.05
GW 0.485
Task 14 100 0.14
Task 12 100 0.12
Task 14 200 0.07
Task 11 200 0.055
Task 20 400 0.05
Task 20 400 0.05
GW 0
-------------
038
-------------
GW 0.485
Task 19 100 0.19
Task 29 400 0.0725
Task 29 400 0.0725
Task 40 800 0.05
Task 40 800 0.05
Task 40 800 0.05
GW 0.4875
Task 19 100 0.19
Task 7 100 0.07
Task 7 100 0.07
Task 11 200 0.055
Task 42 800 0.0525
Task 40 800 0.05
GW 0
-------------
039
-------------
GW 0.49
Task 31 200 0.155
Task 18 200 0.09
Task 15 200 0.075
Task 25 400 0.0625
Task 22 400 0.055
Task 21 400 0.0525
GW 0.49
Task 19 100 0.19
Task 9 100 0.09
Task 6 100 0.06
Task 5 100 0.05
Task 10 200 0.05
Task 20 400 0.05
GW 0
-------------
040
-------------
GW 0.495
Task 40 200 0.2
Task 19 200 0.095
Task 20 400 0.05
Task 20 400 0.05
Task 40 800 0.05
Task 40 800 0.05
GW 0.48875
Task 15 100 0.15
Task 38 400 0.095
Task 34 400 0.085
Task 45 800 0.05625
Task 41 800 0.05125
Task 41 800 0.05125
GW 0
-------------
041
-------------
GW 0.48875
Task 20 100 0.2
Task 6 100 0.06
Task 52 800 0.065
Task 49 800 0.06125
Task 42 800 0.0525
Task 40 800 0.05
GW 0.49125
Task 38 200 0.19
Task 14 200 0.07
Task 26 400 0.065
Task 24 400 0.06
Task 44 800 0.055
Task 41 800 0.05125
GW 0
-------------
042
-------------
GW 0.48
Task 21 100 0.21
Task 6 100 0.06
Task 11 200 0.055
Task 21 400 0.0525
Task 41 800 0.05125
Task 41 800 0.05125
GW 0.49
Task 15 100 0.15
Task 12 100 0.12
Task 13 200 0.065
Task 11 200 0.055
Task 20 400 0.05
Task 40 800 0.05
GW 0
-------------
043
-------------
GW 0.48875
Task 16 100 0.16
Task 16 200 0.08
Task 16 200 0.08
Task 12 200 0.06
Task 23 400 0.0575
Task 41 800 0.05125
GW 0.48625
Task 23 100 0.23
Task 5 100 0.05
Task 21 400 0.0525
Task 21 400 0.0525
Task 41 800 0.05125
Task 40 800 0.05
GW 0
-------------
044
-------------
GW 0.4925
Task 13 100 0.13
Task 38 400 0.095
Task 32 400 0.08
Task 52 800 0.065
Task 50 800 0.0625
Task 48 800 0.06
GW 0.47875
Task 13 100 0.13
Task 11 100 0.11
Task 6 100 0.06
Task 27 400 0.0675
Task 24 400 0.06
Task 41 800 0.05125
GW 0
-------------
045
-------------
GW 0.49
Task 14 100 0.14
Task 23 200 0.115
Task 14 200 0.07
Task 24 400 0.06
Task 43 800 0.05375
Task 41 800 0.05125
GW 0.48625
Task 15 100 0.15
Task 8 100 0.08
Task 15 200 0.075
Task 14 200 0.07
Task 24 400 0.06
Task 41 800 0.05125
GW 0
-------------
046
-------------
GW 0.485
Task 17 100 0.17
Task 9 100 0.09
Task 26 400 0.065
Task 23 400 0.0575
Task 21 400 0.0525
Task 40 800 0.05
GW 0.4775
Task 17 100 0.17
Task 8 100 0.08
Task 12 200 0.06
Task 50 800 0.0625
Task 42 800 0.0525
Task 42 800 0.0525
GW 0
-------------
047
-------------
GW 0.495
Task 59 400 0.1475
Task 46 400 0.115
Task 26 400 0.065
Task 24 400 0.06
Task 46 800 0.0575
Task 40 800 0.05
GW 0.4775
Task 21 100 0.21
Task 6 100 0.06
Task 5 100 0.05
Task 23 400 0.0575
Task 40 800 0.05
Task 40 800 0.05
GW 0
-------------
048
-------------
GW 0.4825
Task 20 100 0.2
Task 13 200 0.065
Task 12 200 0.06
Task 11 200 0.055
Task 21 400 0.0525
Task 40 800 0.05
GW 0.4825
Task 22 200 0.11
Task 18 200 0.09
Task 18 200 0.09
Task 30 400 0.075
Task 26 400 0.065
Task 21 400 0.0525
GW 0
-------------
049
-------------
GW 0.485
Task 12 100 0.12
Task 12 100 0.12
Task 8 100 0.08
Task 12 200 0.06
Task 22 400 0.055
Task 20 400 0.05
GW 0.48
Task 17 100 0.17
Task 8 100 0.08
Task 13 200 0.065
Task 26 400 0.065
Task 20 400 0.05
Task 40 800 0.05
GW 0
-------------
050
-------------
GW 0.49
Task 20 100 0.2
Task 9 100 0.09
Task 10 200 0.05
Task 20 400 0.05
Task 20 400 0.05
Task 40 800 0.05
GW 0.49125
Task 15 100 0.15
Task 12 100 0.12
Task 12 200 0.06
Task 22 400 0.055
Task 21 400 0.0525
Task 43 800 0.05375
GW 0
-------------
051
-------------
GW 0.495
Task 41 200 0.205
Task 18 200 0.09
Task 10 200 0.05
Task 20 400 0.05
Task 20 400 0.05
Task 40 800 0.05
GW 0.49
Task 38 200 0.19
Task 18 200 0.09
Task 11 200 0.055
Task 11 200 0.055
Task 10 200 0.05
Task 20 400 0.05
GW 0
-------------
052
-------------
GW 0.4875
Task 16 100 0.16
Task 10 100 0.1
Task 6 100 0.06
Task 23 400 0.0575
Task 47 800 0.05875
Task 41 800 0.05125
GW 0.48
Task 22 100 0.22
Task 6 100 0.06
Task 5 100 0.05
Task 10 200 0.05
Task 20 400 0.05
Task 40 800 0.05
GW 0
-------------
053
-------------
GW 0.485
Task 13 100 0.13
Task 21 200 0.105
Task 16 200 0.08
Task 12 200 0.06
Task 23 400 0.0575
Task 42 800 0.0525
GW 0.4925
Task 13 100 0.13
Task 19 200 0.095
Task 34 400 0.085
Task 33 400 0.0825
Task 20 400 0.05
Task 40 800 0.05
GW 0
-------------
054
-------------
GW 0.47
Task 19 100 0.19
Task 7 100 0.07
Task 6 100 0.06
Task 5 100 0.05
Task 10 200 0.05
Task 10 200 0.05
GW 0.49
Task 24 100 0.24
Task 10 200 0.05
Task 10 200 0.05
Task 10 200 0.05
Task 20 400 0.05
Task 40 800 0.05
GW 0
-------------
055
-------------
GW 0.485
Task 16 100 0.16
Task 17 200 0.085
Task 31 400 0.0775
Task 23 400 0.0575
Task 21 400 0.0525
Task 42 800 0.0525
GW 0.4775
Task 11 100 0.11
Task 11 100 0.11
Task 8 100 0.08
Task 13 200 0.065
Task 23 400 0.0575
Task 22 400 0.055
GW 0
-------------
056
-------------
GW 0.485
Task 17 100 0.17
Task 8 100 0.08
Task 14 200 0.07
Task 25 400 0.0625
Task 21 400 0.0525
Task 40 800 0.05
GW 0.4675
Task 9 100 0.09
Task 9 100 0.09
Task 9 100 0.09
Task 8 100 0.08
Task 6 100 0.06
Task 23 400 0.0575
GW 0
-------------
057
-------------
GW 0.485
Task 13 100 0.13
Task 8 100 0.08
Task 15 200 0.075
Task 13 200 0.065
Task 54 800 0.0675
Task 54 800 0.0675
GW 0.48
Task 20 100 0.2
Task 8 100 0.08
Task 5 100 0.05
Task 5 100 0.05
Task 10 200 0.05
Task 40 800 0.05
GW 0
-------------
058
-------------
GW 0.49
Task 11 100 0.11
Task 20 200 0.1
Task 20 200 0.1
Task 27 400 0.0675
Task 23 400 0.0575
Task 44 800 0.055
GW 0.485
Task 18 100 0.18
Task 9 100 0.09
Task 6 100 0.06
Task 11 200 0.055
Task 20 400 0.05
Task 40 800 0.05
GW 0
-------------
059
-------------
GW 0.4925
Task 22 100 0.22
Task 7 100 0.07
Task 10 200 0.05
Task 21 400 0.0525
Task 20 400 0.05
Task 40 800 0.05
GW 0.47875
Task 22 100 0.22
Task 5 100 0.05
Task 11 200 0.055
Task 21 400 0.0525
Task 41 800 0.05125
Task 40 800 0.05
GW 0
-------------
060
-------------
GW 0.485
Task 12 100 0.12
Task 10 100 0.1
Task 19 200 0.095
Task 27 400 0.0675
Task 21 400 0.0525
Task 40 800 0.05
GW 0.4875
Task 11 100 0.11
Task 22 200 0.11
Task 36 400 0.09
Task 52 800 0.065
Task 45 800 0.05625
Task 45 800 0.05625
GW 0
-------------
061
-------------
GW 0.495
Task 16 100 0.16
Task 27 200 0.135
Task 20 400 0.05
Task 20 400 0.05
Task 20 400 0.05
Task 40 800 0.05
GW 0.48375
Task 18 100 0.18
Task 6 100 0.06
Task 13 200 0.065
Task 26 400 0.065
Task 25 400 0.0625
Task 41 800 0.05125
GW 0
-------------
062
-------------
GW 0.47625
Task 21 100 0.21
Task 6 100 0.06
Task 5 100 0.05
Task 11 200 0.055
Task 10 200 0.05
Task 41 800 0.05125
GW 0.485
Task 11 100 0.11
Task 11 100 0.11
Task 17 200 0.085
Task 12 200 0.06
Task 50 800 0.0625
Task 46 800 0.0575
GW 0
-------------
063
-------------
GW 0.495
Task 40 200 0.2
Task 18 200 0.09
Task 11 200 0.055
Task 20 400 0.05
Task 40 800 0.05
Task 40 800 0.05
GW 0.4875
Task 12 100 0.12
Task 20 200 0.1
Task 18 200 0.09
Task 25 400 0.0625
Task 49 800 0.06125
Task 43 800 0.05375
GW 0
-------------
064
-------------
GW 0.48625
Task 23 200 0.115
Task 23 200 0.115
Task 18 200 0.09
Task 23 400 0.0575
Task 45 800 0.05625
Task 42 800 0.0525
GW 0.4875
Task 18 100 0.18
Task 18 200 0.09
Task 13 200 0.065
Task 21 400 0.0525
Task 20 400 0.05
Task 20 400 0.05
GW 0
-------------
065
-------------
GW 0.49125
Task 38 200 0.19
Task 32 400 0.08
Task 25 400 0.0625
Task 43 800 0.05375
Task 42 800 0.0525
Task 42 800 0.0525
GW 0.4875
Task 13 100 0.13
Task 34 400 0.085
Task 33 400 0.0825
Task 32 400 0.08
Task 44 800 0.055
Task 44 800 0.055
GW 0
-------------
066
-------------
GW 0.49
Task 20 100 0.2
Task 9 100 0.09
Task 10 200 0.05
Task 20 400 0.05
Task 40 800 0.05
Task 40 800 0.05
GW 0.485
Task 11 100 0.11
Task 11 100 0.11
Task 19 200 0.095
Task 13 200 0.065
Task 22 400 0.055
Task 20 400 0.05
GW 0
-------------
067
-------------
GW 0.49
Task 24 100 0.24
Task 10 200 0.05
Task 20 400 0.05
Task 20 400 0.05
Task 40 800 0.05
Task 40 800 0.05
GW 0.48875
Task 22 100 0.22
Task 23 400 0.0575
Task 45 800 0.05625
Task 42 800 0.0525
Task 41 800 0.05125
Task 41 800 0.05125
GW 0
-------------
068
-------------
GW 0.49
Task 21 100 0.21
Task 8 100 0.08
Task 10 200 0.05
Task 20 400 0.05
Task 20 400 0.05
Task 40 800 0.05
GW 0.49
Task 24 100 0.24
Task 10 200 0.05
Task 20 400 0.05
Task 20 400 0.05
Task 20 400 0.05
Task 40 800 0.05
GW 0
-------------
069
-------------
GW 0.48875
Task 11 100 0.11
Task 21 200 0.105
Task 15 200 0.075
Task 15 200 0.075
Task 25 400 0.0625
Task 49 800 0.06125
GW 0.48375
Task 13 100 0.13
Task 12 100 0.12
Task 7 100 0.07
Task 22 400 0.055
Task 45 800 0.05625
Task 42 800 0.0525
GW 0
-------------
070
-------------
GW 0.49125
Task 12 100 0.12
Task 20 200 0.1
Task 17 200 0.085
Task 26 400 0.065
Task 26 400 0.065
Task 45 800 0.05625
GW 0.4775
Task 13 100 0.13
Task 11 100 0.11
Task 16 200 0.08
Task 11 200 0.055
Task 21 400 0.0525
Task 40 800 0.05
GW 0
-------------
071
-------------
GW 0.485
Task 13 100 0.13
Task 9 100 0.09
Task 17 200 0.085
Task 14 200 0.07
Task 22 400 0.055
Task 22 400 0.055
GW 0.48
Task 23 100 0.23
Task 5 100 0.05
Task 5 100 0.05
Task 10 200 0.05
Task 20 400 0.05
Task 40 800 0.05
GW 0
-------------
072
-------------
GW 0.4775
Task 15 100 0.15
Task 9 100 0.09
Task 16 200 0.08
Task 11 200 0.055
Task 21 400 0.0525
Task 20 400 0.05
GW 0.485
Task 14 100 0.14
Task 29 200 0.145
Task 20 400 0.05
Task 20 400 0.05
Task 20 400 0.05
Task 40 800 0.05
GW 0
-------------
073
-------------
GW 0.49
Task 43 200 0.215
Task 15 200 0.075
Task 10 200 0.05
Task 20 400 0.05
Task 20 400 0.05
Task 40 800 0.05
GW 0.485
Task 23 100 0.23
Task 11 200 0.055
Task 20 400 0.05
Task 20 400 0.05
Task 40 800 0.05
Task 40 800 0.05
GW 0
-------------
074
-------------
GW 0.48125
Task 14 100 0.14
Task 17 200 0.085
Task 15 200 0.075
Task 26 400 0.065
Task 48 800 0.06
Task 45 800 0.05625
GW 0.4825
Task 10 100 0.1
Task 10 100 0.1
Task 17 200 0.085
Task 31 400 0.0775
Task 26 400 0.065
Task 44 800 0.055
GW 0
-------------
075
-------------
GW 0.49125
Task 29 200 0.145
Task 48 400 0.12
Task 28 400 0.07
Task 44 800 0.055
Task 41 800 0.05125
Task 40 800 0.05
GW 0.48
Task 23 100 0.23
Task 5 100 0.05
Task 5 100 0.05
Task 10 200 0.05
Task 10 200 0.05
Task 40 800 0.05
GW 0
-------------
076
-------------
GW 0.49375
Task 38 200 0.19
Task 17 200 0.085
Task 25 400 0.0625
Task 22 400 0.055
Task 41 800 0.05125
Task 40 800 0.05
GW 0.49125
Task 13 100 0.13
Task 20 200 0.1
Task 15 200 0.075
Task 31 400 0.0775
Task 22 400 0.055
Task 43 800 0.05375
GW 0
-------------
077
-------------
GW 0.49375
Task 36 200 0.18
Task 35 400 0.0875
Task 27 400 0.0675
Task 23 400 0.0575
Task 41 800 0.05125
Task 40 800 0.05
GW 0.49
Task 33 200 0.165
Task 39 400 0.0975
Task 26 400 0.065
Task 23 400 0.0575
Task 21 400 0.0525
Task 42 800 0.0525
GW 0
-------------
078
-------------
GW 0.495
Task 49 200 0.245
Task 10 200 0.05
Task 40 800 0.05
Task 40 800 0.05
Task 40 800 0.05
Task 40 800 0.05
GW 0.4825
Task 17 100 0.17
Task 7 100 0.07
Task 15 200 0.075
Task 53 800 0.06625
Task 41 800 0.05125
Task 40 800 0.05
GW 0
-------------
079
-------------
GW 0.4825
Task 19 100 0.19
Task 9 100 0.09
Task 10 200 0.05
Task 21 400 0.0525
Task 20 400 0.05
Task 40 800 0.05
GW 0.49
Task 14 100 0.14
Task 17 200 0.085
Task 16 200 0.08
Task 56 800 0.07
Task 49 800 0.06125
Task 43 800 0.05375
GW 0
-------------
080
-------------
GW 0.49
Task 29 200 0.145
Task 27 200 0.135
Task 11 200 0.055
Task 21 400 0.0525
Task 21 400 0.0525
Task 20 400 0.05
GW 0.49
Task 37 200 0.185
Task 32 400 0.08
Task 30 400 0.075
Task 20 400 0.05
Task 40 800 0.05
Task 40 800 0.05
GW 0
-------------
081
-------------
GW 0.49
Task 24 100 0.24
Task 5 100 0.05
Task 5 100 0.05
Task 20 400 0.05
Task 20 400 0.05
Task 40 800 0.05
GW 0.4775
Task 14 100 0.14
Task 11 100 0.11
Task 14 200 0.07
Task 11 200 0.055
Task 41 800 0.05125
Task 41 800 0.05125
GW 0
-------------
082
-------------
GW 0.49
Task 24 100 0.24
Task 10 200 0.05
Task 20 400 0.05
Task 20 400 0.05
Task 40 800 0.05
Task 40 800 0.05
GW 0.4925
Task 34 200 0.17
Task 36 400 0.09
Task 30 400 0.075
Task 44 800 0.055
Task 42 800 0.0525
Task 40 800 0.05
GW 0
-------------
083
-------------
GW 0.49125
Task 13 100 0.13
Task 40 400 0.1
Task 37 400 0.0925
Task 24 400 0.06
Task 45 800 0.05625
Task 42 800 0.0525
GW 0.48875
Task 32 200 0.16
Task 22 200 0.11
Task 12 200 0.06
Task 11 200 0.055
Task 21 400 0.0525
Task 41 800 0.05125
GW 0
-------------
084
-------------
GW 0.49
Task 17 100 0.17
Task 8 100 0.08
Task 14 200 0.07
Task 14 200 0.07
Task 10 200 0.05
Task 40 800 0.05
GW 0.48875
Task 21 100 0.21
Task 7 100 0.07
Task 23 400 0.0575
Task 41 800 0.05125
Task 40 800 0.05
Task 40 800 0.05
GW 0
-------------
085
-------------
GW 0.49
Task 42 200 0.21
Task 27 400 0.0675
Task 23 400 0.0575
Task 44 800 0.055
Task 40 800 0.05
Task 40 800 0.05
GW 0.4875
Task 27 200 0.135
Task 35 400 0.0875
Task 32 400 0.08
Task 31 400 0.0775
Task 22 400 0.055
Task 42 800 0.0525
GW 0
-------------
086
-------------
GW 0.4925
Task 37 200 0.185
Task 16 200 0.08
Task 26 400 0.065
Task 44 800 0.055
Task 43 800 0.05375
Task 43 800 0.05375
GW 0.49
Task 13 100 0.13
Task 17 200 0.085
Task 33 400 0.0825
Task 33 400 0.0825
Task 22 400 0.055
Task 44 800 0.055
GW 0
-------------
087
-------------
GW 0.48375
Task 17 100 0.17
Task 8 100 0.08
Task 6 100 0.06
Task 50 800 0.0625
Task 49 800 0.06125
Task 40 800 0.05
GW 0.4925
Task 35 200 0.175
Task 23 200 0.115
Task 21 400 0.0525
Task 20 400 0.05
Task 20 400 0.05
Task 40 800 0.05
GW 0
-------------
088
-------------
GW 0.48125
Task 18 100 0.18
Task 20 200 0.1
Task 10 200 0.05
Task 20 400 0.05
Task 41 800 0.05125
Task 40 800 0.05
GW 0.48
Task 11 100 0.11
Task 11 100 0.11
Task 9 100 0.09
Task 6 100 0.06
Task 23 400 0.0575
Task 42 800 0.0525
GW 0
-------------
089
-------------
GW 0.4925
Task 37 200 0.185
Task 37 400 0.0925
Task 26 400 0.065
Task 40 800 0.05
Task 40 800 0.05
Task 40 800 0.05
GW 0.4925
Task 30 200 0.15
Task 27 200 0.135
Task 11 200 0.055
Task 42 800 0.0525
Task 40 800 0.05
Task 40 800 0.05
GW 0
-------------
090
-------------
GW 0.48875
Task 13 100 0.13
Task 12 100 0.12
Task 7 100 0.07
Task 26 400 0.065
Task 21 400 0.0525
Task 41 800 0.05125
GW 0.4825
Task 22 100 0.22
Task 6 100 0.06
Task 10 200 0.05
Task 21 400 0.0525
Task 40 800 0.05
Task 40 800 0.05
GW 0
-------------
091
-------------
GW 0.485
Task 18 100 0.18
Task 8 100 0.08
Task 15 200 0.075
Task 20 400 0.05
Task 40 800 0.05
Task 40 800 0.05
GW 0.4925
Task 17 100 0.17
Task 19 200 0.095
Task 31 400 0.0775
Task 20 400 0.05
Task 20 400 0.05
Task 40 800 0.05
GW 0
-------------
092
-------------
GW 0.4875
Task 13 100 0.13
Task 11 100 0.11
Task 32 400 0.08
Task 24 400 0.06
Task 23 400 0.0575
Task 40 800 0.05
GW 0.485
Task 13 100 0.13
Task 10 100 0.1
Task 42 400 0.105
Task 20 400 0.05
Task 20 400 0.05
Task 40 800 0.05
GW 0
-------------
093
-------------
GW 0.4725
Task 14 100 0.14
Task 9 100 0.09
Task 14 200 0.07
Task 12 200 0.06
Task 24 400 0.06
Task 42 800 0.0525
GW 0.49
Task 10 100 0.1
Task 8 100 0.08
Task 17 200 0.085
Task 33 400 0.0825
Task 32 400 0.08
Task 50 800 0.0625
GW 0
-------------
094
-------------
GW 0.49
Task 24 100 0.24
Task 10 200 0.05
Task 20 400 0.05
Task 20 400 0.05
Task 40 800 0.05
Task 40 800 0.05
GW 0.485
Task 15 100 0.15
Task 27 200 0.135
Task 10 200 0.05
Task 20 400 0.05
Task 20 400 0.05
Task 20 400 0.05
GW 0
-------------
095
-------------
GW 0.485
Task 20 100 0.2
Task 17 200 0.085
Task 10 200 0.05
Task 20 400 0.05
Task 20 400 0.05
Task 40 800 0.05
GW 0.485
Task 21 100 0.21
Task 13 200 0.065
Task 11 200 0.055
Task 21 400 0.0525
Task 21 400 0.0525
Task 40 800 0.05
GW 0
-------------
096
-------------
GW 0.49625
Task 30 200 0.15
Task 108 800 0.135
Task 43 800 0.05375
Task 42 800 0.0525
Task 42 800 0.0525
Task 42 800 0.0525
GW 0.49
Task 36 200 0.18
Task 20 200 0.1
Task 11 200 0.055
Task 21 400 0.0525
Task 42 800 0.0525
Task 40 800 0.05
GW 0
-------------
097
-------------
GW 0.49125
Task 12 100 0.12
Task 9 100 0.09
Task 9 100 0.09
Task 18 200 0.09
Task 10 200 0.05
Task 41 800 0.05125
GW 0.49
Task 23 100 0.23
Task 6 100 0.06
Task 5 100 0.05
Task 20 400 0.05
Task 20 400 0.05
Task 20 400 0.05
GW 0
-------------
098
-------------
GW 0.49
Task 24 100 0.24
Task 5 100 0.05
Task 10 200 0.05
Task 10 200 0.05
Task 20 400 0.05
Task 20 400 0.05
GW 0.49
Task 15 100 0.15
Task 14 100 0.14
Task 5 100 0.05
Task 10 200 0.05
Task 20 400 0.05
Task 40 800 0.05
GW 0
-------------
099
-------------
GW 0.485
Task 13 100 0.13
Task 9 100 0.09
Task 16 200 0.08
Task 29 400 0.0725
Task 50 800 0.0625
Task 40 800 0.05
GW 0.49
Task 24 100 0.24
Task 10 200 0.05
Task 10 200 0.05
Task 10 200 0.05
Task 20 400 0.05
Task 40 800 0.05
GW 0
-------------
100
-------------
