GW 0.98
Task 65 100 0.65
Task 52 400 0.13
Task 51 800 0.06375
Task 39 800 0.04875
Task 4 100 0.04
Task 19 400 0.0475
GW 0.99125
Task 243 400 0.6075
Task 40 400 0.1
Task 8 100 0.08
Task 61 800 0.07625
Task 28 400 0.07
Task 46 800 0.0575
GW 0
-------------
001
-------------
GW 0.9875
Task 300 800 0.375
Task 74 200 0.37
Task 31 400 0.0775
Task 48 800 0.06
Task 11 200 0.055
Task 5 100 0.05
GW 0.975
Task 72 200 0.36
Task 68 200 0.34
Task 24 200 0.12
Task 11 200 0.055
Task 5 100 0.05
Task 10 200 0.05
GW 0
-------------
002
-------------
GW 0.9875
Task 262 400 0.655
Task 38 400 0.095
Task 26 400 0.065
Task 12 200 0.06
Task 24 400 0.06
Task 21 400 0.0525
GW 0.98125
Task 65 100 0.65
Task 100 800 0.125
Task 11 200 0.055
Task 5 100 0.05
Task 41 800 0.05125
Task 40 800 0.05
GW 0
-------------
003
-------------
GW 0.99
Task 223 400 0.5575
Task 14 100 0.14
Task 9 100 0.09
Task 17 200 0.085
Task 27 400 0.0675
Task 5 100 0.05
GW 0.9925
Task 135 200 0.675
Task 38 400 0.095
Task 12 200 0.06
Task 23 400 0.0575
Task 22 400 0.055
Task 5 100 0.05
GW 0
-------------
004
-------------
GW 0.985
Task 161 400 0.4025
Task 31 100 0.31
Task 16 200 0.08
Task 15 200 0.075
Task 53 800 0.06625
Task 41 800 0.05125
GW 0.9925
Task 338 800 0.4225
Task 36 200 0.18
Task 100 800 0.125
Task 45 400 0.1125
Task 39 400 0.0975
Task 11 200 0.055
GW 0
-------------
005
-------------
GW 0.97
Task 45 100 0.45
Task 13 100 0.13
Task 25 200 0.125
Task 11 100 0.11
Task 38 400 0.095
Task 6 100 0.06
GW 0.99375
Task 92 200 0.46
Task 49 200 0.245
Task 75 800 0.09375
Task 14 200 0.07
Task 13 200 0.065
Task 24 400 0.06
GW 0
-------------
006
-------------
GW 0.9925
Task 262 400 0.655
Task 11 100 0.11
Task 8 100 0.08
Task 5 100 0.05
Task 39 800 0.04875
Task 39 800 0.04875
GW 0.9875
Task 210 400 0.525
Task 34 200 0.17
Task 23 200 0.115
Task 52 800 0.065
Task 23 400 0.0575
Task 22 400 0.055
GW 0
-------------
007
-------------
GW 0.98
Task 510 800 0.6375
Task 10 100 0.1
Task 20 200 0.1
Task 5 100 0.05
Task 9 200 0.045
Task 19 400 0.0475
GW 0.9825
Task 335 800 0.41875
Task 148 400 0.37
Task 5 100 0.05
Task 40 800 0.05
Task 9 200 0.045
Task 39 800 0.04875
GW 0
-------------
008
-------------
GW 0.97625
Task 84 200 0.42
Task 179 800 0.22375
Task 69 400 0.1725
Task 24 400 0.06
Task 5 100 0.05
Task 5 100 0.05
GW 0.9825
Task 25 100 0.25
Task 172 800 0.215
Task 35 200 0.175
Task 62 400 0.155
Task 47 400 0.1175
Task 7 100 0.07
GW 0
-------------
009
-------------
GW 0.985
Task 588 800 0.735
Task 6 100 0.06
Task 10 200 0.05
Task 40 800 0.05
Task 10 200 0.05
Task 4 100 0.04
GW 0.9825
Task 225 400 0.5625
Task 22 100 0.22
Task 12 200 0.06
Task 10 200 0.05
Task 20 400 0.05
Task 4 100 0.04
GW 0
-------------
010
-------------
GW 0.98875
Task 130 200 0.65
Task 10 100 0.1
Task 34 400 0.085
Task 44 800 0.055
Task 5 100 0.05
Task 39 800 0.04875
GW 0.9925
Task 141 200 0.705
Task 14 200 0.07
Task 46 800 0.0575
Task 22 400 0.055
Task 42 800 0.0525
Task 21 400 0.0525
GW 0
-------------
011
-------------
GW 0.99
Task 322 800 0.4025
Task 57 200 0.285
Task 44 400 0.11
Task 33 400 0.0825
Task 11 200 0.055
Task 22 400 0.055
GW 0.9925
Task 105 200 0.525
Task 64 400 0.16
Task 42 400 0.105
Task 20 200 0.1
Task 21 400 0.0525
Task 5 100 0.05
GW 0
-------------
012
-------------
GW 0.9775
Task 148 200 0.74
Task 11 200 0.055
Task 10 200 0.05
Task 9 200 0.045
Task 19 400 0.0475
Task 4 100 0.04
GW 0.98375
Task 51 100 0.51
Task 102 400 0.255
Task 58 800 0.0725
Task 45 800 0.05625
Task 5 100 0.05
Task 4 100 0.04
GW 0
-------------
013
-------------
GW 0.98125
Task 81 200 0.405
Task 93 400 0.2325
Task 15 100 0.15
Task 8 100 0.08
Task 51 800 0.06375
Task 5 100 0.05
GW 0.97625
Task 37 100 0.37
Task 63 200 0.315
Task 10 100 0.1
Task 13 200 0.065
Task 53 800 0.06625
Task 6 100 0.06
GW 0
-------------
014
-------------
GW 0.98875
Task 93 200 0.465
Task 21 100 0.21
Task 106 800 0.1325
Task 27 400 0.0675
Task 26 400 0.065
Task 39 800 0.04875
GW 0.9925
Task 83 200 0.415
Task 17 100 0.17
Task 137 800 0.17125
Task 46 400 0.115
Task 14 200 0.07
Task 41 800 0.05125
GW 0
-------------
015
-------------
GW 0.985
Task 122 200 0.61
Task 21 200 0.105
Task 16 200 0.08
Task 15 200 0.075
Task 52 800 0.065
Task 5 100 0.05
GW 0.99
Task 276 400 0.69
Task 31 400 0.0775
Task 12 200 0.06
Task 11 200 0.055
Task 46 800 0.0575
Task 10 200 0.05
GW 0
-------------
016
-------------
GW 0.9925
Task 100 400 0.25
Task 49 200 0.245
Task 165 800 0.20625
Task 28 200 0.14
Task 81 800 0.10125
Task 10 200 0.05
GW 0.985
Task 142 200 0.71
Task 13 200 0.065
Task 6 100 0.06
Task 22 400 0.055
Task 19 400 0.0475
Task 19 400 0.0475
GW 0
-------------
017
-------------
GW 0.9825
Task 48 100 0.48
Task 18 100 0.18
Task 14 100 0.14
Task 60 800 0.075
Task 23 400 0.0575
Task 10 200 0.05
GW 0.99
Task 88 200 0.44
Task 122 400 0.305
Task 19 200 0.095
Task 20 400 0.05
Task 20 400 0.05
Task 20 400 0.05
GW 0
-------------
018
-------------
GW 0.98625
Task 96 200 0.48
Task 14 100 0.14
Task 26 200 0.13
Task 9 100 0.09
Task 30 400 0.075
Task 57 800 0.07125
GW 0.98875
Task 270 400 0.675
Task 9 100 0.09
Task 60 800 0.075
Task 41 800 0.05125
Task 40 800 0.05
Task 19 400 0.0475
GW 0
-------------
019
-------------
GW 0.98875
Task 122 200 0.61
Task 139 800 0.17375
Task 22 400 0.055
Task 10 200 0.05
Task 5 100 0.05
Task 10 200 0.05
GW 0.9825
Task 40 100 0.4
Task 26 100 0.26
Task 35 200 0.175
Task 11 200 0.055
Task 9 200 0.045
Task 19 400 0.0475
GW 0
-------------
020
-------------
GW 0.99
Task 413 800 0.51625
Task 61 400 0.1525
Task 51 400 0.1275
Task 15 200 0.075
Task 53 800 0.06625
Task 42 800 0.0525
GW 0.99
Task 116 200 0.58
Task 18 100 0.18
Task 26 400 0.065
Task 6 100 0.06
Task 11 200 0.055
Task 20 400 0.05
GW 0
-------------
021
-------------
GW 0.9875
Task 322 800 0.4025
Task 27 100 0.27
Task 26 200 0.13
Task 17 200 0.085
Task 5 100 0.05
Task 10 200 0.05
GW 0.98375
Task 40 100 0.4
Task 196 800 0.245
Task 12 100 0.12
Task 9 100 0.09
Task 59 800 0.07375
Task 22 400 0.055
GW 0
-------------
022
-------------
GW 0.98625
Task 486 800 0.6075
Task 88 800 0.11
Task 8 100 0.08
Task 66 800 0.0825
Task 22 400 0.055
Task 41 800 0.05125
GW 0.98625
Task 35 100 0.35
Task 54 200 0.27
Task 85 400 0.2125
Task 10 200 0.05
Task 43 800 0.05375
Task 10 200 0.05
GW 0
-------------
023
-------------
GW 0.9925
Task 35 100 0.35
Task 124 400 0.31
Task 61 400 0.1525
Task 28 400 0.07
Task 6 100 0.06
Task 40 800 0.05
GW 0.98125
Task 57 100 0.57
Task 22 100 0.22
Task 21 400 0.0525
Task 10 200 0.05
Task 39 800 0.04875
Task 4 100 0.04
GW 0
-------------
024
-------------
GW 0.9825
Task 135 400 0.3375
Task 246 800 0.3075
Task 80 800 0.1
Task 9 100 0.09
Task 16 200 0.08
Task 27 400 0.0675
GW 0.98875
Task 275 800 0.34375
Task 46 200 0.23
Task 114 800 0.1425
Task 11 100 0.11
Task 39 400 0.0975
Task 13 200 0.065
GW 0
-------------
025
-------------
GW 0.9925
Task 178 400 0.445
Task 104 400 0.26
Task 23 200 0.115
Task 29 400 0.0725
Task 5 100 0.05
Task 20 400 0.05
GW 0.98125
Task 81 200 0.405
Task 23 100 0.23
Task 16 100 0.16
Task 28 400 0.07
Task 12 200 0.06
Task 45 800 0.05625
GW 0
-------------
026
-------------
GW 0.98625
Task 209 400 0.5225
Task 87 400 0.2175
Task 32 400 0.08
Task 27 400 0.0675
Task 5 100 0.05
Task 39 800 0.04875
GW 0.985
Task 119 400 0.2975
Task 43 200 0.215
Task 41 200 0.205
Task 67 400 0.1675
Task 5 100 0.05
Task 40 800 0.05
GW 0
-------------
027
-------------
GW 0.98125
Task 330 800 0.4125
Task 151 800 0.18875
Task 16 100 0.16
Task 9 100 0.09
Task 15 200 0.075
Task 44 800 0.055
GW 0.99375
Task 142 200 0.71
Task 55 800 0.06875
Task 50 800 0.0625
Task 21 400 0.0525
Task 20 400 0.05
Task 5 100 0.05
GW 0
-------------
028
-------------
GW 0.9675
Task 63 100 0.63
Task 26 200 0.13
Task 7 100 0.07
Task 20 400 0.05
Task 4 100 0.04
Task 19 400 0.0475
GW 0.995
Task 224 400 0.56
Task 190 800 0.2375
Task 20 400 0.05
Task 10 200 0.05
Task 40 800 0.05
Task 19 400 0.0475
GW 0
-------------
029
-------------
GW 0.985
Task 130 200 0.65
Task 20 200 0.1
Task 26 400 0.065
Task 26 400 0.065
Task 11 200 0.055
Task 10 200 0.05
GW 0.99
Task 48 200 0.24
Task 94 400 0.235
Task 143 800 0.17875
Task 129 800 0.16125
Task 36 400 0.09
Task 17 200 0.085
GW 0
-------------
030
-------------
GW 0.99125
Task 191 400 0.4775
Task 125 800 0.15625
Task 83 800 0.10375
Task 75 800 0.09375
Task 17 200 0.085
Task 30 400 0.075
GW 0.99125
Task 328 800 0.41
Task 65 400 0.1625
Task 15 100 0.15
Task 20 200 0.1
Task 10 100 0.1
Task 55 800 0.06875
GW 0
-------------
031
-------------
GW 0.99375
Task 111 400 0.2775
Task 53 200 0.265
Task 181 800 0.22625
Task 98 800 0.1225
Task 42 800 0.0525
Task 5 100 0.05
GW 0.98
Task 452 800 0.565
Task 11 100 0.11
Task 11 100 0.11
Task 31 400 0.0775
Task 50 800 0.0625
Task 22 400 0.055
GW 0
-------------
032
-------------
GW 0.98875
Task 38 100 0.38
Task 82 400 0.205
Task 17 100 0.17
Task 95 800 0.11875
Task 26 400 0.065
Task 10 200 0.05
GW 0.98
Task 49 100 0.49
Task 14 100 0.14
Task 105 800 0.13125
Task 35 400 0.0875
Task 65 800 0.08125
Task 10 200 0.05
GW 0
-------------
033
-------------
GW 0.9875
Task 293 800 0.36625
Task 45 200 0.225
Task 24 200 0.12
Task 22 200 0.11
Task 69 800 0.08625
Task 16 200 0.08
GW 0.995
Task 169 400 0.4225
Task 152 800 0.19
Task 124 800 0.155
Task 40 400 0.1
Task 54 800 0.0675
Task 6 100 0.06
GW 0
-------------
034
-------------
GW 0.99125
Task 336 800 0.42
Task 140 800 0.175
Task 125 800 0.15625
Task 88 800 0.11
Task 7 100 0.07
Task 6 100 0.06
GW 0.9875
Task 140 200 0.7
Task 27 400 0.0675
Task 50 800 0.0625
Task 11 200 0.055
Task 21 400 0.0525
Task 20 400 0.05
GW 0
-------------
035
-------------
GW 0.98375
Task 52 200 0.26
Task 35 200 0.175
Task 16 100 0.16
Task 66 400 0.165
Task 115 800 0.14375
Task 8 100 0.08
GW 0.98125
Task 414 800 0.5175
Task 157 800 0.19625
Task 11 100 0.11
Task 56 800 0.07
Task 19 400 0.0475
Task 4 100 0.04
GW 0
-------------
036
-------------
GW 0.9825
Task 45 100 0.45
Task 123 400 0.3075
Task 15 200 0.075
Task 12 200 0.06
Task 9 200 0.045
Task 9 200 0.045
GW 0.98
Task 240 800 0.3
Task 43 200 0.215
Task 42 200 0.21
Task 12 100 0.12
Task 17 200 0.085
Task 5 100 0.05
GW 0
-------------
037
-------------
GW 0.9825
Task 293 400 0.7325
Task 5 100 0.05
Task 5 100 0.05
Task 42 800 0.0525
Task 5 100 0.05
Task 19 400 0.0475
GW 0.99
Task 468 800 0.585
Task 15 100 0.15
Task 16 200 0.08
Task 52 800 0.065
Task 25 400 0.0625
Task 19 400 0.0475
GW 0
-------------
038
-------------
GW 0.98375
Task 185 400 0.4625
Task 31 200 0.155
Task 10 100 0.1
Task 39 400 0.0975
Task 73 800 0.09125
Task 31 400 0.0775
GW 0.9775
Task 73 200 0.365
Task 129 400 0.3225
Task 22 200 0.11
Task 7 100 0.07
Task 6 100 0.06
Task 5 100 0.05
GW 0
-------------
039
-------------
GW 0.98125
Task 292 400 0.73
Task 28 400 0.07
Task 9 200 0.045
Task 19 400 0.0475
Task 4 100 0.04
Task 39 800 0.04875
GW 0.98375
Task 399 800 0.49875
Task 14 100 0.14
Task 107 800 0.13375
Task 17 200 0.085
Task 61 800 0.07625
Task 5 100 0.05
GW 0
-------------
040
-------------
GW 0.97875
Task 117 200 0.585
Task 42 200 0.21
Task 20 400 0.05
Task 4 100 0.04
Task 9 200 0.045
Task 39 800 0.04875
GW 0.98625
Task 374 800 0.4675
Task 58 200 0.29
Task 6 100 0.06
Task 12 200 0.06
Task 47 800 0.05875
Task 10 200 0.05
GW 0
-------------
041
-------------
GW 0.99625
Task 114 200 0.57
Task 34 200 0.17
Task 76 800 0.095
Task 48 800 0.06
Task 41 800 0.05125
Task 5 100 0.05
GW 0.99125
Task 229 400 0.5725
Task 113 800 0.14125
Task 13 100 0.13
Task 10 200 0.05
Task 40 800 0.05
Task 19 400 0.0475
GW 0
-------------
042
-------------
GW 0.9875
Task 439 800 0.54875
Task 24 100 0.24
Task 5 100 0.05
Task 10 200 0.05
Task 5 100 0.05
Task 39 800 0.04875
GW 0.97875
Task 406 800 0.5075
Task 38 200 0.19
Task 12 100 0.12
Task 24 400 0.06
Task 5 100 0.05
Task 41 800 0.05125
GW 0
-------------
043
-------------
GW 0.975
Task 188 400 0.47
Task 264 800 0.33
Task 5 100 0.05
Task 9 200 0.045
Task 4 100 0.04
Task 4 100 0.04
GW 0.99375
Task 132 400 0.33
Task 88 400 0.22
Task 111 800 0.13875
Task 105 800 0.13125
Task 74 800 0.0925
Task 65 800 0.08125
GW 0
-------------
044
-------------
GW 0.9925
Task 127 400 0.3175
Task 101 400 0.2525
Task 112 800 0.14
Task 44 400 0.11
Task 37 400 0.0925
Task 64 800 0.08
GW 0.99
Task 75 100 0.75
Task 40 800 0.05
Task 5 100 0.05
Task 19 400 0.0475
Task 19 400 0.0475
Task 9 200 0.045
GW 0
-------------
045
-------------
GW 0.99375
Task 272 800 0.34
Task 52 200 0.26
Task 53 400 0.1325
Task 85 800 0.10625
Task 84 800 0.105
Task 5 100 0.05
GW 0.98625
Task 158 400 0.395
Task 79 400 0.1975
Task 13 100 0.13
Task 52 400 0.13
Task 59 800 0.07375
Task 6 100 0.06
GW 0
-------------
046
-------------
GW 0.97875
Task 60 200 0.3
Task 52 200 0.26
Task 12 100 0.12
Task 95 800 0.11875
Task 18 200 0.09
Task 18 200 0.09
GW 0.99375
Task 233 400 0.5825
Task 67 400 0.1675
Task 8 100 0.08
Task 51 800 0.06375
Task 5 100 0.05
Task 20 400 0.05
GW 0
-------------
047
-------------
GW 0.9775
Task 274 800 0.3425
Task 19 100 0.19
Task 79 400 0.1975
Task 61 400 0.1525
Task 11 200 0.055
Task 4 100 0.04
GW 0.99
Task 55 100 0.55
Task 107 800 0.13375
Task 24 200 0.12
Task 8 100 0.08
Task 45 800 0.05625
Task 5 100 0.05
GW 0
-------------
048
-------------
GW 0.985
Task 44 100 0.44
Task 51 400 0.1275
Task 49 400 0.1225
Task 12 100 0.12
Task 24 200 0.12
Task 11 200 0.055
GW 0.97875
Task 271 400 0.6775
Task 30 400 0.075
Task 57 800 0.07125
Task 12 200 0.06
Task 5 100 0.05
Task 9 200 0.045
GW 0
-------------
049
-------------
GW 0.9875
Task 252 800 0.315
Task 22 100 0.22
Task 74 400 0.185
Task 63 400 0.1575
Task 6 100 0.06
Task 10 200 0.05
GW 0.99125
Task 456 800 0.57
Task 28 200 0.14
Task 54 400 0.135
Task 41 800 0.05125
Task 19 400 0.0475
Task 19 400 0.0475
GW 0
-------------
050
-------------
GW 0.98875
Task 453 800 0.56625
Task 149 800 0.18625
Task 13 200 0.065
Task 12 200 0.06
Task 49 800 0.06125
Task 5 100 0.05
GW 0.98
Task 48 100 0.48
Task 20 100 0.2
Task 82 800 0.1025
Task 78 800 0.0975
Task 5 100 0.05
Task 10 200 0.05
GW 0
-------------
051
-------------
GW 0.98625
Task 123 200 0.615
Task 50 400 0.125
Task 65 800 0.08125
Task 6 100 0.06
Task 44 800 0.055
Task 10 200 0.05
GW 0.9825
Task 77 200 0.385
Task 274 800 0.3425
Task 17 200 0.085
Task 7 100 0.07
Task 5 100 0.05
Task 5 100 0.05
GW 0
-------------
052
-------------
GW 0.98875
Task 214 400 0.535
Task 41 200 0.205
Task 16 200 0.08
Task 24 400 0.06
Task 24 400 0.06
Task 39 800 0.04875
GW 0.98
Task 60 200 0.3
Task 41 200 0.205
Task 16 100 0.16
Task 11 100 0.11
Task 21 200 0.105
Task 20 200 0.1
GW 0
-------------
053
-------------
GW 0.98
Task 41 200 0.205
Task 20 100 0.2
Task 78 400 0.195
Task 35 200 0.175
Task 14 100 0.14
Task 13 200 0.065
GW 0.99
Task 101 200 0.505
Task 38 200 0.19
Task 116 800 0.145
Task 10 200 0.05
Task 5 100 0.05
Task 40 800 0.05
GW 0
-------------
054
-------------
GW 0.9825
Task 38 100 0.38
Task 28 100 0.28
Task 46 400 0.115
Task 71 800 0.08875
Task 28 400 0.07
Task 39 800 0.04875
GW 0.98375
Task 44 100 0.44
Task 29 100 0.29
Task 37 400 0.0925
Task 26 400 0.065
Task 45 800 0.05625
Task 4 100 0.04
GW 0
-------------
055
-------------
GW 0.9675
Task 38 100 0.38
Task 24 100 0.24
Task 17 100 0.17
Task 29 400 0.0725
Task 44 800 0.055
Task 10 200 0.05
GW 0.975
Task 55 100 0.55
Task 19 100 0.19
Task 33 400 0.0825
Task 5 100 0.05
Task 21 400 0.0525
Task 20 400 0.05
GW 0
-------------
056
-------------
GW 0.98
Task 472 800 0.59
Task 31 200 0.155
Task 72 800 0.09
Task 11 200 0.055
Task 20 400 0.05
Task 4 100 0.04
GW 0.9875
Task 71 200 0.355
Task 55 200 0.275
Task 34 200 0.17
Task 67 800 0.08375
Task 43 800 0.05375
Task 40 800 0.05
GW 0
-------------
057
-------------
GW 0.9925
Task 62 100 0.62
Task 130 800 0.1625
Task 45 800 0.05625
Task 21 400 0.0525
Task 43 800 0.05375
Task 19 400 0.0475
GW 0.99
Task 173 400 0.4325
Task 214 800 0.2675
Task 13 100 0.13
Task 6 100 0.06
Task 5 100 0.05
Task 10 200 0.05
GW 0
-------------
058
-------------
GW 0.9775
Task 25 100 0.25
Task 206 800 0.2575
Task 42 200 0.21
Task 12 100 0.12
Task 15 200 0.075
Task 52 800 0.065
GW 0.98875
Task 579 800 0.72375
Task 62 800 0.0775
Task 40 800 0.05
Task 19 400 0.0475
Task 9 200 0.045
Task 9 200 0.045
GW 0
-------------
059
-------------
GW 0.98875
Task 245 800 0.30625
Task 177 800 0.22125
Task 109 800 0.13625
Task 13 100 0.13
Task 24 200 0.12
Task 15 200 0.075
GW 0.965
Task 45 100 0.45
Task 137 400 0.3425
Task 4 100 0.04
Task 9 200 0.045
Task 4 100 0.04
Task 19 400 0.0475
GW 0
-------------
060
-------------
GW 0.975
Task 59 100 0.59
Task 24 200 0.12
Task 37 400 0.0925
Task 6 100 0.06
Task 25 400 0.0625
Task 5 100 0.05
GW 0.9925
Task 139 200 0.695
Task 56 800 0.07
Task 27 400 0.0675
Task 22 400 0.055
Task 42 800 0.0525
Task 42 800 0.0525
GW 0
-------------
061
-------------
GW 0.99125
Task 231 400 0.5775
Task 36 200 0.18
Task 32 400 0.08
Task 22 400 0.055
Task 41 800 0.05125
Task 19 400 0.0475
GW 0.9875
Task 297 400 0.7425
Task 5 100 0.05
Task 10 200 0.05
Task 39 800 0.04875
Task 19 400 0.0475
Task 39 800 0.04875
GW 0
-------------
062
-------------
GW 0.9825
Task 591 800 0.73875
Task 6 100 0.06
Task 4 100 0.04
Task 39 800 0.04875
Task 19 400 0.0475
Task 19 400 0.0475
GW 0.98875
Task 133 200 0.665
Task 62 800 0.0775
Task 15 200 0.075
Task 14 200 0.07
Task 5 100 0.05
Task 41 800 0.05125
GW 0
-------------
063
-------------
GW 0.9875
Task 35 100 0.35
Task 198 800 0.2475
Task 44 200 0.22
Task 25 400 0.0625
Task 25 400 0.0625
Task 9 200 0.045
GW 0.9825
Task 65 200 0.325
Task 111 400 0.2775
Task 38 200 0.19
Task 40 400 0.1
Task 10 200 0.05
Task 4 100 0.04
GW 0
-------------
064
-------------
GW 0.99125
Task 266 400 0.665
Task 71 800 0.08875
Task 28 400 0.07
Task 13 200 0.065
Task 42 800 0.0525
Task 5 100 0.05
GW 0.9925
Task 411 800 0.51375
Task 74 400 0.185
Task 26 200 0.13
Task 6 100 0.06
Task 11 200 0.055
Task 39 800 0.04875
GW 0
-------------
065
-------------
GW 0.99
Task 107 400 0.2675
Task 172 800 0.215
Task 79 400 0.1975
Task 34 200 0.17
Task 32 400 0.08
Task 6 100 0.06
GW 0.985
Task 392 800 0.49
Task 95 400 0.2375
Task 37 400 0.0925
Task 60 800 0.075
Task 20 400 0.05
Task 4 100 0.04
GW 0
-------------
066
-------------
GW 0.975
Task 74 200 0.37
Task 77 400 0.1925
Task 14 100 0.14
Task 90 800 0.1125
Task 10 100 0.1
Task 12 200 0.06
GW 0.9775
Task 203 400 0.5075
Task 84 400 0.21
Task 18 200 0.09
Task 64 800 0.08
Task 5 100 0.05
Task 4 100 0.04
GW 0
-------------
067
-------------
GW 0.97875
Task 28 100 0.28
Task 89 400 0.2225
Task 129 800 0.16125
Task 14 100 0.14
Task 19 200 0.095
Task 64 800 0.08
GW 0.98375
Task 41 100 0.41
Task 121 400 0.3025
Task 12 100 0.12
Task 41 800 0.05125
Task 20 400 0.05
Task 40 800 0.05
GW 0
-------------
068
-------------
GW 0.99125
Task 95 200 0.475
Task 119 400 0.2975
Task 49 800 0.06125
Task 22 400 0.055
Task 21 400 0.0525
Task 20 400 0.05
GW 0.9775
Task 54 100 0.54
Task 26 200 0.13
Task 19 200 0.095
Task 9 100 0.09
Task 6 100 0.06
Task 25 400 0.0625
GW 0
-------------
069
-------------
GW 0.99125
Task 127 400 0.3175
Task 232 800 0.29
Task 16 100 0.16
Task 75 800 0.09375
Task 16 200 0.08
Task 5 100 0.05
GW 0.99125
Task 482 800 0.6025
Task 63 400 0.1575
Task 6 100 0.06
Task 47 800 0.05875
Task 46 800 0.0575
Task 11 200 0.055
GW 0
-------------
070
-------------
GW 0.98625
Task 69 200 0.345
Task 179 800 0.22375
Task 19 100 0.19
Task 21 200 0.105
Task 29 400 0.0725
Task 5 100 0.05
GW 0.9925
Task 170 400 0.425
Task 84 400 0.21
Task 63 400 0.1575
Task 64 800 0.08
Task 28 400 0.07
Task 5 100 0.05
GW 0
-------------
071
-------------
GW 0.9925
Task 74 200 0.37
Task 197 800 0.24625
Task 58 400 0.145
Task 20 200 0.1
Task 13 200 0.065
Task 53 800 0.06625
GW 0.9825
Task 31 100 0.31
Task 94 400 0.235
Task 33 200 0.165
Task 98 800 0.1225
Task 9 100 0.09
Task 12 200 0.06
GW 0
-------------
072
-------------
GW 0.975
Task 589 800 0.73625
Task 6 100 0.06
Task 9 200 0.045
Task 39 800 0.04875
Task 4 100 0.04
Task 9 200 0.045
GW 0.99125
Task 36 100 0.36
Task 78 400 0.195
Task 134 800 0.1675
Task 58 400 0.145
Task 7 100 0.07
Task 43 800 0.05375
GW 0
-------------
073
-------------
GW 0.99
Task 128 400 0.32
Task 253 800 0.31625
Task 15 100 0.15
Task 30 400 0.075
Task 55 800 0.06875
Task 12 200 0.06
GW 0.98875
Task 154 400 0.385
Task 128 400 0.32
Task 10 100 0.1
Task 59 800 0.07375
Task 6 100 0.06
Task 20 400 0.05
GW 0
-------------
074
-------------
GW 0.98375
Task 115 200 0.575
Task 123 800 0.15375
Task 68 800 0.085
Task 8 100 0.08
Task 10 200 0.05
Task 4 100 0.04
GW 0.9825
Task 165 400 0.4125
Task 22 100 0.22
Task 40 200 0.2
Task 10 200 0.05
Task 20 400 0.05
Task 20 400 0.05
GW 0
-------------
075
-------------
GW 0.985
Task 282 800 0.3525
Task 83 400 0.2075
Task 126 800 0.1575
Task 14 100 0.14
Task 60 800 0.075
Task 21 400 0.0525
GW 0.9825
Task 69 200 0.345
Task 81 400 0.2025
Task 37 200 0.185
Task 15 100 0.15
Task 5 100 0.05
Task 10 200 0.05
GW 0
-------------
076
-------------
GW 0.98875
Task 74 200 0.37
Task 51 200 0.255
Task 129 800 0.16125
Task 30 400 0.075
Task 27 400 0.0675
Task 6 100 0.06
GW 0.97625
Task 69 200 0.345
Task 125 400 0.3125
Task 95 800 0.11875
Task 18 200 0.09
Task 6 100 0.06
Task 5 100 0.05
GW 0
-------------
077
-------------
GW 0.985
Task 138 400 0.345
Task 144 800 0.18
Task 15 100 0.15
Task 43 400 0.1075
Task 82 800 0.1025
Task 10 100 0.1
GW 0.985
Task 29 100 0.29
Task 45 200 0.225
Task 44 200 0.22
Task 11 100 0.11
Task 36 400 0.09
Task 5 100 0.05
GW 0
-------------
078
-------------
GW 0.9975
Task 191 400 0.4775
Task 135 800 0.16875
Task 45 400 0.1125
Task 88 800 0.11
Task 63 800 0.07875
Task 10 200 0.05
GW 0.97875
Task 148 400 0.37
Task 18 100 0.18
Task 34 200 0.17
Task 11 100 0.11
Task 63 800 0.07875
Task 14 200 0.07
GW 0
-------------
079
-------------
GW 0.98375
Task 400 800 0.5
Task 93 400 0.2325
Task 83 800 0.10375
Task 5 100 0.05
Task 21 400 0.0525
Task 9 200 0.045
GW 0.99375
Task 123 200 0.615
Task 34 400 0.085
Task 33 400 0.0825
Task 59 800 0.07375
Task 29 400 0.0725
Task 26 400 0.065
GW 0
-------------
080
-------------
GW 0.9925
Task 109 400 0.2725
Task 98 400 0.245
Task 145 800 0.18125
Task 68 400 0.17
Task 53 800 0.06625
Task 23 400 0.0575
GW 0.9825
Task 100 200 0.5
Task 79 400 0.1975
Task 10 100 0.1
Task 16 200 0.08
Task 11 200 0.055
Task 10 200 0.05
GW 0
-------------
081
-------------
GW 0.985
Task 81 200 0.405
Task 26 100 0.26
Task 60 400 0.15
Task 14 200 0.07
Task 22 400 0.055
Task 9 200 0.045
GW 0.98
Task 318 800 0.3975
Task 22 100 0.22
Task 21 100 0.21
Task 21 400 0.0525
Task 10 200 0.05
Task 5 100 0.05
GW 0
-------------
082
-------------
GW 0.9975
Task 351 800 0.43875
Task 82 400 0.205
Task 59 400 0.1475
Task 33 400 0.0825
Task 56 800 0.07
Task 43 800 0.05375
GW 0.975
Task 43 100 0.43
Task 105 400 0.2625
Task 11 100 0.11
Task 29 400 0.0725
Task 10 200 0.05
Task 5 100 0.05
GW 0
-------------
083
-------------
GW 0.97125
Task 78 200 0.39
Task 36 100 0.36
Task 49 800 0.06125
Task 6 100 0.06
Task 5 100 0.05
Task 10 200 0.05
GW 0.99
Task 314 800 0.3925
Task 312 800 0.39
Task 23 400 0.0575
Task 5 100 0.05
Task 10 200 0.05
Task 10 200 0.05
GW 0
-------------
084
-------------
GW 0.9775
Task 61 100 0.61
Task 51 400 0.1275
Task 7 100 0.07
Task 6 100 0.06
Task 12 200 0.06
Task 5 100 0.05
GW 0.98875
Task 405 800 0.50625
Task 151 800 0.18875
Task 25 200 0.125
Task 49 800 0.06125
Task 23 400 0.0575
Task 5 100 0.05
GW 0
-------------
085
-------------
GW 0.99125
Task 92 200 0.46
Task 164 800 0.205
Task 91 800 0.11375
Task 18 200 0.09
Task 25 400 0.0625
Task 12 200 0.06
GW 0.98875
Task 113 200 0.565
Task 23 100 0.23
Task 41 800 0.05125
Task 5 100 0.05
Task 19 400 0.0475
Task 9 200 0.045
GW 0
-------------
086
-------------
GW 0.99625
Task 304 800 0.38
Task 245 800 0.30625
Task 92 800 0.115
Task 64 800 0.08
Task 50 800 0.0625
Task 42 800 0.0525
GW 0.99
Task 104 400 0.26
Task 98 400 0.245
Task 168 800 0.21
Task 113 800 0.14125
Task 59 800 0.07375
Task 6 100 0.06
GW 0
-------------
087
-------------
GW 0.9825
Task 147 200 0.735
Task 51 800 0.06375
Task 39 800 0.04875
Task 9 200 0.045
Task 9 200 0.045
Task 9 200 0.045
GW 0.99375
Task 114 400 0.285
Task 227 800 0.28375
Task 91 400 0.2275
Task 19 200 0.095
Task 21 400 0.0525
Task 20 400 0.05
GW 0
-------------
088
-------------
GW 0.9925
Task 140 400 0.35
Task 44 200 0.22
Task 70 400 0.175
Task 53 400 0.1325
Task 56 800 0.07
Task 9 200 0.045
GW 0.98875
Task 397 800 0.49625
Task 17 100 0.17
Task 65 400 0.1625
Task 6 100 0.06
Task 20 400 0.05
Task 5 100 0.05
GW 0
-------------
089
-------------
GW 0.98375
Task 42 100 0.42
Task 292 800 0.365
Task 12 200 0.06
Task 10 200 0.05
Task 39 800 0.04875
Task 4 100 0.04
GW 0.985
Task 60 100 0.6
Task 24 200 0.12
Task 11 100 0.11
Task 22 400 0.055
Task 20 400 0.05
Task 10 200 0.05
GW 0
-------------
090
-------------
GW 0.9925
Task 225 400 0.5625
Task 41 200 0.205
Task 28 400 0.07
Task 50 800 0.0625
Task 9 200 0.045
Task 19 400 0.0475
GW 0.99375
Task 183 400 0.4575
Task 112 400 0.28
Task 39 400 0.0975
Task 6 100 0.06
Task 5 100 0.05
Task 39 800 0.04875
GW 0
-------------
091
-------------
GW 0.98875
Task 167 400 0.4175
Task 41 200 0.205
Task 16 100 0.16
Task 9 100 0.09
Task 26 400 0.065
Task 41 800 0.05125
GW 0.9925
Task 72 200 0.36
Task 201 800 0.25125
Task 114 800 0.1425
Task 19 200 0.095
Task 37 400 0.0925
Task 41 800 0.05125
GW 0
-------------
092
-------------
GW 0.985
Task 259 800 0.32375
Task 88 400 0.22
Task 17 100 0.17
Task 11 100 0.11
Task 65 800 0.08125
Task 8 100 0.08
GW 0.99
Task 52 100 0.52
Task 31 200 0.155
Task 56 400 0.14
Task 52 800 0.065
Task 22 400 0.055
Task 22 400 0.055
GW 0
-------------
093
-------------
GW 0.99
Task 141 200 0.705
Task 64 800 0.08
Task 12 200 0.06
Task 20 400 0.05
Task 5 100 0.05
Task 9 200 0.045
GW 0.98875
Task 327 800 0.40875
Task 140 800 0.175
Task 132 800 0.165
Task 9 100 0.09
Task 15 200 0.075
Task 30 400 0.075
GW 0
-------------
094
-------------
GW 0.975
Task 70 200 0.35
Task 52 200 0.26
Task 24 200 0.12
Task 18 200 0.09
Task 17 200 0.085
Task 7 100 0.07
GW 0.9875
Task 161 400 0.4025
Task 173 800 0.21625
Task 27 200 0.135
Task 83 800 0.10375
Task 13 200 0.065
Task 26 400 0.065
GW 0
-------------
095
-------------
GW 0.9925
Task 523 800 0.65375
Task 44 400 0.11
Task 28 400 0.07
Task 22 400 0.055
Task 43 800 0.05375
Task 5 100 0.05
GW 0.975
Task 214 400 0.535
Task 14 100 0.14
Task 9 100 0.09
Task 7 100 0.07
Task 7 100 0.07
Task 14 200 0.07
GW 0
-------------
096
-------------
GW 0.99125
Task 53 100 0.53
Task 70 400 0.175
Task 26 200 0.13
Task 11 200 0.055
Task 41 800 0.05125
Task 5 100 0.05
GW 0.9775
Task 134 200 0.67
Task 32 400 0.08
Task 54 800 0.0675
Task 6 100 0.06
Task 5 100 0.05
Task 5 100 0.05
GW 0
-------------
097
-------------
GW 0.98875
Task 377 800 0.47125
Task 71 400 0.1775
Task 23 200 0.115
Task 16 200 0.08
Task 15 200 0.075
Task 14 200 0.07
GW 0.98
Task 298 400 0.745
Task 10 200 0.05
Task 20 400 0.05
Task 19 400 0.0475
Task 19 400 0.0475
Task 4 100 0.04
GW 0
-------------
098
-------------
GW 0.98375
Task 374 800 0.4675
Task 257 800 0.32125
Task 22 400 0.055
Task 10 200 0.05
Task 5 100 0.05
Task 4 100 0.04
GW 0.9925
Task 130 200 0.65
Task 22 200 0.11
Task 61 800 0.07625
Task 47 800 0.05875
Task 20 400 0.05
Task 19 400 0.0475
GW 0
-------------
099
-------------
GW 0.97875
Task 48 100 0.48
Task 37 200 0.185
Task 32 200 0.16
Task 5 100 0.05
Task 43 800 0.05375
Task 5 100 0.05
GW 0.98625
Task 108 200 0.54
Task 19 100 0.19
Task 19 200 0.095
Task 47 800 0.05875
Task 5 100 0.05
Task 21 400 0.0525
GW 0
-------------
100
-------------
