Meet_R
NOFLD	myOFLD	AOFLDC	SeGW
1	0.9999	0.694991	0.965216	
1	0.960538	0.672701	0.867447	
0.572212	0.885182	0.645891	0.752928	
0.379453	0.813937	0.684426	0.698317	
1	1	0.534776	0.961465	
1	0.965513	0.556178	0.844415	
0.61467	0.876497	0.490189	0.688007	
0.468501	0.783686	0.521969	0.627296	
1	1	0.331213	0.961815	
1	0.967252	0.369342	0.842415	
0.634498	0.849917	0.346139	0.652367	
0.49562	0.734469	0.390016	0.593129	
1	1	0.218392	0.954936	
1	0.968216	0.25293	0.837213	
0.662208	0.829618	0.22767	0.658843	
0.511492	0.714342	0.251454	0.565237	
1	1	0.134239	0.942337	
1	0.980357	0.137213	0.836925	
0.679264	0.855475	0.138844	0.676555	
0.549404	0.699826	0.143456	0.571937	
1	1	0.0777453	0.934714	
1	0.992647	0.080865	0.826708	
0.697561	0.871969	0.0737867	0.69075	
0.573442	0.707018	0.0759717	0.589744	


Energy
NOFLD	myOFLD	AOFLDC	SeGW
12329.2	10720.1	9750.43	11893.7	
17531.3	11015.5	9743.1	13785.1	
17608.8	10384.3	9622.41	12956.6	
17608.8	9876.63	9597.63	11916.8	
12314.9	11192	10012.5	12031	
17512	11954.6	10012.5	14556.4	
17608.8	11322.8	10037	14974.9	
17608.8	10899.2	9979.89	13427.8	
12288.5	11569.1	10182.5	12171.4	
17496.4	12744.1	10168.3	15242.1	
17608.8	12427.2	10173.4	15984.6	
17608.8	11579	10142.1	14681.8	
12264.8	11593.3	10223.7	12121.5	
17464.3	13381.4	10221	15532.9	
17608.8	12996.3	10223.3	16624.5	
17608.8	12122.4	10216.6	15662.7	
12251.2	11647.6	10256.9	12075	
17433.4	14400.2	10252.1	15740.9	
17608.8	13766.7	10244.7	17102.2	
17608.8	13009.1	10246.7	16569.2	
12238.2	11624.7	10256.2	12026.4	
17402	14992.6	10254.2	15716.5	
17608.8	14962.8	10255.7	17271.4	
17608.8	13860	10252.5	17166.2	


Resp
NOFLD	myOFLD	AOFLDC	SeGW
615635	654404	899374	607585	
1572260	1180430	902273	855717	
924350	1312773	881563	918692	
655820	1379801	1132908	1046577	
720325	747647	1012521	744645	
1907115	1513883	1077810	1046732	
1337140	1881044	1004039	1076661	
1019105	1821229	1139036	1197196	
827680	831395	861687	899574	
2283330	1871748	1013574	1207706	
1686265	2285941	961039	1222125	
1373665	2173886	1063803	1349878	
929335	935392	736199	1020945	
2611130	2137963	832772	1332621	
2118220	2667989	833145	1373201	
1757210	2586237	900747	1489845	
1137430	1171097	619502	1339637	
3270590	2637419	675385	1706860	
2709295	3476753	670266	1708196	
2496320	3441257	699318	1838111	
1331760	1385394	515883	1553834	
3844355	3204549	527597	2102805	
3143315	4195169	508192	2043661	
2981595	4111593	532577	2127509	


CloudEng
NOFLD	myOFLD	AOFLDC	SeGW
0	72330	299857	23956	
0	387919	578253	203246	
0	727208	846068	522339	
0	948880	1101217	888591	
0	34352	282612	11794	
0	309340	536948	132976	
0	655595	775085	312652	
0	909600	1002115	686857	
0	5832	252775	0	
0	232042	487191	71925	
0	529268	698655	189152	
0	797606	891895	485392	
0	1030	228178	0	
0	162619	431075	40075	
0	452691	609477	109406	
0	684347	790736	317646	
0	0	191304	0	
0	49404	354372	11518	
0	359127	515464	46809	
0	541655	646708	169004	
0	0	157191	0	
0	13487	289516	1619	
0	231365	402466	29403	
0	433121	526714	66920	


FogEng
NOFLD	myOFLD	AOFLDC	SeGW
10328	12231	10328	10328	
10328	12851	10328	10328	
10328	11645	10328	10328	
10328	11012	10328	10328	
10328	12204	10328	10328	
10328	13226	10328	10328	
10328	13347	10328	10328	
10328	12241	10328	10328	
10328	12003	10328	10328	
10328	13997	10328	10328	
10328	14368	10328	10328	
10328	13409	10328	10328	
10328	11995	10328	10328	
10328	14451	10328	10328	
10328	14482	10328	10328	
10328	14687	10328	10328	
10328	11878	10328	10328	
10328	15252	10328	10328	
10328	14886	10328	10328	
10328	15355	10328	10328	
10328	12026	10328	10328	
10328	15327	10328	10328	
10328	14435	10328	10328	
10328	14859	10328	10328	


GW_Eng
GW1	GW2	GW3
10557.3	10882.8	12231.9
10843.1	11188	12851.8
10355.1	10413.6	11646.2
9782.13	9971.14	11013.6
11273	11111	12204.7
11870.8	12038.4	13226.7
11240.1	11405.6	13347.8
10960.6	10837.8	12242.4
11493.3	11644.9	12003.9
12429.3	13059	13998.3
12304.2	12550.1	14368.9
11593.3	11564.7	13410.1
11562.2	11624.4	11996.3
13164.7	13598.1	14452.6
12973.3	13019.3	14483.3
12022.2	12222.5	14688.3
11681.2	11614.1	11879
14163.2	14637.2	15253.5
13787.3	13746.1	14886.6
13098.2	12920	15356.2
11581.8	11667.5	12027.4
15101.5	14883.6	15328.3
14928.5	14997.1	14436.6
13887.9	13832	14860.1


