Meet_R
NOFLD	myOFLD	AOFLDC	SeGW
1	0.999501	0.856734	0.966549	
1	0.978592	0.846924	0.87869	
0.572212	0.972617	0.829472	0.778642	
0.379453	0.905381	0.854721	0.753757	
1	1	0.765538	0.962037	
1	0.987986	0.759004	0.850523	
0.61467	0.958599	0.725137	0.718386	
0.468501	0.864825	0.741163	0.687248	
1	1	0.549466	0.961815	
1	0.982804	0.614018	0.844682	
0.634498	0.929659	0.576988	0.66846	
0.49562	0.805147	0.583295	0.638612	
1	1	0.40124	0.954936	
1	0.983757	0.426149	0.838903	
0.662208	0.909298	0.409201	0.669021	
0.511492	0.787916	0.413264	0.601414	
1	1	0.238065	0.942337	
1	0.987597	0.253963	0.83758	
0.679264	0.889983	0.264623	0.681268	
0.549404	0.709873	0.261845	0.587301	
1	1	0.135733	0.934714	
1	0.988099	0.146796	0.826708	
0.697561	0.845329	0.130394	0.692247	
0.573442	0.658687	0.139113	0.598433	


Energy
NOFLD	myOFLD	AOFLDC	SeGW
12329.2	10485.8	9626.63	11886.8	
17531.3	11000.3	9632.87	13760.4	
17608.8	10348.4	9543	12955.2	
17608.8	10188	9497.83	11965.5	
12314.9	11023	10048.4	12029.3	
17512	11925.9	10013.3	14550	
17608.8	11380.7	10092.6	15066.7	
17608.8	11036.1	10010.7	13717.8	
12288.5	11417.3	10363	12171.4	
17496.4	12754.6	10345.5	15225.7	
17608.8	12684.6	10345.7	16041.2	
17608.8	11834.9	10266.3	14968.9	
12264.8	11515.9	10455.3	12121.5	
17464.3	13469.1	10425.3	15522.5	
17608.8	13352.5	10455	16676.4	
17608.8	12475.6	10415.4	15896	
12251.2	11622.1	10522.6	12075	
17433.4	14650.6	10507.1	15738	
17608.8	14405.5	10502.4	17131.4	
17608.8	13501	10503.2	16760.6	
12238.2	11615.9	10513.2	12026.4	
17402	15162.7	10512.6	15715.8	
17608.8	15660.7	10509.9	17282.4	
17608.8	14378.5	10506.4	17257.2	


Resp
NOFLD	myOFLD	AOFLDC	SeGW
615635	634215	927269	601654	
1572260	1095104	973576	825916	
924350	1324815	1064018	870485	
655820	1384027	1269204	1034822	
720325	746898	1340378	740245	
1907115	1431796	1305496	1018357	
1337140	1824682	1377184	1052128	
1019105	1801174	1484030	1210230	
827680	840887	1443299	899574	
2283330	1758959	1621717	1179756	
1686265	2314595	1553682	1185455	
1373665	2151310	1512448	1339130	
929335	950361	1337452	1020945	
2611130	2094036	1380070	1316510	
2118220	2769391	1390516	1348819	
1757210	2616456	1342215	1469202	
1137430	1185630	1031312	1339637	
3270590	2815770	1096567	1701571	
2709295	3610853	1164159	1695408	
2496320	3202807	1197511	1805949	
1331760	1405375	709622	1553834	
3844355	3334927	778772	2100989	
3143315	4045824	733490	2030053	
2981595	3596021	744610	2117038	


CloudEng
NOFLD	myOFLD	AOFLDC	SeGW
0	72330	307920	23956	
0	388228	596487	203246	
0	789573	882975	522339	
0	1065698	1165919	898420	
0	34352	302315	11794	
0	309340	586661	132976	
0	700031	860652	312652	
0	990302	1122138	690607	
0	5832	287389	0	
0	231876	555547	71925	
0	563746	811322	189152	
0	885890	1054257	485944	
0	1030	269317	0	
0	162619	512830	40075	
0	488762	742719	109406	
0	773171	964071	317896	
0	0	241643	0	
0	49404	441956	11518	
0	379514	637515	46809	
0	626575	818623	169004	
0	0	210069	0	
0	13487	376721	1619	
0	240359	533530	29403	
0	504520	693194	66920	


FogEng
NOFLD	myOFLD	AOFLDC	SeGW
10328	12978	10328	10328	
10328	13099	10328	10328	
10328	11564	10328	10328	
10328	11023	10328	10328	
10328	12778	10328	10328	
10328	13983	10328	10328	
10328	13471	10328	10328	
10328	12295	10328	10328	
10328	12495	10328	10328	
10328	14805	10328	10328	
10328	14702	10328	10328	
10328	13621	10328	10328	
10328	12294	10328	10328	
10328	15383	10328	10328	
10328	15303	10328	10328	
10328	14898	10328	10328	
10328	12036	10328	10328	
10328	16373	10328	10328	
10328	15716	10328	10328	
10328	15343	10328	10328	
10328	12203	10328	10328	
10328	15982	10328	10328	
10328	15395	10328	10328	
10328	15364	10328	10328	


GW_Eng
GW1	GW2	GW3
10430.9	10540.6	12979.5
10964	11036.7	13100.2
10365	10331.8	11565
10147.5	10228.5	11024.3
11148.2	10897.9	12779.4
12009.3	11842.4	13983.7
11404.2	11357.1	13472.4
11090.7	10981.5	12296.3
11413.2	11421.4	12495.9
12504.4	13004.8	14806.2
12616.7	12752.5	14702.9
11700.8	11968.9	13622.5
11451.3	11580.4	12295.3
13405.5	13532.7	15383.9
13323.5	13381.4	15304.1
12341.2	12610	14899.2
11671.3	11572.8	12037.6
14657.5	14643.6	16374.5
14409.4	14401.7	15717.6
13551.1	13450.8	15344.6
11562.8	11669	12204.4
15325.3	15000	15982.7
15580.1	15741.4	15396.1
14376.8	14380.2	15364.8


