Meet_R
NOFLD	myOFLD	AOFLDC	SeGW
1	0.999358	0.694991	0.965216	
1	0.968469	0.672701	0.867447	
0.572212	0.874801	0.645891	0.752928	
0.379453	0.784961	0.684426	0.698317	
1	1	0.534776	0.961465	
1	0.971585	0.556178	0.844415	
0.61467	0.849778	0.490189	0.688007	
0.468501	0.732429	0.521969	0.627296	
1	1	0.331213	0.961815	
1	0.972691	0.369342	0.842415	
0.634498	0.819043	0.346139	0.652367	
0.49562	0.69455	0.390016	0.593129	
1	1	0.218392	0.954936	
1	0.97544	0.25293	0.837213	
0.662208	0.799693	0.22767	0.658843	
0.511492	0.682365	0.251454	0.565237	
1	1	0.134239	0.942337	
1	0.983644	0.137213	0.836925	
0.679264	0.796464	0.138844	0.676555	
0.549404	0.631894	0.143456	0.571937	
1	1	0.0777453	0.934714	
1	0.988789	0.080865	0.826708	
0.697561	0.789166	0.0737867	0.69075	
0.573442	0.603107	0.0759717	0.589744	


Energy
NOFLD	myOFLD	AOFLDC	SeGW
12329.2	10432.8	9750.43	11893.7	
17531.3	11025.4	9743.1	13785.1	
17608.8	10486.8	9622.41	12956.6	
17608.8	10215.8	9597.63	11916.8	
12314.9	10914.5	10012.5	12031	
17512	11878.7	10012.5	14556.4	
17608.8	11444	10037	14974.9	
17608.8	11311.5	9979.89	13427.8	
12288.5	11343.2	10182.5	12171.4	
17496.4	12681	10168.3	15242.1	
17608.8	12507.1	10173.4	15984.6	
17608.8	11889.9	10142.1	14681.8	
12264.8	11482.2	10223.7	12121.5	
17464.3	13376.1	10221	15532.9	
17608.8	13091.3	10223.3	16624.5	
17608.8	12369	10216.6	15662.7	
12251.2	11604.2	10256.9	12075	
17433.4	14645.9	10252.1	15740.9	
17608.8	14108.5	10244.7	17102.2	
17608.8	13334.2	10246.7	16569.2	
12238.2	11590.4	10256.2	12026.4	
17402	15169.1	10254.2	15716.5	
17608.8	15382.4	10255.7	17271.4	
17608.8	14151.5	10252.5	17166.2	


Resp
NOFLD	myOFLD	AOFLDC	SeGW
615635	672853	899374	607585	
1572260	1230500	902273	855717	
924350	1287674	881563	918692	
655820	1314083	1132908	1046577	
720325	772547	1012521	744645	
1907115	1576622	1077810	1046732	
1337140	1790638	1004039	1076661	
1019105	1647534	1139036	1197196	
827680	855544	861687	899574	
2283330	1934376	1013574	1207706	
1686265	2208896	961039	1222125	
1373665	1969257	1063803	1349878	
929335	956529	736199	1020945	
2611130	2267965	832772	1332621	
2118220	2568640	833145	1373201	
1757210	2421312	900747	1489845	
1137430	1188565	619502	1339637	
3270590	2894105	675385	1706860	
2709295	3365017	670266	1708196	
2496320	3067933	699318	1838111	
1331760	1410858	515883	1553834	
3844355	3361003	527597	2102805	
3143315	3814228	508192	2043661	
2981595	3401346	532577	2127509	


CloudEng
NOFLD	myOFLD	AOFLDC	SeGW
0	72330	299857	23956	
0	388148	578253	203246	
0	716790	846068	522339	
0	929855	1101217	888591	
0	34352	282612	11794	
0	309134	536948	132976	
0	634833	775085	312652	
0	853623	1002115	686857	
0	5832	252775	0	
0	231979	487191	71925	
0	521165	698655	189152	
0	750892	891895	485392	
0	1030	228178	0	
0	162619	431075	40075	
0	445460	609477	109406	
0	645762	790736	317646	
0	0	191304	0	
0	49404	354372	11518	
0	353081	515464	46809	
0	521054	646708	169004	
0	0	157191	0	
0	13487	289516	1619	
0	230912	402466	29403	
0	413871	526714	66920	


FogEng
NOFLD	myOFLD	AOFLDC	SeGW
10328	13162	10328	10328	
10328	13325	10328	10328	
10328	11901	10328	10328	
10328	11069	10328	10328	
10328	13033	10328	10328	
10328	14311	10328	10328	
10328	13784	10328	10328	
10328	12463	10328	10328	
10328	12650	10328	10328	
10328	15138	10328	10328	
10328	14969	10328	10328	
10328	13803	10328	10328	
10328	12363	10328	10328	
10328	15684	10328	10328	
10328	15390	10328	10328	
10328	15108	10328	10328	
10328	12072	10328	10328	
10328	16393	10328	10328	
10328	15518	10328	10328	
10328	15470	10328	10328	
10328	12254	10328	10328	
10328	15983	10328	10328	
10328	15208	10328	10328	
10328	15577	10328	10328	


GW_Eng
GW1	GW2	GW3
10384.8	10480.8	13162.8
10906.3	11144.5	13326.2
10480.8	10492.9	11902.2
10242.9	10188.6	11069.9
11038.8	10790.1	13034.4
11865.8	11891.5	14312.6
11349.8	11538.3	13785.2
11286.8	11336.2	12464.4
11333.2	11353.2	12650.9
12417.3	12944.7	15139
12408.2	12605.9	14970.7
11815.9	11963.9	13803.9
11420.9	11543.5	12364
13215.6	13536.7	15685.2
13118.7	13063.9	15391.4
12212.5	12525.4	15109.6
11652.2	11556.1	12073.4
14663.9	14628	16394.5
14128.4	14088.6	15519.5
13435	13233.3	15470.9
11537.6	11643.2	12255.5
15349	14989.2	15984.5
15335.3	15429.4	15209.3
14222.6	14080.4	15578.6


