Meet_R
NOFLD	myOFLD	AOFLDC	SeGW
1	0.999657	0.856734	0.966549	
1	0.985597	0.846924	0.87869	
0.572212	0.973234	0.829472	0.778642	
0.379453	0.905581	0.854721	0.753757	
1	0.9999	0.765538	0.962037	
1	0.988261	0.759004	0.850523	
0.61467	0.965177	0.725137	0.718386	
0.468501	0.87165	0.741163	0.687248	
1	1	0.549466	0.961815	
1	0.984802	0.614018	0.844682	
0.634498	0.933257	0.576988	0.66846	
0.49562	0.814881	0.583295	0.638612	
1	1	0.40124	0.954936	
1	0.984224	0.426149	0.838903	
0.662208	0.909481	0.409201	0.669021	
0.511492	0.791091	0.413264	0.601414	
1	1	0.238065	0.942337	
1	0.986648	0.253963	0.83758	
0.679264	0.888138	0.264623	0.681268	
0.549404	0.709885	0.261845	0.587301	
1	1	0.135733	0.934714	
1	0.986999	0.146796	0.826708	
0.697561	0.844285	0.130394	0.692247	
0.573442	0.658501	0.139113	0.598433	


Energy
NOFLD	myOFLD	AOFLDC	SeGW
12329.2	9971.79	9626.63	11886.8	
17531.3	10633.9	9632.87	13760.4	
17608.8	10208.5	9543	12955.2	
17608.8	10115.1	9497.83	11965.5	
12314.9	10635.6	10048.4	12029.3	
17512	11499.5	10013.3	14550	
17608.8	11097.6	10092.6	15066.7	
17608.8	10942.8	10010.7	13717.8	
12288.5	11286.9	10363	12171.4	
17496.4	12410.9	10345.5	15225.7	
17608.8	12421.9	10345.7	16041.2	
17608.8	11702.2	10266.3	14968.9	
12264.8	11462.3	10455.3	12121.5	
17464.3	13290.9	10425.3	15522.5	
17608.8	13197.6	10455	16676.4	
17608.8	12372.3	10415.4	15896	
12251.2	11598.3	10522.6	12075	
17433.4	14639	10507.1	15738	
17608.8	14375.4	10502.4	17131.4	
17608.8	13461.9	10503.2	16760.6	
12238.2	11560.3	10513.2	12026.4	
17402	15192	10512.6	15715.8	
17608.8	15661.9	10509.9	17282.4	
17608.8	14379.9	10506.4	17257.2	


Resp
NOFLD	myOFLD	AOFLDC	SeGW
615635	631468	927269	601654	
1572260	1065184	973576	825916	
924350	1310464	1064018	870485	
655820	1377180	1269204	1034822	
720325	760130	1340378	740245	
1907115	1385705	1305496	1018357	
1337140	1761334	1377184	1052128	
1019105	1809456	1484030	1210230	
827680	862000	1443299	899574	
2283330	1721984	1621717	1179756	
1686265	2254919	1553682	1185455	
1373665	2159478	1512448	1339130	
929335	959590	1337452	1020945	
2611130	2088820	1380070	1316510	
2118220	2750160	1390516	1348819	
1757210	2603641	1342215	1469202	
1137430	1194430	1031312	1339637	
3270590	2828960	1096567	1701571	
2709295	3622816	1164159	1695408	
2496320	3199353	1197511	1805949	
1331760	1420874	709622	1553834	
3844355	3335640	778772	2100989	
3143315	4035693	733490	2030053	
2981595	3594856	744610	2117038	


CloudEng
NOFLD	myOFLD	AOFLDC	SeGW
0	72330	307920	23956	
0	388276	596487	203246	
0	789801	882975	522339	
0	1065941	1165919	898420	
0	34352	302315	11794	
0	309340	586661	132976	
0	699115	860652	312652	
0	993287	1122138	690607	
0	5832	287389	0	
0	232042	555547	71925	
0	563908	811322	189152	
0	887005	1054257	485944	
0	1030	269317	0	
0	162619	512830	40075	
0	488924	742719	109406	
0	770606	964071	317896	
0	0	241643	0	
0	49404	441956	11518	
0	379566	637515	46809	
0	625960	818623	169004	
0	0	210069	0	
0	13487	376721	1619	
0	240359	533530	29403	
0	504314	693194	66920	


FogEng
NOFLD	myOFLD	AOFLDC	SeGW
10328	14010	10328	10328	
10328	13850	10328	10328	
10328	11839	10328	10328	
10328	11173	10328	10328	
10328	13553	10328	10328	
10328	14853	10328	10328	
10328	14073	10328	10328	
10328	12506	10328	10328	
10328	12755	10328	10328	
10328	15545	10328	10328	
10328	15250	10328	10328	
10328	13922	10328	10328	
10328	12401	10328	10328	
10328	15766	10328	10328	
10328	15610	10328	10328	
10328	15115	10328	10328	
10328	12084	10328	10328	
10328	16377	10328	10328	
10328	15756	10328	10328	
10328	15375	10328	10328	
10328	12315	10328	10328	
10328	15885	10328	10328	
10328	15351	10328	10328	
10328	15371	10328	10328	


GW_Eng
GW1	GW2	GW3
10004.9	9938.72	14011.5
10589.8	10678.1	13851.1
10237.6	10179.4	11840.6
10095	10135.3	11174.7
10690.7	10580.6	13554.5
11488.2	11510.8	14853.9
11127.2	11068.1	14074
10979.6	10906	12507.1
11282.9	11291	12756.6
12222.1	12599.8	15546.3
12391.8	12451.9	15251.3
11611.7	11792.8	13922.9
11395.5	11529.1	12402.5
13234.6	13347.2	15767.6
13158.7	13236.5	15610.8
12281.2	12463.3	15116.1
11642.5	11554	12085.2
14650.8	14627.1	16378.6
14376.7	14374.1	15757
13533.3	13390.6	15375.8
11509.1	11611.5	12315.7
15352.5	15031.6	15885.8
15581.4	15742.4	15351.7
14374.8	14384.9	15371.8


