Meet_R
NOFLD	myOFLD	AOFLDC	SeGW
1	1	0.549466	0.961815	
1	0.987766	0.614018	0.844682	
0.634498	0.961364	0.576988	0.66846	
0.49562	0.859481	0.583295	0.638612	


Energy
NOFLD	myOFLD	AOFLDC	SeGW
12288.5	11194.1	10363	12171.4	
17496.4	11922.2	10345.5	15225.7	
17608.8	12082.5	10345.7	16041.2	
17608.8	11337.9	10266.3	14968.9	


Resp
NOFLD	myOFLD	AOFLDC	SeGW
827680	824984	1443299	899574	
2283330	1554437	1621717	1179756	
1686265	2220606	1553682	1185455	
1373665	2302407	1512448	1339130	


CloudEng
NOFLD	myOFLD	AOFLDC	SeGW
0	5832	287389	0	
0	232042	555547	71925	
0	564397	811322	189152	
0	912783	1054257	485944	


FogEng
NOFLD	myOFLD	AOFLDC	SeGW
7203	9700	7203	7203	
7203	13054	7203	7203	
7203	12747	7203	7203	
7203	11097	7203	7203	


GW_Eng
GW1	GW2	GW3
11152.3	11235.8	9700.85
11468.5	12375.9	13054.8
11959.7	12205.3	12748.4
11289.2	11386.6	11097.7


