3 3
GW 0.995
Task 96 100 0.96
Task 19 800 0.02375
Task 9 800 0.01125
GW 0.99875
Task 633 800 0.79125
Task 155 800 0.19375
Task 11 800 0.01375
GW 0.9875
Task 75 100 0.75
Task 28 200 0.14
Task 39 400 0.0975
-------------
001
-------------
3 3
GW 0.9875
Task 70 100 0.7
Task 19 100 0.19
Task 39 400 0.0975
GW 0.99375
Task 175 200 0.875
Task 33 400 0.0825
Task 29 800 0.03625
GW 0.9925
Task 47 100 0.47
Task 145 400 0.3625
Task 64 400 0.16
-------------
002
-------------
3 3
GW 0.98875
Task 89 100 0.89
Task 15 200 0.075
Task 19 800 0.02375
GW 0.99
Task 60 100 0.6
Task 57 200 0.285
Task 21 200 0.105
GW 0.99875
Task 189 200 0.945
Task 13 400 0.0325
Task 17 800 0.02125
-------------
003
-------------
3 3
GW 0.9875
Task 72 100 0.72
Task 19 100 0.19
Task 31 400 0.0775
GW 0.99875
Task 484 800 0.605
Task 224 800 0.28
Task 91 800 0.11375
GW 0.995
Task 75 100 0.75
Task 45 200 0.225
Task 8 400 0.02
-------------
004
-------------
3 3
GW 0.9925
Task 55 100 0.55
Task 58 200 0.29
Task 61 400 0.1525
GW 0.9975
Task 123 200 0.615
Task 224 800 0.28
Task 82 800 0.1025
GW 0.9975
Task 345 400 0.8625
Task 81 800 0.10125
Task 27 800 0.03375
-------------
005
-------------
3 3
GW 0.9875
Task 64 100 0.64
Task 32 100 0.32
Task 11 400 0.0275
GW 0.99875
Task 243 400 0.6075
Task 135 400 0.3375
Task 43 800 0.05375
GW 0.995
Task 96 200 0.48
Task 158 400 0.395
Task 48 400 0.12
-------------
006
-------------
3 3
GW 0.9925
Task 54 100 0.54
Task 170 400 0.425
Task 11 400 0.0275
GW 0.995
Task 137 200 0.685
Task 52 200 0.26
Task 40 800 0.05
GW 0.99
Task 58 100 0.58
Task 152 400 0.38
Task 24 800 0.03
-------------
007
-------------
3 3
GW 0.995
Task 132 200 0.66
Task 61 200 0.305
Task 12 400 0.03
GW 0.99625
Task 160 400 0.4
Task 267 800 0.33375
Task 210 800 0.2625
GW 0.99
Task 53 100 0.53
Task 81 200 0.405
Task 11 200 0.055
-------------
008
-------------
3 3
GW 0.99625
Task 236 400 0.59
Task 109 400 0.2725
Task 107 800 0.13375
GW 0.995
Task 55 100 0.55
Task 129 400 0.3225
Task 98 800 0.1225
GW 0.9975
Task 112 200 0.56
Task 63 200 0.315
Task 49 400 0.1225
-------------
009
-------------
3 3
GW 0.9975
Task 214 400 0.535
Task 167 400 0.4175
Task 36 800 0.045
GW 0.99
Task 43 100 0.43
Task 68 200 0.34
Task 88 400 0.22
GW 0.995
Task 94 100 0.94
Task 9 200 0.045
Task 2 200 0.01
-------------
010
-------------
3 3
GW 0.995
Task 147 200 0.735
Task 26 200 0.13
Task 104 800 0.13
GW 0.99875
Task 218 400 0.545
Task 284 800 0.355
Task 79 800 0.09875
GW 0.9975
Task 67 100 0.67
Task 126 400 0.315
Task 10 800 0.0125
-------------
011
-------------
3 3
GW 0.9925
Task 161 200 0.805
Task 23 200 0.115
Task 29 400 0.0725
GW 0.9925
Task 45 100 0.45
Task 65 200 0.325
Task 87 400 0.2175
GW 0.9975
Task 203 400 0.5075
Task 354 800 0.4425
Task 38 800 0.0475
-------------
012
-------------
3 3
GW 0.995
Task 53 100 0.53
Task 27 100 0.27
Task 156 800 0.195
GW 0.99625
Task 113 200 0.565
Task 120 400 0.3
Task 105 800 0.13125
GW 0.99125
Task 63 100 0.63
Task 232 800 0.29
Task 57 800 0.07125
-------------
013
-------------
3 3
GW 0.995
Task 209 400 0.5225
Task 103 400 0.2575
Task 172 800 0.215
GW 0.9975
Task 160 200 0.8
Task 68 400 0.17
Task 22 800 0.0275
GW 0.995
Task 50 100 0.5
Task 97 200 0.485
Task 4 400 0.01
-------------
014
-------------
3 3
GW 0.99
Task 85 100 0.85
Task 20 200 0.1
Task 32 800 0.04
GW 0.9925
Task 96 200 0.48
Task 89 200 0.445
Task 54 800 0.0675
GW 0.99
Task 87 100 0.87
Task 12 200 0.06
Task 24 400 0.06
-------------
015
-------------
3 3
GW 0.99
Task 66 100 0.66
Task 25 100 0.25
Task 8 100 0.08
GW 0.995
Task 184 200 0.92
Task 11 200 0.055
Task 16 800 0.02
GW 0.995
Task 49 100 0.49
Task 48 100 0.48
Task 5 200 0.025
-------------
016
-------------
3 3
GW 0.995
Task 51 100 0.51
Task 187 400 0.4675
Task 14 800 0.0175
GW 0.9875
Task 89 100 0.89
Task 10 200 0.05
Task 19 400 0.0475
GW 0.99
Task 44 100 0.44
Task 31 100 0.31
Task 48 200 0.24
-------------
017
-------------
3 3
GW 0.99375
Task 93 100 0.93
Task 20 400 0.05
Task 11 800 0.01375
GW 0.99
Task 53 100 0.53
Task 55 200 0.275
Task 37 200 0.185
GW 0.9875
Task 92 100 0.92
Task 11 200 0.055
Task 5 400 0.0125
-------------
018
-------------
3 3
GW 0.995
Task 73 100 0.73
Task 35 200 0.175
Task 18 200 0.09
GW 0.99625
Task 291 400 0.7275
Task 96 400 0.24
Task 23 800 0.02875
GW 0.995
Task 184 200 0.92
Task 11 200 0.055
Task 4 200 0.02
-------------
019
-------------
3 3
GW 0.9925
Task 109 200 0.545
Task 132 400 0.33
Task 47 400 0.1175
GW 0.9925
Task 77 100 0.77
Task 20 100 0.2
Task 9 400 0.0225
GW 0.99
Task 45 100 0.45
Task 29 100 0.29
Task 100 400 0.25
-------------
020
-------------
3 3
GW 0.99125
Task 68 200 0.34
Task 65 200 0.325
Task 261 800 0.32625
GW 0.9975
Task 317 400 0.7925
Task 55 400 0.1375
Task 54 800 0.0675
GW 0.99125
Task 51 100 0.51
Task 324 800 0.405
Task 61 800 0.07625
-------------
021
-------------
3 3
GW 0.995
Task 184 200 0.92
Task 13 200 0.065
Task 8 800 0.01
GW 0.99625
Task 92 200 0.46
Task 71 200 0.355
Task 145 800 0.18125
GW 0.99
Task 77 100 0.77
Task 41 200 0.205
Task 3 200 0.015
-------------
022
-------------
3 3
GW 0.99
Task 74 100 0.74
Task 48 200 0.24
Task 2 200 0.01
GW 0.99
Task 43 100 0.43
Task 126 400 0.315
Task 98 400 0.245
GW 0.9925
Task 52 100 0.52
Task 141 400 0.3525
Task 48 400 0.12
-------------
023
-------------
3 3
GW 0.98875
Task 40 100 0.4
Task 124 400 0.31
Task 223 800 0.27875
GW 0.99625
Task 131 200 0.655
Task 233 800 0.29125
Task 40 800 0.05
GW 0.985
Task 91 100 0.91
Task 11 200 0.055
Task 4 200 0.02
-------------
024
-------------
3 3
GW 0.9975
Task 132 200 0.66
Task 107 400 0.2675
Task 56 800 0.07
GW 0.99625
Task 79 200 0.395
Task 69 200 0.345
Task 205 800 0.25625
GW 0.9825
Task 50 100 0.5
Task 30 100 0.3
Task 73 400 0.1825
-------------
025
-------------
3 3
GW 0.99625
Task 46 100 0.46
Task 176 400 0.44
Task 77 800 0.09625
GW 0.99125
Task 95 100 0.95
Task 5 200 0.025
Task 13 800 0.01625
GW 0.99625
Task 187 400 0.4675
Task 125 400 0.3125
Task 173 800 0.21625
-------------
026
-------------
3 3
GW 0.99
Task 54 100 0.54
Task 114 400 0.285
Task 66 400 0.165
GW 0.995
Task 145 200 0.725
Task 46 200 0.23
Task 16 400 0.04
GW 0.995
Task 123 200 0.615
Task 69 200 0.345
Task 28 800 0.035
-------------
027
-------------
3 3
GW 0.9925
Task 62 100 0.62
Task 144 400 0.36
Task 5 400 0.0125
GW 0.9975
Task 316 400 0.79
Task 58 400 0.145
Task 50 800 0.0625
GW 0.9925
Task 45 100 0.45
Task 61 200 0.305
Task 95 400 0.2375
-------------
028
-------------
3 3
GW 0.985
Task 94 100 0.94
Task 7 200 0.035
Task 4 400 0.01
GW 0.99
Task 88 200 0.44
Task 85 200 0.425
Task 25 200 0.125
GW 0.99875
Task 682 800 0.8525
Task 89 800 0.11125
Task 28 800 0.035
-------------
029
-------------
3 3
GW 0.995
Task 71 100 0.71
Task 73 400 0.1825
Task 41 400 0.1025
GW 0.9975
Task 148 200 0.74
Task 75 400 0.1875
Task 28 400 0.07
GW 0.99
Task 80 100 0.8
Task 10 100 0.1
Task 18 200 0.09
-------------
030
-------------
3 3
GW 0.9825
Task 69 100 0.69
Task 24 100 0.24
Task 21 400 0.0525
GW 0.995
Task 155 200 0.775
Task 46 400 0.115
Task 42 400 0.105
GW 0.9925
Task 51 100 0.51
Task 256 800 0.32
Task 130 800 0.1625
-------------
031
-------------
3 3
GW 0.99625
Task 359 400 0.8975
Task 71 800 0.08875
Task 8 800 0.01
GW 0.9925
Task 60 100 0.6
Task 211 800 0.26375
Task 103 800 0.12875
GW 0.99375
Task 93 200 0.465
Task 107 400 0.2675
Task 209 800 0.26125
-------------
032
-------------
3 3
GW 0.99
Task 57 100 0.57
Task 34 100 0.34
Task 16 200 0.08
GW 0.9925
Task 75 100 0.75
Task 17 100 0.17
Task 29 400 0.0725
GW 0.99625
Task 55 100 0.55
Task 151 400 0.3775
Task 55 800 0.06875
-------------
033
-------------
3 3
GW 0.99125
Task 65 100 0.65
Task 111 400 0.2775
Task 51 800 0.06375
GW 0.99
Task 40 100 0.4
Task 60 200 0.3
Task 232 800 0.29
GW 0.9975
Task 96 100 0.96
Task 5 200 0.025
Task 5 400 0.0125
-------------
034
-------------
3 3
GW 0.9925
Task 103 200 0.515
Task 126 400 0.315
Task 65 400 0.1625
GW 0.995
Task 48 100 0.48
Task 42 100 0.42
Task 19 200 0.095
GW 0.99
Task 57 100 0.57
Task 62 200 0.31
Task 22 200 0.11
-------------
035
-------------
3 3
GW 0.99125
Task 54 100 0.54
Task 67 200 0.335
Task 93 800 0.11625
GW 0.995
Task 58 100 0.58
Task 33 100 0.33
Task 34 400 0.085
GW 0.99
Task 95 200 0.475
Task 76 200 0.38
Task 54 400 0.135
-------------
036
-------------
3 3
GW 0.9925
Task 96 100 0.96
Task 16 800 0.02
Task 10 800 0.0125
GW 0.99375
Task 101 200 0.505
Task 149 400 0.3725
Task 93 800 0.11625
GW 0.995
Task 58 100 0.58
Task 22 100 0.22
Task 39 200 0.195
-------------
037
-------------
3 3
GW 0.99125
Task 37 100 0.37
Task 143 400 0.3575
Task 211 800 0.26375
GW 0.99625
Task 117 200 0.585
Task 127 400 0.3175
Task 75 800 0.09375
GW 0.99
Task 58 100 0.58
Task 90 400 0.225
Task 148 800 0.185
-------------
038
-------------
3 3
GW 0.985
Task 86 100 0.86
Task 18 200 0.09
Task 14 400 0.035
GW 0.99625
Task 282 400 0.705
Task 94 400 0.235
Task 45 800 0.05625
GW 0.99
Task 76 100 0.76
Task 56 400 0.14
Task 36 400 0.09
-------------
039
-------------
3 3
GW 0.995
Task 142 200 0.71
Task 100 400 0.25
Task 28 800 0.035
GW 0.99
Task 84 200 0.42
Task 68 200 0.34
Task 184 800 0.23
GW 0.995
Task 64 100 0.64
Task 53 200 0.265
Task 36 400 0.09
-------------
040
-------------
3 3
GW 0.995
Task 66 100 0.66
Task 112 400 0.28
Task 44 800 0.055
GW 0.995
Task 77 100 0.77
Task 46 400 0.115
Task 88 800 0.11
GW 0.98
Task 53 100 0.53
Task 40 100 0.4
Task 5 100 0.05
-------------
041
-------------
3 3
GW 0.99625
Task 342 400 0.855
Task 35 400 0.0875
Task 43 800 0.05375
GW 0.9875
Task 76 100 0.76
Task 25 200 0.125
Task 82 800 0.1025
GW 0.99
Task 58 100 0.58
Task 72 200 0.36
Task 40 800 0.05
-------------
042
-------------
3 3
GW 0.99375
Task 155 200 0.775
Task 38 200 0.19
Task 23 800 0.02875
GW 0.9875
Task 60 100 0.6
Task 108 400 0.27
Task 47 400 0.1175
GW 0.98125
Task 47 100 0.47
Task 43 100 0.43
Task 65 800 0.08125
-------------
043
-------------
3 3
GW 0.99
Task 81 100 0.81
Task 17 100 0.17
Task 2 200 0.01
GW 0.99875
Task 184 400 0.46
Task 329 800 0.41125
Task 102 800 0.1275
GW 0.9975
Task 207 400 0.5175
Task 203 800 0.25375
Task 181 800 0.22625
-------------
044
-------------
3 3
GW 0.99
Task 82 100 0.82
Task 112 800 0.14
Task 24 800 0.03
GW 0.99375
Task 115 200 0.575
Task 129 400 0.3225
Task 77 800 0.09625
GW 0.995
Task 46 100 0.46
Task 297 800 0.37125
Task 131 800 0.16375
-------------
045
-------------
3 3
GW 0.99625
Task 99 200 0.495
Task 117 400 0.2925
Task 167 800 0.20875
GW 0.9925
Task 129 200 0.645
Task 46 200 0.23
Task 47 400 0.1175
GW 0.99125
Task 53 100 0.53
Task 35 100 0.35
Task 89 800 0.11125
-------------
046
-------------
3 3
GW 0.99375
Task 49 100 0.49
Task 142 400 0.355
Task 119 800 0.14875
GW 0.9925
Task 101 200 0.505
Task 53 200 0.265
Task 178 800 0.2225
GW 0.9975
Task 52 100 0.52
Task 186 400 0.465
Task 10 800 0.0125
-------------
047
-------------
3 3
GW 0.9975
Task 285 400 0.7125
Task 94 400 0.235
Task 40 800 0.05
GW 0.99625
Task 154 200 0.77
Task 47 400 0.1175
Task 87 800 0.10875
GW 0.9925
Task 67 100 0.67
Task 31 100 0.31
Task 5 400 0.0125
-------------
048
-------------
3 3
GW 0.99625
Task 179 200 0.895
Task 20 400 0.05
Task 41 800 0.05125
GW 0.99
Task 80 100 0.8
Task 131 800 0.16375
Task 21 800 0.02625
GW 0.99
Task 85 100 0.85
Task 26 200 0.13
Task 4 400 0.01
-------------
049
-------------
3 3
GW 0.9925
Task 78 100 0.78
Task 34 200 0.17
Task 17 400 0.0425
GW 0.99125
Task 52 100 0.52
Task 62 200 0.31
Task 129 800 0.16125
GW 0.99625
Task 226 400 0.565
Task 139 400 0.3475
Task 67 800 0.08375
-------------
050
-------------
3 3
GW 0.99875
Task 136 200 0.68
Task 200 800 0.25
Task 55 800 0.06875
GW 0.9975
Task 349 400 0.8725
Task 46 400 0.115
Task 4 400 0.01
GW 0.9975
Task 97 200 0.485
Task 76 200 0.38
Task 53 400 0.1325
-------------
051
-------------
3 3
GW 0.99
Task 38 100 0.38
Task 36 100 0.36
Task 25 100 0.25
GW 0.9975
Task 157 200 0.785
Task 32 200 0.16
Task 42 800 0.0525
GW 0.98875
Task 94 100 0.94
Task 10 400 0.025
Task 19 800 0.02375
-------------
052
-------------
3 3
GW 0.9975
Task 358 400 0.895
Task 26 400 0.065
Task 30 800 0.0375
GW 0.9975
Task 70 100 0.7
Task 113 400 0.2825
Task 6 400 0.015
GW 0.99
Task 45 100 0.45
Task 80 200 0.4
Task 28 200 0.14
-------------
053
-------------
3 3
GW 0.99
Task 86 100 0.86
Task 32 400 0.08
Task 40 800 0.05
GW 0.995
Task 76 100 0.76
Task 85 400 0.2125
Task 18 800 0.0225
GW 0.99625
Task 260 400 0.65
Task 130 400 0.325
Task 17 800 0.02125
-------------
054
-------------
3 3
GW 0.995
Task 108 200 0.54
Task 132 400 0.33
Task 50 400 0.125
GW 0.99375
Task 94 100 0.94
Task 3 100 0.03
Task 19 800 0.02375
GW 0.9975
Task 189 200 0.945
Task 7 200 0.035
Task 7 400 0.0175
-------------
055
-------------
3 3
GW 0.995
Task 75 100 0.75
Task 15 100 0.15
Task 38 400 0.095
GW 0.9975
Task 123 200 0.615
Task 87 400 0.2175
Task 132 800 0.165
GW 0.9975
Task 93 100 0.93
Task 40 800 0.05
Task 14 800 0.0175
-------------
056
-------------
3 3
GW 0.98
Task 37 100 0.37
Task 36 100 0.36
Task 50 200 0.25
GW 0.99375
Task 115 200 0.575
Task 70 200 0.35
Task 55 800 0.06875
GW 0.99625
Task 62 100 0.62
Task 140 400 0.35
Task 21 800 0.02625
-------------
057
-------------
3 3
GW 0.99125
Task 50 100 0.5
Task 66 200 0.33
Task 129 800 0.16125
GW 0.99625
Task 232 400 0.58
Task 87 400 0.2175
Task 159 800 0.19875
GW 0.99875
Task 782 800 0.9775
Task 9 800 0.01125
Task 8 800 0.01
-------------
058
-------------
3 3
GW 0.9975
Task 192 400 0.48
Task 155 400 0.3875
Task 104 800 0.13
GW 0.995
Task 95 200 0.475
Task 180 400 0.45
Task 56 800 0.07
GW 0.985
Task 76 100 0.76
Task 18 100 0.18
Task 18 400 0.045
-------------
059
-------------
3 3
GW 0.9975
Task 68 100 0.68
Task 58 200 0.29
Task 22 800 0.0275
GW 0.9975
Task 299 400 0.7475
Task 84 400 0.21
Task 32 800 0.04
GW 0.99
Task 53 100 0.53
Task 64 200 0.32
Task 28 200 0.14
-------------
060
-------------
3 3
GW 0.99875
Task 173 400 0.4325
Task 121 400 0.3025
Task 211 800 0.26375
GW 0.995
Task 102 200 0.51
Task 70 200 0.35
Task 54 400 0.135
GW 0.995
Task 38 100 0.38
Task 72 200 0.36
Task 51 200 0.255
-------------
061
-------------
3 3
GW 0.985
Task 84 100 0.84
Task 16 200 0.08
Task 26 400 0.065
GW 0.9825
Task 77 100 0.77
Task 18 100 0.18
Task 13 400 0.0325
GW 0.9925
Task 57 100 0.57
Task 62 200 0.31
Task 90 800 0.1125
-------------
062
-------------
3 3
GW 0.99375
Task 50 100 0.5
Task 84 200 0.42
Task 59 800 0.07375
GW 0.9875
Task 83 100 0.83
Task 24 200 0.12
Task 15 400 0.0375
GW 0.99125
Task 43 100 0.43
Task 83 200 0.415
Task 117 800 0.14625
-------------
063
-------------
3 3
GW 0.99
Task 69 100 0.69
Task 29 100 0.29
Task 2 200 0.01
GW 0.9925
Task 123 200 0.615
Task 45 200 0.225
Task 61 400 0.1525
GW 0.9975
Task 172 200 0.86
Task 35 400 0.0875
Task 40 800 0.05
-------------
064
-------------
3 3
GW 0.995
Task 53 100 0.53
Task 37 100 0.37
Task 19 200 0.095
GW 0.9925
Task 60 100 0.6
Task 68 200 0.34
Task 21 400 0.0525
GW 0.9925
Task 53 100 0.53
Task 89 200 0.445
Task 7 400 0.0175
-------------
065
-------------
3 3
GW 0.99375
Task 165 200 0.825
Task 38 400 0.095
Task 59 800 0.07375
GW 0.995
Task 163 200 0.815
Task 33 200 0.165
Task 6 400 0.015
GW 0.995
Task 54 100 0.54
Task 107 400 0.2675
Task 150 800 0.1875
-------------
066
-------------
3 3
GW 0.9875
Task 52 100 0.52
Task 76 200 0.38
Task 35 400 0.0875
GW 0.995
Task 37 100 0.37
Task 36 100 0.36
Task 106 400 0.265
GW 0.99625
Task 79 100 0.79
Task 64 400 0.16
Task 37 800 0.04625
-------------
067
-------------
3 3
GW 0.99375
Task 138 200 0.69
Task 219 800 0.27375
Task 24 800 0.03
GW 0.985
Task 67 100 0.67
Task 60 200 0.3
Task 3 200 0.015
GW 0.99375
Task 124 200 0.62
Task 273 800 0.34125
Task 26 800 0.0325
-------------
068
-------------
3 3
GW 0.99
Task 51 100 0.51
Task 26 100 0.26
Task 44 200 0.22
GW 0.9975
Task 386 400 0.965
Task 7 400 0.0175
Task 6 400 0.015
GW 0.9975
Task 164 400 0.41
Task 310 800 0.3875
Task 160 800 0.2
-------------
069
-------------
3 3
GW 0.995
Task 48 100 0.48
Task 115 400 0.2875
Task 91 400 0.2275
GW 0.99
Task 82 100 0.82
Task 24 200 0.12
Task 20 400 0.05
GW 0.99
Task 46 100 0.46
Task 42 100 0.42
Task 22 200 0.11
-------------
070
-------------
3 3
GW 0.9975
Task 149 200 0.745
Task 126 800 0.1575
Task 76 800 0.095
GW 0.9925
Task 48 100 0.48
Task 161 400 0.4025
Task 88 800 0.11
GW 0.9925
Task 91 200 0.455
Task 71 200 0.355
Task 73 400 0.1825
-------------
071
-------------
3 3
GW 0.9925
Task 33 100 0.33
Task 66 200 0.33
Task 266 800 0.3325
GW 0.99375
Task 52 100 0.52
Task 162 400 0.405
Task 55 800 0.06875
GW 0.9975
Task 90 200 0.45
Task 115 400 0.2875
Task 104 400 0.26
-------------
072
-------------
3 3
GW 0.99
Task 60 100 0.6
Task 52 200 0.26
Task 26 200 0.13
GW 0.9975
Task 188 200 0.94
Task 9 200 0.045
Task 5 400 0.0125
GW 0.99375
Task 59 100 0.59
Task 143 400 0.3575
Task 37 800 0.04625
-------------
073
-------------
3 3
GW 0.985
Task 52 100 0.52
Task 45 100 0.45
Task 6 400 0.015
GW 0.995
Task 163 200 0.815
Task 118 800 0.1475
Task 26 800 0.0325
GW 0.985
Task 59 100 0.59
Task 60 200 0.3
Task 19 200 0.095
-------------
074
-------------
3 3
GW 0.985
Task 53 100 0.53
Task 34 100 0.34
Task 23 200 0.115
GW 0.9975
Task 503 800 0.62875
Task 222 800 0.2775
Task 73 800 0.09125
GW 0.99625
Task 324 400 0.81
Task 41 400 0.1025
Task 67 800 0.08375
-------------
075
-------------
3 3
GW 0.99
Task 58 100 0.58
Task 102 400 0.255
Task 62 400 0.155
GW 0.99
Task 55 100 0.55
Task 77 200 0.385
Task 11 200 0.055
GW 0.9975
Task 299 400 0.7475
Task 188 800 0.235
Task 12 800 0.015
-------------
076
-------------
3 3
GW 0.99
Task 67 100 0.67
Task 29 100 0.29
Task 6 200 0.03
GW 0.9975
Task 149 400 0.3725
Task 144 400 0.36
Task 212 800 0.265
GW 0.9975
Task 209 400 0.5225
Task 143 400 0.3575
Task 94 800 0.1175
-------------
077
-------------
3 3
GW 0.995
Task 117 200 0.585
Task 140 400 0.35
Task 24 400 0.06
GW 0.9875
Task 79 100 0.79
Task 60 400 0.15
Task 19 400 0.0475
GW 0.985
Task 66 100 0.66
Task 49 200 0.245
Task 32 400 0.08
-------------
078
-------------
3 3
GW 0.99625
Task 103 200 0.515
Task 112 400 0.28
Task 161 800 0.20125
GW 0.9875
Task 84 100 0.84
Task 17 200 0.085
Task 50 800 0.0625
GW 0.99375
Task 105 200 0.525
Task 173 400 0.4325
Task 29 800 0.03625
-------------
079
-------------
3 3
GW 0.99625
Task 124 200 0.62
Task 78 400 0.195
Task 145 800 0.18125
GW 0.99
Task 62 100 0.62
Task 177 800 0.22125
Task 119 800 0.14875
GW 0.995
Task 43 100 0.43
Task 58 200 0.29
Task 220 800 0.275
-------------
080
-------------
3 3
GW 0.99375
Task 72 100 0.72
Task 159 800 0.19875
Task 60 800 0.075
GW 0.99
Task 153 200 0.765
Task 25 200 0.125
Task 40 400 0.1
GW 0.9925
Task 99 200 0.495
Task 57 200 0.285
Task 170 800 0.2125
-------------
081
-------------
3 3
GW 0.9925
Task 50 100 0.5
Task 96 200 0.48
Task 10 800 0.0125
GW 0.9875
Task 80 100 0.8
Task 22 200 0.11
Task 31 400 0.0775
GW 0.99625
Task 149 200 0.745
Task 43 200 0.215
Task 29 800 0.03625
-------------
082
-------------
3 3
GW 0.99875
Task 83 200 0.415
Task 138 400 0.345
Task 191 800 0.23875
GW 0.99375
Task 65 100 0.65
Task 27 100 0.27
Task 59 800 0.07375
GW 0.9925
Task 62 100 0.62
Task 64 200 0.32
Task 21 400 0.0525
-------------
083
-------------
3 3
GW 0.99
Task 95 100 0.95
Task 6 200 0.03
Task 8 800 0.01
GW 0.9975
Task 67 100 0.67
Task 118 400 0.295
Task 13 400 0.0325
GW 0.9975
Task 191 400 0.4775
Task 273 800 0.34125
Task 143 800 0.17875
-------------
084
-------------
3 3
GW 0.99625
Task 199 400 0.4975
Task 282 800 0.3525
Task 117 800 0.14625
GW 0.9875
Task 58 100 0.58
Task 24 100 0.24
Task 67 400 0.1675
GW 0.99875
Task 140 200 0.7
Task 185 800 0.23125
Task 54 800 0.0675
-------------
085
-------------
3 3
GW 0.99875
Task 279 400 0.6975
Task 218 800 0.2725
Task 23 800 0.02875
GW 0.99
Task 60 100 0.6
Task 71 200 0.355
Task 28 800 0.035
GW 0.9975
Task 514 800 0.6425
Task 200 800 0.25
Task 84 800 0.105
-------------
086
-------------
3 3
GW 0.99
Task 70 100 0.7
Task 80 400 0.2
Task 36 400 0.09
GW 0.99625
Task 158 200 0.79
Task 27 200 0.135
Task 57 800 0.07125
GW 0.995
Task 80 200 0.4
Task 69 200 0.345
Task 100 400 0.25
-------------
087
-------------
3 3
GW 0.99
Task 88 100 0.88
Task 15 200 0.075
Task 7 200 0.035
GW 0.9925
Task 48 100 0.48
Task 56 200 0.28
Task 93 400 0.2325
GW 0.99
Task 60 100 0.6
Task 33 100 0.33
Task 12 200 0.06
-------------
088
-------------
3 3
GW 0.99625
Task 93 100 0.93
Task 9 200 0.045
Task 17 800 0.02125
GW 0.99625
Task 187 400 0.4675
Task 179 400 0.4475
Task 65 800 0.08125
GW 0.99125
Task 41 100 0.41
Task 74 200 0.37
Task 169 800 0.21125
-------------
089
-------------
3 3
GW 0.985
Task 85 100 0.85
Task 25 200 0.125
Task 4 400 0.01
GW 0.99
Task 56 100 0.56
Task 77 200 0.385
Task 18 400 0.045
GW 0.9975
Task 48 100 0.48
Task 78 200 0.39
Task 102 800 0.1275
-------------
090
-------------
3 3
GW 0.99125
Task 108 200 0.54
Task 60 200 0.3
Task 121 800 0.15125
GW 0.99125
Task 42 100 0.42
Task 149 400 0.3725
Task 159 800 0.19875
GW 0.9925
Task 83 100 0.83
Task 33 400 0.0825
Task 32 400 0.08
-------------
091
-------------
3 3
GW 0.9925
Task 101 200 0.505
Task 154 400 0.385
Task 41 400 0.1025
GW 0.995
Task 79 100 0.79
Task 59 400 0.1475
Task 23 400 0.0575
GW 0.9975
Task 51 100 0.51
Task 151 400 0.3775
Task 44 400 0.11
-------------
092
-------------
3 3
GW 0.99875
Task 168 200 0.84
Task 109 800 0.13625
Task 18 800 0.0225
GW 0.9975
Task 191 200 0.955
Task 6 200 0.03
Task 5 400 0.0125
GW 0.99875
Task 299 400 0.7475
Task 82 400 0.205
Task 37 800 0.04625
-------------
093
-------------
3 3
GW 0.99375
Task 95 100 0.95
Task 9 400 0.0225
Task 17 800 0.02125
GW 0.9975
Task 200 400 0.5
Task 135 400 0.3375
Task 64 400 0.16
GW 0.99125
Task 37 100 0.37
Task 144 400 0.36
Task 209 800 0.26125
-------------
094
-------------
3 3
GW 0.99875
Task 85 100 0.85
Task 53 400 0.1325
Task 13 800 0.01625
GW 0.99625
Task 188 200 0.94
Task 30 800 0.0375
Task 15 800 0.01875
GW 0.995
Task 163 200 0.815
Task 42 400 0.105
Task 60 800 0.075
-------------
095
-------------
3 3
GW 0.9925
Task 47 100 0.47
Task 169 400 0.4225
Task 80 800 0.1
GW 0.995
Task 55 100 0.55
Task 29 100 0.29
Task 31 200 0.155
GW 0.98
Task 95 100 0.95
Task 2 100 0.02
Task 2 200 0.01
-------------
096
-------------
3 3
GW 0.99625
Task 229 400 0.5725
Task 131 400 0.3275
Task 77 800 0.09625
GW 0.9925
Task 45 100 0.45
Task 57 200 0.285
Task 103 400 0.2575
GW 0.99
Task 81 100 0.81
Task 29 200 0.145
Task 28 800 0.035
-------------
097
-------------
3 3
GW 0.995
Task 128 200 0.64
Task 163 800 0.20375
Task 121 800 0.15125
GW 0.9875
Task 37 100 0.37
Task 67 200 0.335
Task 113 400 0.2825
GW 0.995
Task 91 200 0.455
Task 161 400 0.4025
Task 110 800 0.1375
-------------
098
-------------
3 3
GW 0.99625
Task 79 200 0.395
Task 294 800 0.3675
Task 187 800 0.23375
GW 0.99
Task 88 100 0.88
Task 29 400 0.0725
Task 30 800 0.0375
GW 0.99125
Task 54 100 0.54
Task 37 100 0.37
Task 65 800 0.08125
-------------
099
-------------
3 3
GW 0.995
Task 60 100 0.6
Task 35 100 0.35
Task 9 200 0.045
GW 0.9925
Task 114 200 0.57
Task 108 400 0.27
Task 61 400 0.1525
GW 0.9975
Task 359 400 0.8975
Task 62 800 0.0775
Task 18 800 0.0225
-------------
100
-------------
