GW 0.49
Task 11 100 0.11
Task 13 200 0.065
Task 26 400 0.065
Task 20 400 0.05
Task 40 800 0.05
Task 40 800 0.05
Task 40 800 0.05
Task 40 800 0.05
GW 0.48625
Task 13 100 0.13
Task 21 400 0.0525
Task 21 400 0.0525
Task 20 400 0.05
Task 41 800 0.05125
Task 40 800 0.05
Task 40 800 0.05
Task 40 800 0.05
GW 0.3
Task 300 1000 0.3
-------------
001
-------------
GW 0.49
Task 17 200 0.085
Task 16 200 0.08
Task 14 200 0.07
Task 11 200 0.055
Task 20 400 0.05
Task 20 400 0.05
Task 40 800 0.05
Task 40 800 0.05
GW 0.49
Task 14 100 0.14
Task 5 100 0.05
Task 10 200 0.05
Task 10 200 0.05
Task 20 400 0.05
Task 20 400 0.05
Task 40 800 0.05
Task 40 800 0.05
GW 0.3
Task 300 1000 0.3
-------------
002
-------------
GW 0.47
Task 9 100 0.09
Task 8 100 0.08
Task 5 100 0.05
Task 10 200 0.05
Task 10 200 0.05
Task 20 400 0.05
Task 20 400 0.05
Task 20 400 0.05
GW 0.4875
Task 11 100 0.11
Task 28 400 0.07
Task 21 400 0.0525
Task 21 400 0.0525
Task 20 400 0.05
Task 41 800 0.05125
Task 41 800 0.05125
Task 40 800 0.05
GW 0.3
Task 300 1000 0.3
-------------
003
-------------
GW 0.465
Task 10 100 0.1
Task 6 100 0.06
Task 5 100 0.05
Task 11 200 0.055
Task 10 200 0.05
Task 10 200 0.05
Task 20 400 0.05
Task 40 800 0.05
GW 0.49125
Task 9 100 0.09
Task 32 400 0.08
Task 27 400 0.0675
Task 21 400 0.0525
Task 41 800 0.05125
Task 40 800 0.05
Task 40 800 0.05
Task 40 800 0.05
GW 0.3
Task 300 1000 0.3
-------------
004
-------------
GW 0.49
Task 12 100 0.12
Task 12 200 0.06
Task 21 400 0.0525
Task 21 400 0.0525
Task 21 400 0.0525
Task 42 800 0.0525
Task 40 800 0.05
Task 40 800 0.05
GW 0.485
Task 20 200 0.1
Task 15 200 0.075
Task 12 200 0.06
Task 10 200 0.05
Task 20 400 0.05
Task 20 400 0.05
Task 20 400 0.05
Task 40 800 0.05
GW 0.3
Task 300 1000 0.3
-------------
005
-------------
GW 0.48
Task 9 100 0.09
Task 12 200 0.06
Task 12 200 0.06
Task 24 400 0.06
Task 24 400 0.06
Task 20 400 0.05
Task 40 800 0.05
Task 40 800 0.05
GW 0.48
Task 13 100 0.13
Task 5 100 0.05
Task 5 100 0.05
Task 5 100 0.05
Task 20 400 0.05
Task 40 800 0.05
Task 40 800 0.05
Task 40 800 0.05
GW 0.3
Task 300 1000 0.3
-------------
006
-------------
GW 0.485
Task 10 100 0.1
Task 8 100 0.08
Task 11 200 0.055
Task 10 200 0.05
Task 20 400 0.05
Task 40 800 0.05
Task 40 800 0.05
Task 40 800 0.05
GW 0.48
Task 9 100 0.09
Task 8 100 0.08
Task 6 100 0.06
Task 10 200 0.05
Task 20 400 0.05
Task 40 800 0.05
Task 40 800 0.05
Task 40 800 0.05
GW 0.3
Task 300 1000 0.3
-------------
007
-------------
GW 0.48
Task 8 100 0.08
Task 14 200 0.07
Task 13 200 0.065
Task 12 200 0.06
Task 22 400 0.055
Task 20 400 0.05
Task 20 400 0.05
Task 40 800 0.05
GW 0.495
Task 27 200 0.135
Task 11 200 0.055
Task 11 200 0.055
Task 20 400 0.05
Task 20 400 0.05
Task 20 400 0.05
Task 20 400 0.05
Task 20 400 0.05
GW 0.3
Task 300 1000 0.3
-------------
008
-------------
GW 0.485
Task 10 100 0.1
Task 15 200 0.075
Task 12 200 0.06
Task 10 200 0.05
Task 20 400 0.05
Task 40 800 0.05
Task 40 800 0.05
Task 40 800 0.05
GW 0.48
Task 10 100 0.1
Task 7 100 0.07
Task 12 200 0.06
Task 10 200 0.05
Task 10 200 0.05
Task 20 400 0.05
Task 40 800 0.05
Task 40 800 0.05
GW 0.3
Task 300 1000 0.3
-------------
009
-------------
GW 0.47625
Task 9 100 0.09
Task 6 100 0.06
Task 12 200 0.06
Task 12 200 0.06
Task 11 200 0.055
Task 41 800 0.05125
Task 40 800 0.05
Task 40 800 0.05
GW 0.4875
Task 8 100 0.08
Task 27 400 0.0675
Task 26 400 0.065
Task 49 800 0.06125
Task 48 800 0.06
Task 43 800 0.05375
Task 40 800 0.05
Task 40 800 0.05
GW 0.3
Task 300 1000 0.3
-------------
010
-------------
GW 0.48
Task 9 100 0.09
Task 9 100 0.09
Task 10 200 0.05
Task 10 200 0.05
Task 10 200 0.05
Task 20 400 0.05
Task 20 400 0.05
Task 40 800 0.05
GW 0.485
Task 8 100 0.08
Task 7 100 0.07
Task 7 100 0.07
Task 12 200 0.06
Task 11 200 0.055
Task 20 400 0.05
Task 20 400 0.05
Task 40 800 0.05
GW 0.3
Task 300 1000 0.3
-------------
011
-------------
GW 0.475
Task 10 100 0.1
Task 6 100 0.06
Task 12 200 0.06
Task 11 200 0.055
Task 10 200 0.05
Task 10 200 0.05
Task 20 400 0.05
Task 20 400 0.05
GW 0.485
Task 10 100 0.1
Task 7 100 0.07
Task 6 100 0.06
Task 11 200 0.055
Task 40 800 0.05
Task 40 800 0.05
Task 40 800 0.05
Task 40 800 0.05
GW 0.3
Task 300 1000 0.3
-------------
012
-------------
GW 0.4775
Task 8 100 0.08
Task 7 100 0.07
Task 6 100 0.06
Task 13 200 0.065
Task 21 400 0.0525
Task 20 400 0.05
Task 20 400 0.05
Task 40 800 0.05
GW 0.48
Task 8 100 0.08
Task 7 100 0.07
Task 6 100 0.06
Task 6 100 0.06
Task 12 200 0.06
Task 10 200 0.05
Task 20 400 0.05
Task 40 800 0.05
GW 0.3
Task 300 1000 0.3
-------------
013
-------------
GW 0.48
Task 9 100 0.09
Task 7 100 0.07
Task 14 200 0.07
Task 10 200 0.05
Task 20 400 0.05
Task 20 400 0.05
Task 20 400 0.05
Task 40 800 0.05
GW 0.4875
Task 21 200 0.105
Task 29 400 0.0725
Task 23 400 0.0575
Task 21 400 0.0525
Task 20 400 0.05
Task 40 800 0.05
Task 40 800 0.05
Task 40 800 0.05
GW 0.3
Task 300 1000 0.3
-------------
014
-------------
GW 0.4875
Task 8 100 0.08
Task 15 200 0.075
Task 14 200 0.07
Task 12 200 0.06
Task 21 400 0.0525
Task 20 400 0.05
Task 20 400 0.05
Task 40 800 0.05
GW 0.47
Task 10 100 0.1
Task 6 100 0.06
Task 6 100 0.06
Task 5 100 0.05
Task 10 200 0.05
Task 10 200 0.05
Task 20 400 0.05
Task 40 800 0.05
GW 0.3
Task 300 1000 0.3
-------------
015
-------------
GW 0.49
Task 10 100 0.1
Task 16 200 0.08
Task 11 200 0.055
Task 22 400 0.055
Task 20 400 0.05
Task 20 400 0.05
Task 20 400 0.05
Task 40 800 0.05
GW 0.4775
Task 8 100 0.08
Task 7 100 0.07
Task 13 200 0.065
Task 12 200 0.06
Task 21 400 0.0525
Task 20 400 0.05
Task 20 400 0.05
Task 40 800 0.05
GW 0.3
Task 300 1000 0.3
-------------
016
-------------
GW 0.48
Task 13 100 0.13
Task 5 100 0.05
Task 5 100 0.05
Task 5 100 0.05
Task 10 200 0.05
Task 20 400 0.05
Task 40 800 0.05
Task 40 800 0.05
GW 0.48
Task 9 100 0.09
Task 16 200 0.08
Task 12 200 0.06
Task 10 200 0.05
Task 10 200 0.05
Task 10 200 0.05
Task 40 800 0.05
Task 40 800 0.05
GW 0.3
Task 300 1000 0.3
-------------
017
-------------
GW 0.49
Task 13 100 0.13
Task 12 200 0.06
Task 10 200 0.05
Task 10 200 0.05
Task 20 400 0.05
Task 20 400 0.05
Task 40 800 0.05
Task 40 800 0.05
GW 0.49
Task 11 100 0.11
Task 8 100 0.08
Task 5 100 0.05
Task 5 100 0.05
Task 10 200 0.05
Task 20 400 0.05
Task 40 800 0.05
Task 40 800 0.05
GW 0.3
Task 300 1000 0.3
-------------
018
-------------
GW 0.49
Task 13 100 0.13
Task 6 100 0.06
Task 10 200 0.05
Task 10 200 0.05
Task 10 200 0.05
Task 40 800 0.05
Task 40 800 0.05
Task 40 800 0.05
GW 0.495
Task 20 200 0.1
Task 17 200 0.085
Task 11 200 0.055
Task 22 400 0.055
Task 20 400 0.05
Task 40 800 0.05
Task 40 800 0.05
Task 40 800 0.05
GW 0.3
Task 300 1000 0.3
-------------
019
-------------
GW 0.485
Task 11 100 0.11
Task 7 100 0.07
Task 11 200 0.055
Task 10 200 0.05
Task 20 400 0.05
Task 40 800 0.05
Task 40 800 0.05
Task 40 800 0.05
GW 0.48875
Task 11 100 0.11
Task 12 200 0.06
Task 12 200 0.06
Task 21 400 0.0525
Task 21 400 0.0525
Task 21 400 0.0525
Task 41 800 0.05125
Task 40 800 0.05
GW 0.3
Task 300 1000 0.3
-------------
020
-------------
GW 0.49
Task 10 100 0.1
Task 8 100 0.08
Task 12 200 0.06
Task 20 400 0.05
Task 40 800 0.05
Task 40 800 0.05
Task 40 800 0.05
Task 40 800 0.05
GW 0.485
Task 12 100 0.12
Task 12 200 0.06
Task 11 200 0.055
Task 10 200 0.05
Task 20 400 0.05
Task 20 400 0.05
Task 20 400 0.05
Task 40 800 0.05
GW 0.3
Task 300 1000 0.3
-------------
021
-------------
GW 0.485
Task 10 100 0.1
Task 7 100 0.07
Task 12 200 0.06
Task 22 400 0.055
Task 20 400 0.05
Task 20 400 0.05
Task 40 800 0.05
Task 40 800 0.05
GW 0.49
Task 10 100 0.1
Task 9 100 0.09
Task 10 200 0.05
Task 20 400 0.05
Task 20 400 0.05
Task 40 800 0.05
Task 40 800 0.05
Task 40 800 0.05
GW 0.3
Task 300 1000 0.3
-------------
022
-------------
GW 0.48
Task 13 100 0.13
Task 10 200 0.05
Task 10 200 0.05
Task 10 200 0.05
Task 10 200 0.05
Task 10 200 0.05
Task 20 400 0.05
Task 40 800 0.05
GW 0.49
Task 13 100 0.13
Task 6 100 0.06
Task 5 100 0.05
Task 5 100 0.05
Task 20 400 0.05
Task 20 400 0.05
Task 20 400 0.05
Task 40 800 0.05
GW 0.3
Task 300 1000 0.3
-------------
023
-------------
GW 0.485
Task 11 100 0.11
Task 12 200 0.06
Task 12 200 0.06
Task 11 200 0.055
Task 20 400 0.05
Task 40 800 0.05
Task 40 800 0.05
Task 40 800 0.05
GW 0.49
Task 25 200 0.125
Task 13 200 0.065
Task 10 200 0.05
Task 10 200 0.05
Task 10 200 0.05
Task 20 400 0.05
Task 40 800 0.05
Task 40 800 0.05
GW 0.3
Task 300 1000 0.3
-------------
024
-------------
GW 0.49
Task 12 100 0.12
Task 7 100 0.07
Task 10 200 0.05
Task 20 400 0.05
Task 20 400 0.05
Task 20 400 0.05
Task 40 800 0.05
Task 40 800 0.05
GW 0.49
Task 16 200 0.08
Task 15 200 0.075
Task 15 200 0.075
Task 24 400 0.06
Task 20 400 0.05
Task 20 400 0.05
Task 20 400 0.05
Task 20 400 0.05
GW 0.3
Task 300 1000 0.3
-------------
025
-------------
GW 0.48
Task 13 100 0.13
Task 5 100 0.05
Task 10 200 0.05
Task 20 400 0.05
Task 20 400 0.05
Task 40 800 0.05
Task 40 800 0.05
Task 40 800 0.05
GW 0.4825
Task 11 100 0.11
Task 6 100 0.06
Task 12 200 0.06
Task 21 400 0.0525
Task 20 400 0.05
Task 40 800 0.05
Task 40 800 0.05
Task 40 800 0.05
GW 0.3
Task 300 1000 0.3
-------------
026
-------------
GW 0.49
Task 13 100 0.13
Task 6 100 0.06
Task 5 100 0.05
Task 5 100 0.05
Task 10 200 0.05
Task 10 200 0.05
Task 20 400 0.05
Task 20 400 0.05
GW 0.48
Task 9 100 0.09
Task 8 100 0.08
Task 6 100 0.06
Task 10 200 0.05
Task 20 400 0.05
Task 20 400 0.05
Task 20 400 0.05
Task 40 800 0.05
GW 0.3
Task 300 1000 0.3
-------------
027
-------------
GW 0.49
Task 24 200 0.12
Task 12 200 0.06
Task 11 200 0.055
Task 21 400 0.0525
Task 21 400 0.0525
Task 20 400 0.05
Task 40 800 0.05
Task 40 800 0.05
GW 0.485
Task 9 100 0.09
Task 16 200 0.08
Task 13 200 0.065
Task 20 400 0.05
Task 20 400 0.05
Task 20 400 0.05
Task 40 800 0.05
Task 40 800 0.05
GW 0.3
Task 300 1000 0.3
-------------
028
-------------
GW 0.49
Task 13 100 0.13
Task 11 200 0.055
Task 11 200 0.055
Task 10 200 0.05
Task 10 200 0.05
Task 20 400 0.05
Task 40 800 0.05
Task 40 800 0.05
GW 0.4725
Task 8 100 0.08
Task 6 100 0.06
Task 6 100 0.06
Task 6 100 0.06
Task 25 400 0.0625
Task 40 800 0.05
Task 40 800 0.05
Task 40 800 0.05
GW 0.3
Task 300 1000 0.3
-------------
029
-------------
GW 0.49
Task 10 100 0.1
Task 14 200 0.07
Task 13 200 0.065
Task 22 400 0.055
Task 20 400 0.05
Task 20 400 0.05
Task 40 800 0.05
Task 40 800 0.05
GW 0.48
Task 9 100 0.09
Task 7 100 0.07
Task 6 100 0.06
Task 11 200 0.055
Task 11 200 0.055
Task 10 200 0.05
Task 40 800 0.05
Task 40 800 0.05
GW 0.3
Task 300 1000 0.3
-------------
030
-------------
GW 0.485
Task 12 100 0.12
Task 6 100 0.06
Task 11 200 0.055
Task 10 200 0.05
Task 20 400 0.05
Task 20 400 0.05
Task 40 800 0.05
Task 40 800 0.05
GW 0.49
Task 14 100 0.14
Task 10 200 0.05
Task 10 200 0.05
Task 10 200 0.05
Task 20 400 0.05
Task 20 400 0.05
Task 20 400 0.05
Task 20 400 0.05
GW 0.3
Task 300 1000 0.3
-------------
031
-------------
GW 0.47875
Task 7 100 0.07
Task 7 100 0.07
Task 6 100 0.06
Task 12 200 0.06
Task 12 200 0.06
Task 44 800 0.055
Task 43 800 0.05375
Task 40 800 0.05
GW 0.485
Task 12 100 0.12
Task 11 200 0.055
Task 11 200 0.055
Task 21 400 0.0525
Task 41 800 0.05125
Task 41 800 0.05125
Task 40 800 0.05
Task 40 800 0.05
GW 0.3
Task 300 1000 0.3
-------------
032
-------------
GW 0.485
Task 9 100 0.09
Task 7 100 0.07
Task 7 100 0.07
Task 11 200 0.055
Task 10 200 0.05
Task 20 400 0.05
Task 20 400 0.05
Task 40 800 0.05
GW 0.4775
Task 12 100 0.12
Task 5 100 0.05
Task 11 200 0.055
Task 21 400 0.0525
Task 20 400 0.05
Task 40 800 0.05
Task 40 800 0.05
Task 40 800 0.05
GW 0.3
Task 300 1000 0.3
-------------
033
-------------
GW 0.49
Task 10 100 0.1
Task 14 200 0.07
Task 13 200 0.065
Task 11 200 0.055
Task 20 400 0.05
Task 40 800 0.05
Task 40 800 0.05
Task 40 800 0.05
GW 0.48
Task 9 100 0.09
Task 7 100 0.07
Task 7 100 0.07
Task 5 100 0.05
Task 10 200 0.05
Task 10 200 0.05
Task 10 200 0.05
Task 20 400 0.05
GW 0.3
Task 300 1000 0.3
-------------
034
-------------
GW 0.4875
Task 20 200 0.1
Task 12 200 0.06
Task 24 400 0.06
Task 24 400 0.06
Task 23 400 0.0575
Task 20 400 0.05
Task 40 800 0.05
Task 40 800 0.05
GW 0.48
Task 7 100 0.07
Task 7 100 0.07
Task 14 200 0.07
Task 13 200 0.065
Task 21 400 0.0525
Task 21 400 0.0525
Task 20 400 0.05
Task 40 800 0.05
GW 0.3
Task 300 1000 0.3
-------------
035
-------------
GW 0.48
Task 11 100 0.11
Task 6 100 0.06
Task 6 100 0.06
Task 10 200 0.05
Task 10 200 0.05
Task 20 400 0.05
Task 40 800 0.05
Task 40 800 0.05
GW 0.47
Task 9 100 0.09
Task 8 100 0.08
Task 5 100 0.05
Task 5 100 0.05
Task 5 100 0.05
Task 10 200 0.05
Task 20 400 0.05
Task 40 800 0.05
GW 0.3
Task 300 1000 0.3
-------------
036
-------------
GW 0.49
Task 14 100 0.14
Task 5 100 0.05
Task 5 100 0.05
Task 5 100 0.05
Task 5 100 0.05
Task 20 400 0.05
Task 20 400 0.05
Task 40 800 0.05
GW 0.49
Task 14 100 0.14
Task 5 100 0.05
Task 5 100 0.05
Task 10 200 0.05
Task 20 400 0.05
Task 20 400 0.05
Task 40 800 0.05
Task 40 800 0.05
GW 0.3
Task 300 1000 0.3
-------------
037
-------------
GW 0.485
Task 9 100 0.09
Task 7 100 0.07
Task 13 200 0.065
Task 12 200 0.06
Task 10 200 0.05
Task 10 200 0.05
Task 10 200 0.05
Task 40 800 0.05
GW 0.48875
Task 9 100 0.09
Task 14 200 0.07
Task 26 400 0.065
Task 23 400 0.0575
Task 21 400 0.0525
Task 21 400 0.0525
Task 41 800 0.05125
Task 40 800 0.05
GW 0.3
Task 300 1000 0.3
-------------
038
-------------
GW 0.48
Task 12 100 0.12
Task 6 100 0.06
Task 5 100 0.05
Task 5 100 0.05
Task 10 200 0.05
Task 20 400 0.05
Task 20 400 0.05
Task 40 800 0.05
GW 0.49
Task 11 100 0.11
Task 14 200 0.07
Task 12 200 0.06
Task 10 200 0.05
Task 20 400 0.05
Task 20 400 0.05
Task 40 800 0.05
Task 40 800 0.05
GW 0.3
Task 300 1000 0.3
-------------
039
-------------
GW 0.49
Task 13 100 0.13
Task 6 100 0.06
Task 5 100 0.05
Task 10 200 0.05
Task 20 400 0.05
Task 40 800 0.05
Task 40 800 0.05
Task 40 800 0.05
GW 0.4875
Task 24 200 0.12
Task 12 200 0.06
Task 11 200 0.055
Task 21 400 0.0525
Task 20 400 0.05
Task 20 400 0.05
Task 40 800 0.05
Task 40 800 0.05
GW 0.3
Task 300 1000 0.3
-------------
040
-------------
GW 0.49
Task 10 100 0.1
Task 7 100 0.07
Task 13 200 0.065
Task 11 200 0.055
Task 10 200 0.05
Task 20 400 0.05
Task 20 400 0.05
Task 20 400 0.05
GW 0.48
Task 11 100 0.11
Task 7 100 0.07
Task 10 200 0.05
Task 10 200 0.05
Task 20 400 0.05
Task 20 400 0.05
Task 20 400 0.05
Task 40 800 0.05
GW 0.3
Task 300 1000 0.3
-------------
041
-------------
GW 0.48
Task 13 100 0.13
Task 5 100 0.05
Task 5 100 0.05
Task 10 200 0.05
Task 20 400 0.05
Task 20 400 0.05
Task 40 800 0.05
Task 40 800 0.05
GW 0.49
Task 11 100 0.11
Task 16 200 0.08
Task 10 200 0.05
Task 10 200 0.05
Task 20 400 0.05
Task 20 400 0.05
Task 40 800 0.05
Task 40 800 0.05
GW 0.3
Task 300 1000 0.3
-------------
042
-------------
GW 0.48
Task 9 100 0.09
Task 9 100 0.09
Task 10 200 0.05
Task 20 400 0.05
Task 20 400 0.05
Task 20 400 0.05
Task 20 400 0.05
Task 40 800 0.05
GW 0.46875
Task 10 100 0.1
Task 6 100 0.06
Task 5 100 0.05
Task 10 200 0.05
Task 43 800 0.05375
Task 42 800 0.0525
Task 42 800 0.0525
Task 40 800 0.05
GW 0.3
Task 300 1000 0.3
-------------
043
-------------
GW 0.485
Task 11 100 0.11
Task 15 200 0.075
Task 10 200 0.05
Task 10 200 0.05
Task 10 200 0.05
Task 20 400 0.05
Task 20 400 0.05
Task 40 800 0.05
GW 0.48
Task 11 100 0.11
Task 12 200 0.06
Task 23 400 0.0575
Task 21 400 0.0525
Task 20 400 0.05
Task 40 800 0.05
Task 40 800 0.05
Task 40 800 0.05
GW 0.3
Task 300 1000 0.3
-------------
044
-------------
GW 0.49
Task 10 100 0.1
Task 7 100 0.07
Task 7 100 0.07
Task 10 200 0.05
Task 20 400 0.05
Task 20 400 0.05
Task 20 400 0.05
Task 40 800 0.05
GW 0.4775
Task 10 100 0.1
Task 12 200 0.06
Task 12 200 0.06
Task 11 200 0.055
Task 10 200 0.05
Task 21 400 0.0525
Task 40 800 0.05
Task 40 800 0.05
GW 0.3
Task 300 1000 0.3
-------------
045
-------------
GW 0.4825
Task 19 200 0.095
Task 16 200 0.08
Task 11 200 0.055
Task 10 200 0.05
Task 42 800 0.0525
Task 40 800 0.05
Task 40 800 0.05
Task 40 800 0.05
GW 0.48
Task 13 100 0.13
Task 5 100 0.05
Task 10 200 0.05
Task 20 400 0.05
Task 40 800 0.05
Task 40 800 0.05
Task 40 800 0.05
Task 40 800 0.05
GW 0.3
Task 300 1000 0.3
-------------
046
-------------
GW 0.46875
Task 8 100 0.08
Task 7 100 0.07
Task 6 100 0.06
Task 11 200 0.055
Task 10 200 0.05
Task 21 400 0.0525
Task 41 800 0.05125
Task 40 800 0.05
GW 0.46625
Task 8 100 0.08
Task 7 100 0.07
Task 6 100 0.06
Task 5 100 0.05
Task 11 200 0.055
Task 41 800 0.05125
Task 40 800 0.05
Task 40 800 0.05
GW 0.3
Task 300 1000 0.3
-------------
047
-------------
GW 0.49
Task 14 100 0.14
Task 10 200 0.05
Task 20 400 0.05
Task 20 400 0.05
Task 20 400 0.05
Task 20 400 0.05
Task 40 800 0.05
Task 40 800 0.05
GW 0.49
Task 21 200 0.105
Task 13 200 0.065
Task 12 200 0.06
Task 24 400 0.06
Task 20 400 0.05
Task 40 800 0.05
Task 40 800 0.05
Task 40 800 0.05
GW 0.3
Task 300 1000 0.3
-------------
048
-------------
GW 0.495
Task 13 100 0.13
Task 12 200 0.06
Task 11 200 0.055
Task 20 400 0.05
Task 20 400 0.05
Task 20 400 0.05
Task 40 800 0.05
Task 40 800 0.05
GW 0.495
Task 20 200 0.1
Task 19 200 0.095
Task 20 400 0.05
Task 20 400 0.05
Task 40 800 0.05
Task 40 800 0.05
Task 40 800 0.05
Task 40 800 0.05
GW 0.3
Task 300 1000 0.3
-------------
049
-------------
GW 0.48
Task 12 100 0.12
Task 6 100 0.06
Task 5 100 0.05
Task 10 200 0.05
Task 10 200 0.05
Task 10 200 0.05
Task 20 400 0.05
Task 40 800 0.05
GW 0.49
Task 13 100 0.13
Task 6 100 0.06
Task 10 200 0.05
Task 20 400 0.05
Task 20 400 0.05
Task 20 400 0.05
Task 40 800 0.05
Task 40 800 0.05
GW 0.3
Task 300 1000 0.3
-------------
050
-------------
GW 0.4875
Task 12 100 0.12
Task 6 100 0.06
Task 11 200 0.055
Task 21 400 0.0525
Task 40 800 0.05
Task 40 800 0.05
Task 40 800 0.05
Task 40 800 0.05
GW 0.475
Task 8 100 0.08
Task 7 100 0.07
Task 7 100 0.07
Task 11 200 0.055
Task 10 200 0.05
Task 10 200 0.05
Task 10 200 0.05
Task 40 800 0.05
GW 0.3
Task 300 1000 0.3
-------------
051
-------------
GW 0.495
Task 14 100 0.14
Task 11 200 0.055
Task 10 200 0.05
Task 20 400 0.05
Task 20 400 0.05
Task 20 400 0.05
Task 40 800 0.05
Task 40 800 0.05
GW 0.48
Task 10 100 0.1
Task 6 100 0.06
Task 12 200 0.06
Task 11 200 0.055
Task 21 400 0.0525
Task 41 800 0.05125
Task 41 800 0.05125
Task 40 800 0.05
GW 0.3
Task 300 1000 0.3
-------------
052
-------------
GW 0.48
Task 9 100 0.09
Task 7 100 0.07
Task 7 100 0.07
Task 5 100 0.05
Task 10 200 0.05
Task 20 400 0.05
Task 20 400 0.05
Task 40 800 0.05
GW 0.49
Task 12 100 0.12
Task 7 100 0.07
Task 10 200 0.05
Task 10 200 0.05
Task 20 400 0.05
Task 20 400 0.05
Task 20 400 0.05
Task 40 800 0.05
GW 0.3
Task 300 1000 0.3
-------------
053
-------------
GW 0.49
Task 13 100 0.13
Task 6 100 0.06
Task 5 100 0.05
Task 10 200 0.05
Task 20 400 0.05
Task 20 400 0.05
Task 20 400 0.05
Task 20 400 0.05
GW 0.485
Task 10 100 0.1
Task 13 200 0.065
Task 12 200 0.06
Task 12 200 0.06
Task 20 400 0.05
Task 40 800 0.05
Task 40 800 0.05
Task 40 800 0.05
GW 0.3
Task 300 1000 0.3
-------------
054
-------------
GW 0.49
Task 14 100 0.14
Task 5 100 0.05
Task 10 200 0.05
Task 10 200 0.05
Task 10 200 0.05
Task 20 400 0.05
Task 40 800 0.05
Task 40 800 0.05
GW 0.48
Task 8 100 0.08
Task 17 200 0.085
Task 13 200 0.065
Task 10 200 0.05
Task 10 200 0.05
Task 20 400 0.05
Task 20 400 0.05
Task 40 800 0.05
GW 0.3
Task 300 1000 0.3
-------------
055
-------------
GW 0.49
Task 14 100 0.14
Task 5 100 0.05
Task 5 100 0.05
Task 10 200 0.05
Task 10 200 0.05
Task 10 200 0.05
Task 20 400 0.05
Task 40 800 0.05
GW 0.49
Task 28 200 0.14
Task 20 400 0.05
Task 20 400 0.05
Task 20 400 0.05
Task 20 400 0.05
Task 40 800 0.05
Task 40 800 0.05
Task 40 800 0.05
GW 0.3
Task 300 1000 0.3
-------------
056
-------------
GW 0.485
Task 11 100 0.11
Task 15 200 0.075
Task 10 200 0.05
Task 20 400 0.05
Task 20 400 0.05
Task 20 400 0.05
Task 40 800 0.05
Task 40 800 0.05
GW 0.46
Task 8 100 0.08
Task 7 100 0.07
Task 6 100 0.06
Task 5 100 0.05
Task 10 200 0.05
Task 10 200 0.05
Task 20 400 0.05
Task 40 800 0.05
GW 0.3
Task 300 1000 0.3
-------------
057
-------------
GW 0.48
Task 13 100 0.13
Task 5 100 0.05
Task 5 100 0.05
Task 10 200 0.05
Task 10 200 0.05
Task 20 400 0.05
Task 20 400 0.05
Task 40 800 0.05
GW 0.48
Task 9 100 0.09
Task 8 100 0.08
Task 6 100 0.06
Task 5 100 0.05
Task 5 100 0.05
Task 10 200 0.05
Task 10 200 0.05
Task 40 800 0.05
GW 0.3
Task 300 1000 0.3
-------------
058
-------------
GW 0.48375
Task 12 100 0.12
Task 11 200 0.055
Task 10 200 0.05
Task 21 400 0.0525
Task 21 400 0.0525
Task 21 400 0.0525
Task 41 800 0.05125
Task 40 800 0.05
GW 0.49
Task 12 100 0.12
Task 7 100 0.07
Task 10 200 0.05
Task 10 200 0.05
Task 10 200 0.05
Task 20 400 0.05
Task 40 800 0.05
Task 40 800 0.05
GW 0.3
Task 300 1000 0.3
-------------
059
-------------
GW 0.4875
Task 9 100 0.09
Task 35 400 0.0875
Task 24 400 0.06
Task 20 400 0.05
Task 20 400 0.05
Task 20 400 0.05
Task 20 400 0.05
Task 20 400 0.05
GW 0.49
Task 14 100 0.14
Task 5 100 0.05
Task 10 200 0.05
Task 20 400 0.05
Task 20 400 0.05
Task 20 400 0.05
Task 40 800 0.05
Task 40 800 0.05
GW 0.3
Task 300 1000 0.3
-------------
060
-------------
GW 0.4875
Task 12 100 0.12
Task 12 200 0.06
Task 21 400 0.0525
Task 21 400 0.0525
Task 42 800 0.0525
Task 40 800 0.05
Task 40 800 0.05
Task 40 800 0.05
GW 0.49
Task 12 100 0.12
Task 26 400 0.065
Task 22 400 0.055
Task 20 400 0.05
Task 20 400 0.05
Task 40 800 0.05
Task 40 800 0.05
Task 40 800 0.05
GW 0.3
Task 300 1000 0.3
-------------
061
-------------
GW 0.4875
Task 7 100 0.07
Task 15 200 0.075
Task 15 200 0.075
Task 12 200 0.06
Task 22 400 0.055
Task 21 400 0.0525
Task 20 400 0.05
Task 40 800 0.05
GW 0.49
Task 10 100 0.1
Task 9 100 0.09
Task 5 100 0.05
Task 5 100 0.05
Task 10 200 0.05
Task 20 400 0.05
Task 20 400 0.05
Task 20 400 0.05
GW 0.3
Task 300 1000 0.3
-------------
062
-------------
GW 0.485
Task 9 100 0.09
Task 8 100 0.08
Task 13 200 0.065
Task 10 200 0.05
Task 20 400 0.05
Task 20 400 0.05
Task 20 400 0.05
Task 40 800 0.05
GW 0.49
Task 14 100 0.14
Task 10 200 0.05
Task 10 200 0.05
Task 20 400 0.05
Task 20 400 0.05
Task 40 800 0.05
Task 40 800 0.05
Task 40 800 0.05
GW 0.3
Task 300 1000 0.3
-------------
063
-------------
GW 0.49
Task 14 100 0.14
Task 10 200 0.05
Task 10 200 0.05
Task 20 400 0.05
Task 20 400 0.05
Task 40 800 0.05
Task 40 800 0.05
Task 40 800 0.05
GW 0.485
Task 9 100 0.09
Task 8 100 0.08
Task 12 200 0.06
Task 22 400 0.055
Task 20 400 0.05
Task 20 400 0.05
Task 20 400 0.05
Task 40 800 0.05
GW 0.3
Task 300 1000 0.3
-------------
064
-------------
GW 0.4825
Task 9 100 0.09
Task 8 100 0.08
Task 6 100 0.06
Task 10 200 0.05
Task 10 200 0.05
Task 21 400 0.0525
Task 20 400 0.05
Task 20 400 0.05
GW 0.49
Task 13 100 0.13
Task 6 100 0.06
Task 10 200 0.05
Task 10 200 0.05
Task 20 400 0.05
Task 20 400 0.05
Task 20 400 0.05
Task 40 800 0.05
GW 0.3
Task 300 1000 0.3
-------------
065
-------------
GW 0.49
Task 12 100 0.12
Task 7 100 0.07
Task 5 100 0.05
Task 5 100 0.05
Task 5 100 0.05
Task 5 100 0.05
Task 10 200 0.05
Task 10 200 0.05
GW 0.48375
Task 9 100 0.09
Task 13 200 0.065
Task 13 200 0.065
Task 11 200 0.055
Task 22 400 0.055
Task 21 400 0.0525
Task 41 800 0.05125
Task 40 800 0.05
GW 0.3
Task 300 1000 0.3
-------------
066
-------------
GW 0.49
Task 12 100 0.12
Task 12 200 0.06
Task 12 200 0.06
Task 20 400 0.05
Task 20 400 0.05
Task 40 800 0.05
Task 40 800 0.05
Task 40 800 0.05
GW 0.48
Task 11 100 0.11
Task 6 100 0.06
Task 6 100 0.06
Task 10 200 0.05
Task 20 400 0.05
Task 40 800 0.05
Task 40 800 0.05
Task 40 800 0.05
GW 0.3
Task 300 1000 0.3
-------------
067
-------------
GW 0.485
Task 9 100 0.09
Task 9 100 0.09
Task 11 200 0.055
Task 20 400 0.05
Task 20 400 0.05
Task 20 400 0.05
Task 40 800 0.05
Task 40 800 0.05
GW 0.4775
Task 9 100 0.09
Task 14 200 0.07
Task 12 200 0.06
Task 11 200 0.055
Task 10 200 0.05
Task 21 400 0.0525
Task 20 400 0.05
Task 40 800 0.05
GW 0.3
Task 300 1000 0.3
-------------
068
-------------
GW 0.495
Task 23 200 0.115
Task 14 200 0.07
Task 12 200 0.06
Task 20 400 0.05
Task 20 400 0.05
Task 20 400 0.05
Task 20 400 0.05
Task 20 400 0.05
GW 0.48
Task 12 100 0.12
Task 6 100 0.06
Task 5 100 0.05
Task 5 100 0.05
Task 10 200 0.05
Task 10 200 0.05
Task 40 800 0.05
Task 40 800 0.05
GW 0.3
Task 300 1000 0.3
-------------
069
-------------
GW 0.4925
Task 22 200 0.11
Task 32 400 0.08
Task 21 400 0.0525
Task 20 400 0.05
Task 20 400 0.05
Task 40 800 0.05
Task 40 800 0.05
Task 40 800 0.05
GW 0.49
Task 14 100 0.14
Task 10 200 0.05
Task 10 200 0.05
Task 10 200 0.05
Task 40 800 0.05
Task 40 800 0.05
Task 40 800 0.05
Task 40 800 0.05
GW 0.3
Task 300 1000 0.3
-------------
070
-------------
GW 0.495
Task 27 200 0.135
Task 11 200 0.055
Task 22 400 0.055
Task 20 400 0.05
Task 20 400 0.05
Task 20 400 0.05
Task 40 800 0.05
Task 40 800 0.05
GW 0.49
Task 10 100 0.1
Task 9 100 0.09
Task 5 100 0.05
Task 10 200 0.05
Task 10 200 0.05
Task 10 200 0.05
Task 20 400 0.05
Task 40 800 0.05
GW 0.3
Task 300 1000 0.3
-------------
071
-------------
GW 0.47
Task 11 100 0.11
Task 6 100 0.06
Task 5 100 0.05
Task 10 200 0.05
Task 20 400 0.05
Task 20 400 0.05
Task 40 800 0.05
Task 40 800 0.05
GW 0.48
Task 13 100 0.13
Task 5 100 0.05
Task 10 200 0.05
Task 10 200 0.05
Task 20 400 0.05
Task 20 400 0.05
Task 40 800 0.05
Task 40 800 0.05
GW 0.3
Task 300 1000 0.3
-------------
072
-------------
GW 0.48
Task 13 100 0.13
Task 5 100 0.05
Task 5 100 0.05
Task 5 100 0.05
Task 10 200 0.05
Task 20 400 0.05
Task 20 400 0.05
Task 40 800 0.05
GW 0.4825
Task 9 100 0.09
Task 15 200 0.075
Task 13 200 0.065
Task 10 200 0.05
Task 21 400 0.0525
Task 20 400 0.05
Task 20 400 0.05
Task 20 400 0.05
GW 0.3
Task 300 1000 0.3
-------------
073
-------------
GW 0.48
Task 9 100 0.09
Task 9 100 0.09
Task 5 100 0.05
Task 10 200 0.05
Task 10 200 0.05
Task 20 400 0.05
Task 20 400 0.05
Task 20 400 0.05
GW 0.485
Task 10 100 0.1
Task 8 100 0.08
Task 11 200 0.055
Task 10 200 0.05
Task 20 400 0.05
Task 40 800 0.05
Task 40 800 0.05
Task 40 800 0.05
GW 0.3
Task 300 1000 0.3
-------------
074
-------------
GW 0.48375
Task 11 100 0.11
Task 12 200 0.06
Task 11 200 0.055
Task 22 400 0.055
Task 42 800 0.0525
Task 41 800 0.05125
Task 40 800 0.05
Task 40 800 0.05
GW 0.4875
Task 8 100 0.08
Task 8 100 0.08
Task 14 200 0.07
Task 23 400 0.0575
Task 20 400 0.05
Task 20 400 0.05
Task 40 800 0.05
Task 40 800 0.05
GW 0.3
Task 300 1000 0.3
-------------
075
-------------
GW 0.47625
Task 7 100 0.07
Task 7 100 0.07
Task 6 100 0.06
Task 6 100 0.06
Task 24 400 0.06
Task 22 400 0.055
Task 41 800 0.05125
Task 40 800 0.05
GW 0.48
Task 9 100 0.09
Task 8 100 0.08
Task 6 100 0.06
Task 5 100 0.05
Task 5 100 0.05
Task 20 400 0.05
Task 20 400 0.05
Task 40 800 0.05
GW 0.3
Task 300 1000 0.3
-------------
076
-------------
GW 0.49
Task 14 100 0.14
Task 10 200 0.05
Task 10 200 0.05
Task 20 400 0.05
Task 20 400 0.05
Task 20 400 0.05
Task 20 400 0.05
Task 40 800 0.05
GW 0.485
Task 12 100 0.12
Task 12 200 0.06
Task 11 200 0.055
Task 10 200 0.05
Task 20 400 0.05
Task 20 400 0.05
Task 20 400 0.05
Task 40 800 0.05
GW 0.3
Task 300 1000 0.3
-------------
077
-------------
GW 0.49
Task 14 100 0.14
Task 10 200 0.05
Task 10 200 0.05
Task 10 200 0.05
Task 10 200 0.05
Task 20 400 0.05
Task 20 400 0.05
Task 40 800 0.05
GW 0.4925
Task 8 100 0.08
Task 15 200 0.075
Task 13 200 0.065
Task 13 200 0.065
Task 23 400 0.0575
Task 40 800 0.05
Task 40 800 0.05
Task 40 800 0.05
GW 0.3
Task 300 1000 0.3
-------------
078
-------------
GW 0.485
Task 13 100 0.13
Task 11 200 0.055
Task 10 200 0.05
Task 10 200 0.05
Task 20 400 0.05
Task 20 400 0.05
Task 20 400 0.05
Task 20 400 0.05
GW 0.485
Task 8 100 0.08
Task 8 100 0.08
Task 14 200 0.07
Task 11 200 0.055
Task 10 200 0.05
Task 10 200 0.05
Task 20 400 0.05
Task 20 400 0.05
GW 0.3
Task 300 1000 0.3
-------------
079
-------------
GW 0.49
Task 13 100 0.13
Task 12 200 0.06
Task 10 200 0.05
Task 10 200 0.05
Task 20 400 0.05
Task 40 800 0.05
Task 40 800 0.05
Task 40 800 0.05
GW 0.485
Task 12 100 0.12
Task 13 200 0.065
Task 10 200 0.05
Task 10 200 0.05
Task 10 200 0.05
Task 10 200 0.05
Task 20 400 0.05
Task 40 800 0.05
GW 0.3
Task 300 1000 0.3
-------------
080
-------------
GW 0.4725
Task 9 100 0.09
Task 7 100 0.07
Task 5 100 0.05
Task 11 200 0.055
Task 22 400 0.055
Task 21 400 0.0525
Task 20 400 0.05
Task 20 400 0.05
GW 0.49
Task 13 100 0.13
Task 6 100 0.06
Task 5 100 0.05
Task 10 200 0.05
Task 10 200 0.05
Task 20 400 0.05
Task 20 400 0.05
Task 40 800 0.05
GW 0.3
Task 300 1000 0.3
-------------
081
-------------
GW 0.48
Task 11 100 0.11
Task 6 100 0.06
Task 5 100 0.05
Task 22 400 0.055
Task 21 400 0.0525
Task 42 800 0.0525
Task 40 800 0.05
Task 40 800 0.05
GW 0.495
Task 24 200 0.12
Task 12 200 0.06
Task 12 200 0.06
Task 22 400 0.055
Task 40 800 0.05
Task 40 800 0.05
Task 40 800 0.05
Task 40 800 0.05
GW 0.3
Task 300 1000 0.3
-------------
082
-------------
GW 0.4925
Task 18 200 0.09
Task 14 200 0.07
Task 13 200 0.065
Task 23 400 0.0575
Task 22 400 0.055
Task 22 400 0.055
Task 20 400 0.05
Task 40 800 0.05
GW 0.48
Task 12 100 0.12
Task 6 100 0.06
Task 5 100 0.05
Task 10 200 0.05
Task 10 200 0.05
Task 20 400 0.05
Task 40 800 0.05
Task 40 800 0.05
GW 0.3
Task 300 1000 0.3
-------------
083
-------------
GW 0.49
Task 9 100 0.09
Task 18 200 0.09
Task 11 200 0.055
Task 11 200 0.055
Task 10 200 0.05
Task 40 800 0.05
Task 40 800 0.05
Task 40 800 0.05
GW 0.49
Task 13 100 0.13
Task 6 100 0.06
Task 5 100 0.05
Task 5 100 0.05
Task 5 100 0.05
Task 10 200 0.05
Task 40 800 0.05
Task 40 800 0.05
GW 0.3
Task 300 1000 0.3
-------------
084
-------------
GW 0.495
Task 11 100 0.11
Task 14 200 0.07
Task 13 200 0.065
Task 20 400 0.05
Task 20 400 0.05
Task 40 800 0.05
Task 40 800 0.05
Task 40 800 0.05
GW 0.485
Task 11 100 0.11
Task 7 100 0.07
Task 11 200 0.055
Task 10 200 0.05
Task 20 400 0.05
Task 20 400 0.05
Task 40 800 0.05
Task 40 800 0.05
GW 0.3
Task 300 1000 0.3
-------------
085
-------------
GW 0.49
Task 14 100 0.14
Task 5 100 0.05
Task 10 200 0.05
Task 10 200 0.05
Task 10 200 0.05
Task 10 200 0.05
Task 20 400 0.05
Task 40 800 0.05
GW 0.48
Task 13 100 0.13
Task 5 100 0.05
Task 5 100 0.05
Task 5 100 0.05
Task 10 200 0.05
Task 20 400 0.05
Task 40 800 0.05
Task 40 800 0.05
GW 0.3
Task 300 1000 0.3
-------------
086
-------------
GW 0.4875
Task 8 100 0.08
Task 14 200 0.07
Task 14 200 0.07
Task 13 200 0.065
Task 21 400 0.0525
Task 20 400 0.05
Task 40 800 0.05
Task 40 800 0.05
GW 0.4925
Task 9 100 0.09
Task 15 200 0.075
Task 14 200 0.07
Task 23 400 0.0575
Task 20 400 0.05
Task 20 400 0.05
Task 40 800 0.05
Task 40 800 0.05
GW 0.3
Task 300 1000 0.3
-------------
087
-------------
GW 0.49
Task 13 100 0.13
Task 6 100 0.06
Task 5 100 0.05
Task 10 200 0.05
Task 20 400 0.05
Task 20 400 0.05
Task 20 400 0.05
Task 40 800 0.05
GW 0.48
Task 12 100 0.12
Task 6 100 0.06
Task 5 100 0.05
Task 5 100 0.05
Task 5 100 0.05
Task 10 200 0.05
Task 10 200 0.05
Task 20 400 0.05
GW 0.3
Task 300 1000 0.3
-------------
088
-------------
GW 0.4875
Task 22 200 0.11
Task 12 200 0.06
Task 25 400 0.0625
Task 22 400 0.055
Task 20 400 0.05
Task 40 800 0.05
Task 40 800 0.05
Task 40 800 0.05
GW 0.49
Task 14 100 0.14
Task 10 200 0.05
Task 10 200 0.05
Task 20 400 0.05
Task 20 400 0.05
Task 20 400 0.05
Task 20 400 0.05
Task 40 800 0.05
GW 0.3
Task 300 1000 0.3
-------------
089
-------------
GW 0.4925
Task 20 200 0.1
Task 17 200 0.085
Task 21 400 0.0525
Task 21 400 0.0525
Task 21 400 0.0525
Task 20 400 0.05
Task 40 800 0.05
Task 40 800 0.05
GW 0.495
Task 13 100 0.13
Task 6 100 0.06
Task 11 200 0.055
Task 10 200 0.05
Task 10 200 0.05
Task 20 400 0.05
Task 20 400 0.05
Task 40 800 0.05
GW 0.3
Task 300 1000 0.3
-------------
090
-------------
GW 0.48
Task 10 100 0.1
Task 6 100 0.06
Task 6 100 0.06
Task 11 200 0.055
Task 11 200 0.055
Task 10 200 0.05
Task 20 400 0.05
Task 20 400 0.05
GW 0.485
Task 9 100 0.09
Task 14 200 0.07
Task 13 200 0.065
Task 12 200 0.06
Task 10 200 0.05
Task 20 400 0.05
Task 20 400 0.05
Task 40 800 0.05
GW 0.3
Task 300 1000 0.3
-------------
091
-------------
GW 0.4825
Task 9 100 0.09
Task 7 100 0.07
Task 7 100 0.07
Task 5 100 0.05
Task 21 400 0.0525
Task 40 800 0.05
Task 40 800 0.05
Task 40 800 0.05
GW 0.48625
Task 8 100 0.08
Task 7 100 0.07
Task 14 200 0.07
Task 12 200 0.06
Task 22 400 0.055
Task 20 400 0.05
Task 20 400 0.05
Task 41 800 0.05125
GW 0.3
Task 300 1000 0.3
-------------
092
-------------
GW 0.49
Task 10 100 0.1
Task 9 100 0.09
Task 5 100 0.05
Task 10 200 0.05
Task 10 200 0.05
Task 10 200 0.05
Task 20 400 0.05
Task 40 800 0.05
GW 0.48
Task 10 100 0.1
Task 7 100 0.07
Task 6 100 0.06
Task 5 100 0.05
Task 5 100 0.05
Task 20 400 0.05
Task 20 400 0.05
Task 40 800 0.05
GW 0.3
Task 300 1000 0.3
-------------
093
-------------
GW 0.48
Task 10 100 0.1
Task 7 100 0.07
Task 6 100 0.06
Task 10 200 0.05
Task 10 200 0.05
Task 20 400 0.05
Task 20 400 0.05
Task 40 800 0.05
GW 0.4675
Task 7 100 0.07
Task 6 100 0.06
Task 6 100 0.06
Task 12 200 0.06
Task 11 200 0.055
Task 11 200 0.055
Task 22 400 0.055
Task 42 800 0.0525
GW 0.3
Task 300 1000 0.3
-------------
094
-------------
GW 0.48125
Task 11 100 0.11
Task 6 100 0.06
Task 11 200 0.055
Task 22 400 0.055
Task 41 800 0.05125
Task 40 800 0.05
Task 40 800 0.05
Task 40 800 0.05
GW 0.48375
Task 16 200 0.08
Task 15 200 0.075
Task 13 200 0.065
Task 23 400 0.0575
Task 21 400 0.0525
Task 21 400 0.0525
Task 41 800 0.05125
Task 40 800 0.05
GW 0.3
Task 300 1000 0.3
-------------
095
-------------
GW 0.4925
Task 11 100 0.11
Task 15 200 0.075
Task 11 200 0.055
Task 10 200 0.05
Task 21 400 0.0525
Task 20 400 0.05
Task 20 400 0.05
Task 20 400 0.05
GW 0.485
Task 12 100 0.12
Task 12 200 0.06
Task 11 200 0.055
Task 10 200 0.05
Task 20 400 0.05
Task 40 800 0.05
Task 40 800 0.05
Task 40 800 0.05
GW 0.3
Task 300 1000 0.3
-------------
096
-------------
GW 0.49
Task 13 100 0.13
Task 6 100 0.06
Task 5 100 0.05
Task 5 100 0.05
Task 10 200 0.05
Task 20 400 0.05
Task 20 400 0.05
Task 40 800 0.05
GW 0.485
Task 10 100 0.1
Task 7 100 0.07
Task 6 100 0.06
Task 11 200 0.055
Task 20 400 0.05
Task 20 400 0.05
Task 40 800 0.05
Task 40 800 0.05
GW 0.3
Task 300 1000 0.3
-------------
097
-------------
GW 0.4875
Task 21 200 0.105
Task 14 200 0.07
Task 12 200 0.06
Task 21 400 0.0525
Task 20 400 0.05
Task 40 800 0.05
Task 40 800 0.05
Task 40 800 0.05
GW 0.47
Task 9 100 0.09
Task 7 100 0.07
Task 6 100 0.06
Task 5 100 0.05
Task 10 200 0.05
Task 10 200 0.05
Task 20 400 0.05
Task 20 400 0.05
GW 0.3
Task 300 1000 0.3
-------------
098
-------------
GW 0.495
Task 14 100 0.14
Task 11 200 0.055
Task 10 200 0.05
Task 10 200 0.05
Task 20 400 0.05
Task 20 400 0.05
Task 20 400 0.05
Task 40 800 0.05
GW 0.4825
Task 10 100 0.1
Task 7 100 0.07
Task 23 400 0.0575
Task 22 400 0.055
Task 20 400 0.05
Task 40 800 0.05
Task 40 800 0.05
Task 40 800 0.05
GW 0.3
Task 300 1000 0.3
-------------
099
-------------
GW 0.4875
Task 9 100 0.09
Task 19 200 0.095
Task 21 400 0.0525
Task 20 400 0.05
Task 40 800 0.05
Task 40 800 0.05
Task 40 800 0.05
Task 40 800 0.05
GW 0.49
Task 13 100 0.13
Task 6 100 0.06
Task 5 100 0.05
Task 5 100 0.05
Task 20 400 0.05
Task 20 400 0.05
Task 20 400 0.05
Task 20 400 0.05
GW 0.3
Task 300 1000 0.3
-------------
100
-------------
