Meet_R
NOFLD	myOFLD	AOFLDC	SeGW
1	0.997792	0.306456	0.960035	
1	0.815164	0.336195	0.834038	
0.572212	0.657133	0.40521	0.639773	
0.379453	0.557001	0.395649	0.534491	
1	1	0.21273	0.960894	
1	0.850114	0.235078	0.827929	
0.61467	0.650472	0.209664	0.606598	
0.468501	0.548212	0.253065	0.489409	
1	1	0.111449	0.961815	
1	0.866439	0.128004	0.828822	
0.634498	0.668201	0.127942	0.594026	
0.49562	0.54386	0.168694	0.481144	
1	1	0.0706974	0.954936	
1	0.895493	0.0862845	0.831603	
0.662208	0.696294	0.0786383	0.624539	
0.511492	0.57766	0.101857	0.476294	
1	1	0.0400251	0.942337	
1	0.968914	0.0455255	0.834477	
0.679264	0.740509	0.0474847	0.664503	
0.549404	0.615197	0.0515466	0.526616	
1	1	0.0234684	0.934714	
1	0.986074	0.027285	0.825969	
0.697561	0.788349	0.0286547	0.681954	
0.573442	0.684109	0.0285542	0.566768	


Energy
NOFLD	myOFLD	AOFLDC	SeGW
12329.2	10509.7	9653.43	11899.9	
17531.3	10578.5	9677.03	13789.1	
17608.8	9892.64	9615.1	12815.4	
17608.8	9369.51	9583.08	11625	
12314.9	10987.5	9780.88	12036.8	
17512	11517.9	9810.83	14577.3	
17608.8	10633.9	9823.96	14713.4	
17608.8	10506.6	9800.41	12743.3	
12288.5	11373	9856.02	12171.4	
17496.4	12091.8	9869.16	15245.8	
17608.8	11841.2	9879.53	15722.8	
17608.8	11365.6	9867.79	14007.3	
12264.8	11480.5	9879.74	12121.5	
17464.3	12801.5	9899.87	15540.8	
17608.8	12361.7	9905.45	16455.8	
17608.8	12168.1	9909.65	15050.4	
12251.2	11586.4	9878.7	12075	
17433.4	14318.8	9916.65	15741.7	
17608.8	13412.3	9924.69	17003	
17608.8	13511.3	9921.8	16102	
12238.2	11565.1	9896.02	12026.4	
17402	14972.1	9919.47	15716.5	
17608.8	15040.5	9929.96	17223.4	
17608.8	14922.4	9935.64	16949.2	


Resp
NOFLD	myOFLD	AOFLDC	SeGW
615635	729668	463850	616561	
1572260	1069994	580383	909071	
924350	1022158	655722	890416	
655820	1009254	715689	918678	
720325	807029	489865	755433	
1907115	1392225	561083	1106441	
1337140	1397460	545516	1063778	
1019105	1366717	638219	1105149	
827680	850991	388818	899574	
2283330	1646717	449501	1243306	
1686265	1640563	446441	1215650	
1373665	1673984	542345	1256972	
929335	948091	335267	1020945	
2611130	1849267	389919	1361287	
2118220	1870369	379871	1369442	
1757210	1990550	424779	1402410	
1137430	1179969	300782	1339637	
3270590	2702899	338026	1716320	
2709295	2475373	339537	1723527	
2496320	2645134	367424	1805038	
1331760	1398058	233153	1553834	
3844355	3363872	273367	2102503	
3143315	3237450	280198	2044902	
2981595	3580563	300586	2065240	


CloudEng
NOFLD	myOFLD	AOFLDC	SeGW
0	72330	248142	23956	
0	276651	474440	203246	
0	498286	704123	519277	
0	686158	950212	825670	
0	34352	215802	11794	
0	224336	416185	132976	
0	401940	583846	310319	
0	619472	770948	655356	
0	5832	172242	0	
0	137823	346376	71925	
0	298149	495408	186171	
0	512447	629636	473910	
0	1030	148889	0	
0	75624	293656	40075	
0	189181	410419	109406	
0	369148	530258	307784	
0	0	117012	0	
0	30746	229598	11518	
0	116273	337253	46809	
0	247413	419998	168146	
0	0	96073	0	
0	13487	183598	1619	
0	50169	250118	29403	
0	119099	330942	66814	


FogEng
NOFLD	myOFLD	AOFLDC	SeGW
10328	12918	10328	10328	
10328	13593	10328	10328	
10328	11910	10328	10328	
10328	11204	10328	10328	
10328	12764	10328	10328	
10328	14254	10328	10328	
10328	14110	10328	10328	
10328	12544	10328	10328	
10328	12462	10328	10328	
10328	15295	10328	10328	
10328	15280	10328	10328	
10328	13895	10328	10328	
10328	12255	10328	10328	
10328	15641	10328	10328	
10328	15670	10328	10328	
10328	15293	10328	10328	
10328	12009	10328	10328	
10328	16362	10328	10328	
10328	15760	10328	10328	
10328	15751	10328	10328	
10328	12162	10328	10328	
10328	15978	10328	10328	
10328	15422	10328	10328	
10328	16138	10328	10328	


GW_Eng
GW1	GW2	GW3
10417.1	10602.3	12919.2
10532	10625	13593.9
9732.59	10052.7	11911.3
9485.04	9253.98	11205.6
11096.3	10878.7	12765.5
11514.8	11520.9	14255.6
10664.3	10603.5	14110.9
10533.9	10479.2	12544.9
11331.5	11414.5	12463.5
11574.4	12609.3	15295.7
11751.4	11930.9	15281
11419.1	11312	13896.3
11422.7	11538.3	12256.7
12468.6	13134.4	15642.2
12428.8	12294.6	15671.5
12005.6	12330.6	15293.7
11625.6	11547.1	12010
13960.3	14677.4	16363.3
13433.7	13390.9	15761.5
13402.1	13620.4	15752.1
11519.1	11611.2	12163.2
15027.8	14916.5	15978.8
14918.9	15162	15423.2
14845.3	14999.6	16139


