GW 1.48375
Task 51 100 0.51
Task 48 100 0.48
Task 57 200 0.285
Task 15 200 0.075
Task 62 800 0.0775
Task 45 800 0.05625
GW 1.48625
Task 79 100 0.79
Task 51 200 0.255
Task 35 200 0.175
Task 65 400 0.1625
Task 21 400 0.0525
Task 41 800 0.05125
GW 0
-------------
001
-------------
GW 1.48625
Task 74 100 0.74
Task 24 100 0.24
Task 40 200 0.2
Task 52 400 0.13
Task 91 800 0.11375
Task 50 800 0.0625
GW 1.475
Task 68 100 0.68
Task 43 100 0.43
Task 34 200 0.17
Task 17 200 0.085
Task 12 200 0.06
Task 20 400 0.05
GW 0
-------------
002
-------------
GW 1.49125
Task 72 100 0.72
Task 183 400 0.4575
Task 35 400 0.0875
Task 35 400 0.0875
Task 28 400 0.07
Task 55 800 0.06875
GW 1.49125
Task 69 100 0.69
Task 25 100 0.25
Task 76 400 0.19
Task 76 400 0.19
Task 95 800 0.11875
Task 42 800 0.0525
GW 0
-------------
003
-------------
GW 1.4875
Task 62 100 0.62
Task 69 200 0.345
Task 62 200 0.31
Task 31 400 0.0775
Task 29 400 0.0725
Task 50 800 0.0625
GW 1.49125
Task 97 200 0.485
Task 91 200 0.455
Task 66 400 0.165
Task 63 400 0.1575
Task 119 800 0.14875
Task 64 800 0.08
GW 0
-------------
004
-------------
GW 1.4925
Task 43 100 0.43
Task 33 100 0.33
Task 104 400 0.26
Task 88 400 0.22
Task 65 400 0.1625
Task 72 800 0.09
GW 1.4875
Task 70 100 0.7
Task 57 100 0.57
Task 12 200 0.06
Task 11 200 0.055
Task 21 400 0.0525
Task 40 800 0.05
GW 0
-------------
005
-------------
GW 1.495
Task 131 200 0.655
Task 75 200 0.375
Task 231 800 0.28875
Task 59 800 0.07375
Task 42 800 0.0525
Task 40 800 0.05
GW 1.49375
Task 287 400 0.7175
Task 138 400 0.345
Task 128 800 0.16
Task 93 800 0.11625
Task 64 800 0.08
Task 60 800 0.075
GW 0
-------------
006
-------------
GW 1.48
Task 65 100 0.65
Task 46 100 0.46
Task 13 100 0.13
Task 21 200 0.105
Task 28 400 0.07
Task 26 400 0.065
GW 1.48625
Task 51 100 0.51
Task 53 200 0.265
Task 45 200 0.225
Task 85 400 0.2125
Task 84 400 0.21
Task 51 800 0.06375
GW 0
-------------
007
-------------
GW 1.4825
Task 56 100 0.56
Task 90 200 0.45
Task 35 200 0.175
Task 23 200 0.115
Task 19 200 0.095
Task 70 800 0.0875
GW 1.4825
Task 65 100 0.65
Task 35 100 0.35
Task 43 200 0.215
Task 24 200 0.12
Task 16 200 0.08
Task 27 400 0.0675
GW 0
-------------
008
-------------
GW 1.4775
Task 42 100 0.42
Task 35 100 0.35
Task 51 200 0.255
Task 46 200 0.23
Task 31 200 0.155
Task 54 800 0.0675
GW 1.48875
Task 44 100 0.44
Task 55 200 0.275
Task 53 200 0.265
Task 81 400 0.2025
Task 136 800 0.17
Task 109 800 0.13625
GW 0
-------------
009
-------------
GW 1.47875
Task 80 100 0.8
Task 21 100 0.21
Task 42 200 0.21
Task 29 200 0.145
Task 24 400 0.06
Task 43 800 0.05375
GW 1.4875
Task 72 100 0.72
Task 106 200 0.53
Task 14 200 0.07
Task 27 400 0.0675
Task 20 400 0.05
Task 20 400 0.05
GW 0
-------------
010
-------------
GW 1.4875
Task 63 100 0.63
Task 76 200 0.38
Task 47 200 0.235
Task 44 400 0.11
Task 28 400 0.07
Task 50 800 0.0625
GW 1.49
Task 78 200 0.39
Task 63 200 0.315
Task 101 400 0.2525
Task 196 800 0.245
Task 175 800 0.21875
Task 55 800 0.06875
GW 0
-------------
011
-------------
GW 1.495
Task 52 100 0.52
Task 199 400 0.4975
Task 126 800 0.1575
Task 102 800 0.1275
Task 92 800 0.115
Task 62 800 0.0775
GW 1.495
Task 233 400 0.5825
Task 136 400 0.34
Task 205 800 0.25625
Task 101 800 0.12625
Task 78 800 0.0975
Task 74 800 0.0925
GW 0
-------------
012
-------------
GW 1.48
Task 67 100 0.67
Task 52 100 0.52
Task 27 200 0.135
Task 10 200 0.05
Task 21 400 0.0525
Task 21 400 0.0525
GW 1.485
Task 35 100 0.35
Task 32 100 0.32
Task 124 400 0.31
Task 109 400 0.2725
Task 59 400 0.1475
Task 68 800 0.085
GW 0
-------------
013
-------------
GW 1.4925
Task 48 100 0.48
Task 41 100 0.41
Task 52 200 0.26
Task 36 200 0.18
Task 74 800 0.0925
Task 56 800 0.07
GW 1.4825
Task 74 100 0.74
Task 54 200 0.27
Task 47 200 0.235
Task 86 800 0.1075
Task 56 800 0.07
Task 48 800 0.06
GW 0
-------------
014
-------------
GW 1.48
Task 67 100 0.67
Task 56 100 0.56
Task 17 200 0.085
Task 26 400 0.065
Task 20 400 0.05
Task 40 800 0.05
GW 1.48375
Task 56 100 0.56
Task 29 100 0.29
Task 29 100 0.29
Task 48 400 0.12
Task 90 800 0.1125
Task 89 800 0.11125
GW 0
-------------
015
-------------
GW 1.48625
Task 44 100 0.44
Task 78 200 0.39
Task 53 200 0.265
Task 90 400 0.225
Task 85 800 0.10625
Task 48 800 0.06
GW 1.48625
Task 65 100 0.65
Task 24 100 0.24
Task 46 200 0.23
Task 65 400 0.1625
Task 58 400 0.145
Task 47 800 0.05875
GW 0
-------------
016
-------------
GW 1.48
Task 35 100 0.35
Task 30 100 0.3
Task 28 100 0.28
Task 193 800 0.24125
Task 152 800 0.19
Task 95 800 0.11875
GW 1.47875
Task 58 100 0.58
Task 53 100 0.53
Task 19 100 0.19
Task 7 100 0.07
Task 11 200 0.055
Task 43 800 0.05375
GW 0
-------------
017
-------------
GW 1.49625
Task 129 200 0.645
Task 260 800 0.325
Task 178 800 0.2225
Task 121 800 0.15125
Task 65 800 0.08125
Task 57 800 0.07125
GW 1.48625
Task 58 100 0.58
Task 92 200 0.46
Task 69 400 0.1725
Task 55 400 0.1375
Task 69 800 0.08625
Task 40 800 0.05
GW 0
-------------
018
-------------
GW 1.4725
Task 72 100 0.72
Task 36 100 0.36
Task 14 100 0.14
Task 10 100 0.1
Task 18 200 0.09
Task 50 800 0.0625
GW 1.48125
Task 51 100 0.51
Task 89 200 0.445
Task 36 200 0.18
Task 70 400 0.175
Task 41 400 0.1025
Task 55 800 0.06875
GW 0
-------------
019
-------------
GW 1.48
Task 55 100 0.55
Task 48 100 0.48
Task 16 100 0.16
Task 15 100 0.15
Task 15 200 0.075
Task 52 800 0.065
GW 1.4925
Task 69 100 0.69
Task 54 200 0.27
Task 39 200 0.195
Task 49 400 0.1225
Task 89 800 0.11125
Task 83 800 0.10375
GW 0
-------------
020
-------------
GW 1.48
Task 64 100 0.64
Task 95 200 0.475
Task 25 200 0.125
Task 50 400 0.125
Task 49 800 0.06125
Task 43 800 0.05375
GW 1.48875
Task 97 200 0.485
Task 74 200 0.37
Task 46 200 0.23
Task 33 200 0.165
Task 62 400 0.155
Task 67 800 0.08375
GW 0
-------------
021
-------------
GW 1.48875
Task 51 100 0.51
Task 99 200 0.495
Task 41 200 0.205
Task 55 400 0.1375
Task 68 800 0.085
Task 45 800 0.05625
GW 1.49125
Task 102 200 0.51
Task 88 200 0.44
Task 57 200 0.285
Task 57 400 0.1425
Task 24 400 0.06
Task 43 800 0.05375
GW 0
-------------
022
-------------
GW 1.4925
Task 149 200 0.745
Task 140 400 0.35
Task 82 400 0.205
Task 68 800 0.085
Task 44 800 0.055
Task 42 800 0.0525
GW 1.485
Task 39 100 0.39
Task 36 100 0.36
Task 57 200 0.285
Task 101 400 0.2525
Task 53 400 0.1325
Task 26 400 0.065
GW 0
-------------
023
-------------
GW 1.49
Task 73 100 0.73
Task 61 200 0.305
Task 43 200 0.215
Task 20 200 0.1
Task 29 400 0.0725
Task 27 400 0.0675
GW 1.48625
Task 116 200 0.58
Task 90 200 0.45
Task 82 400 0.205
Task 44 400 0.11
Task 32 400 0.08
Task 49 800 0.06125
GW 0
-------------
024
-------------
GW 1.4925
Task 41 100 0.41
Task 38 100 0.38
Task 68 200 0.34
Task 161 800 0.20125
Task 88 800 0.11
Task 41 800 0.05125
GW 1.49125
Task 56 100 0.56
Task 93 200 0.465
Task 35 200 0.175
Task 54 400 0.135
Task 42 400 0.105
Task 41 800 0.05125
GW 0
-------------
025
-------------
GW 1.48
Task 32 100 0.32
Task 62 200 0.31
Task 61 200 0.305
Task 41 200 0.205
Task 72 400 0.18
Task 64 400 0.16
GW 1.49375
Task 271 400 0.6775
Task 110 400 0.275
Task 98 400 0.245
Task 49 400 0.1225
Task 36 400 0.09
Task 67 800 0.08375
GW 0
-------------
026
-------------
GW 1.485
Task 56 100 0.56
Task 34 100 0.34
Task 56 200 0.28
Task 65 400 0.1625
Task 36 400 0.09
Task 42 800 0.0525
GW 1.49375
Task 76 100 0.76
Task 29 100 0.29
Task 165 800 0.20625
Task 82 800 0.1025
Task 66 800 0.0825
Task 42 800 0.0525
GW 0
-------------
027
-------------
GW 1.4925
Task 289 400 0.7225
Task 138 400 0.345
Task 54 400 0.135
Task 43 400 0.1075
Task 38 400 0.095
Task 35 400 0.0875
GW 1.48125
Task 62 100 0.62
Task 56 100 0.56
Task 23 200 0.115
Task 28 400 0.07
Task 24 400 0.06
Task 45 800 0.05625
GW 0
-------------
028
-------------
GW 1.4875
Task 59 100 0.59
Task 42 100 0.42
Task 67 400 0.1675
Task 48 400 0.12
Task 90 800 0.1125
Task 62 800 0.0775
GW 1.48
Task 58 100 0.58
Task 98 200 0.49
Task 48 200 0.24
Task 14 200 0.07
Task 20 400 0.05
Task 20 400 0.05
GW 0
-------------
029
-------------
GW 1.485
Task 157 200 0.785
Task 64 200 0.32
Task 28 200 0.14
Task 23 200 0.115
Task 25 400 0.0625
Task 50 800 0.0625
GW 1.49
Task 71 100 0.71
Task 109 200 0.545
Task 33 400 0.0825
Task 42 800 0.0525
Task 40 800 0.05
Task 40 800 0.05
GW 0
-------------
030
-------------
GW 1.48625
Task 60 100 0.6
Task 34 100 0.34
Task 33 100 0.33
Task 31 400 0.0775
Task 29 400 0.0725
Task 53 800 0.06625
GW 1.49125
Task 48 100 0.48
Task 43 100 0.43
Task 41 100 0.41
Task 13 200 0.065
Task 11 200 0.055
Task 41 800 0.05125
GW 0
-------------
031
-------------
GW 1.4925
Task 154 200 0.77
Task 77 200 0.385
Task 29 200 0.145
Task 33 400 0.0825
Task 45 800 0.05625
Task 43 800 0.05375
GW 1.49
Task 96 200 0.48
Task 165 400 0.4125
Task 142 400 0.355
Task 41 400 0.1025
Task 30 400 0.075
Task 52 800 0.065
GW 0
-------------
032
-------------
GW 1.48
Task 67 100 0.67
Task 51 100 0.51
Task 9 100 0.09
Task 7 100 0.07
Task 14 200 0.07
Task 56 800 0.07
GW 1.485
Task 43 100 0.43
Task 36 100 0.36
Task 29 100 0.29
Task 32 200 0.16
Task 54 400 0.135
Task 88 800 0.11
GW 0
-------------
033
-------------
GW 1.49375
Task 62 100 0.62
Task 72 200 0.36
Task 39 200 0.195
Task 61 400 0.1525
Task 70 800 0.0875
Task 63 800 0.07875
GW 1.47875
Task 70 100 0.7
Task 37 100 0.37
Task 26 200 0.13
Task 25 200 0.125
Task 19 200 0.095
Task 47 800 0.05875
GW 0
-------------
034
-------------
GW 1.49
Task 72 100 0.72
Task 36 100 0.36
Task 15 100 0.15
Task 18 200 0.09
Task 17 200 0.085
Task 17 200 0.085
GW 1.48125
Task 71 100 0.71
Task 60 200 0.3
Task 29 200 0.145
Task 29 200 0.145
Task 51 400 0.1275
Task 43 800 0.05375
GW 0
-------------
035
-------------
GW 1.4875
Task 68 100 0.68
Task 95 200 0.475
Task 51 400 0.1275
Task 41 400 0.1025
Task 21 400 0.0525
Task 40 800 0.05
GW 1.475
Task 62 100 0.62
Task 43 100 0.43
Task 25 100 0.25
Task 30 400 0.075
Task 20 400 0.05
Task 40 800 0.05
GW 0
-------------
036
-------------
GW 1.48875
Task 43 100 0.43
Task 86 200 0.43
Task 44 200 0.22
Task 36 200 0.18
Task 96 800 0.12
Task 87 800 0.10875
GW 1.48625
Task 66 100 0.66
Task 91 400 0.2275
Task 70 400 0.175
Task 70 400 0.175
Task 119 800 0.14875
Task 80 800 0.1
GW 0
-------------
037
-------------
GW 1.48375
Task 43 100 0.43
Task 39 100 0.39
Task 45 200 0.225
Task 90 400 0.225
Task 46 400 0.115
Task 79 800 0.09875
GW 1.4775
Task 57 100 0.57
Task 48 100 0.48
Task 39 200 0.195
Task 26 200 0.13
Task 21 400 0.0525
Task 40 800 0.05
GW 0
-------------
038
-------------
GW 1.485
Task 69 100 0.69
Task 104 200 0.52
Task 21 200 0.105
Task 24 400 0.06
Task 23 400 0.0575
Task 42 800 0.0525
GW 1.4825
Task 78 100 0.78
Task 42 200 0.21
Task 39 200 0.195
Task 27 200 0.135
Task 45 400 0.1125
Task 20 400 0.05
GW 0
-------------
039
-------------
GW 1.485
Task 72 100 0.72
Task 109 200 0.545
Task 28 400 0.07
Task 20 400 0.05
Task 40 800 0.05
Task 40 800 0.05
GW 1.48625
Task 76 100 0.76
Task 25 100 0.25
Task 35 200 0.175
Task 25 200 0.125
Task 22 200 0.11
Task 53 800 0.06625
GW 0
-------------
040
-------------
GW 1.47875
Task 39 100 0.39
Task 39 100 0.39
Task 31 100 0.31
Task 28 100 0.28
Task 45 800 0.05625
Task 42 800 0.0525
GW 1.49
Task 43 100 0.43
Task 37 100 0.37
Task 50 200 0.25
Task 36 200 0.18
Task 124 800 0.155
Task 84 800 0.105
GW 0
-------------
041
-------------
GW 1.4775
Task 77 100 0.77
Task 45 100 0.45
Task 15 200 0.075
Task 13 200 0.065
Task 26 400 0.065
Task 21 400 0.0525
GW 1.48375
Task 65 100 0.65
Task 89 200 0.445
Task 50 400 0.125
Task 44 400 0.11
Task 39 400 0.0975
Task 45 800 0.05625
GW 0
-------------
042
-------------
GW 1.49
Task 86 200 0.43
Task 67 200 0.335
Task 46 200 0.23
Task 40 200 0.2
Task 35 200 0.175
Task 48 400 0.12
GW 1.48125
Task 64 100 0.64
Task 41 100 0.41
Task 13 100 0.13
Task 25 200 0.125
Task 22 200 0.11
Task 53 800 0.06625
GW 0
-------------
043
-------------
GW 1.4875
Task 42 100 0.42
Task 30 100 0.3
Task 55 200 0.275
Task 42 200 0.21
Task 78 400 0.195
Task 70 800 0.0875
GW 1.49
Task 76 100 0.76
Task 53 100 0.53
Task 10 200 0.05
Task 20 400 0.05
Task 20 400 0.05
Task 40 800 0.05
GW 0
-------------
044
-------------
GW 1.47875
Task 72 100 0.72
Task 39 100 0.39
Task 29 200 0.145
Task 73 800 0.09125
Task 55 800 0.06875
Task 51 800 0.06375
GW 1.48
Task 61 100 0.61
Task 40 100 0.4
Task 25 100 0.25
Task 32 400 0.08
Task 31 400 0.0775
Task 25 400 0.0625
GW 0
-------------
045
-------------
GW 1.485
Task 56 100 0.56
Task 82 200 0.41
Task 65 200 0.325
Task 35 400 0.0875
Task 21 400 0.0525
Task 40 800 0.05
GW 1.49
Task 103 200 0.515
Task 202 400 0.505
Task 63 400 0.1575
Task 55 400 0.1375
Task 44 400 0.11
Task 52 800 0.065
GW 0
-------------
046
-------------
GW 1.47625
Task 72 100 0.72
Task 38 100 0.38
Task 18 100 0.18
Task 14 200 0.07
Task 27 400 0.0675
Task 47 800 0.05875
GW 1.49125
Task 51 100 0.51
Task 85 200 0.425
Task 152 400 0.38
Task 26 400 0.065
Task 48 800 0.06
Task 41 800 0.05125
GW 0
-------------
047
-------------
GW 1.4925
Task 90 200 0.45
Task 65 200 0.325
Task 105 400 0.2625
Task 83 400 0.2075
Task 101 800 0.12625
Task 97 800 0.12125
GW 1.48625
Task 46 100 0.46
Task 40 100 0.4
Task 36 100 0.36
Task 21 200 0.105
Task 41 400 0.1025
Task 47 800 0.05875
GW 0
-------------
048
-------------
GW 1.49
Task 49 100 0.49
Task 33 100 0.33
Task 63 200 0.315
Task 31 200 0.155
Task 22 200 0.11
Task 36 400 0.09
GW 1.48125
Task 53 100 0.53
Task 42 100 0.42
Task 93 400 0.2325
Task 110 800 0.1375
Task 86 800 0.1075
Task 43 800 0.05375
GW 0
-------------
049
-------------
GW 1.48625
Task 67 100 0.67
Task 33 100 0.33
Task 36 200 0.18
Task 27 200 0.135
Task 72 800 0.09
Task 65 800 0.08125
GW 1.48
Task 60 100 0.6
Task 36 100 0.36
Task 60 200 0.3
Task 20 200 0.1
Task 25 400 0.0625
Task 23 400 0.0575
GW 0
-------------
050
-------------
GW 1.4775
Task 56 100 0.56
Task 106 200 0.53
Task 27 200 0.135
Task 26 200 0.13
Task 13 200 0.065
Task 23 400 0.0575
GW 1.48125
Task 51 100 0.51
Task 44 100 0.44
Task 28 100 0.28
Task 41 400 0.1025
Task 34 400 0.085
Task 51 800 0.06375
GW 0
-------------
051
-------------
GW 1.48875
Task 138 200 0.69
Task 53 200 0.265
Task 43 200 0.215
Task 50 400 0.125
Task 86 800 0.1075
Task 69 800 0.08625
GW 1.4825
Task 62 100 0.62
Task 36 100 0.36
Task 23 100 0.23
Task 14 100 0.14
Task 33 400 0.0825
Task 20 400 0.05
GW 0
-------------
052
-------------
GW 1.49125
Task 68 100 0.68
Task 33 100 0.33
Task 16 100 0.16
Task 26 200 0.13
Task 88 800 0.11
Task 65 800 0.08125
GW 1.48
Task 40 100 0.4
Task 68 200 0.34
Task 43 200 0.215
Task 40 200 0.2
Task 72 400 0.18
Task 116 800 0.145
GW 0
-------------
053
-------------
GW 1.48875
Task 55 100 0.55
Task 70 200 0.35
Task 94 400 0.235
Task 109 800 0.13625
Task 98 800 0.1225
Task 76 800 0.095
GW 1.4825
Task 40 100 0.4
Task 36 100 0.36
Task 72 200 0.36
Task 33 200 0.165
Task 58 400 0.145
Task 42 800 0.0525
GW 0
-------------
054
-------------
GW 1.485
Task 123 200 0.615
Task 113 200 0.565
Task 37 400 0.0925
Task 36 400 0.09
Task 53 800 0.06625
Task 45 800 0.05625
GW 1.4775
Task 76 100 0.76
Task 37 100 0.37
Task 19 100 0.19
Task 11 200 0.055
Task 21 400 0.0525
Task 40 800 0.05
GW 0
-------------
055
-------------
GW 1.49125
Task 78 100 0.78
Task 87 400 0.2175
Task 78 400 0.195
Task 136 800 0.17
Task 58 800 0.0725
Task 45 800 0.05625
GW 1.4875
Task 75 100 0.75
Task 63 200 0.315
Task 40 200 0.2
Task 22 200 0.11
Task 23 400 0.0575
Task 22 400 0.055
GW 0
-------------
056
-------------
GW 1.48375
Task 65 100 0.65
Task 33 100 0.33
Task 35 200 0.175
Task 71 400 0.1775
Task 36 400 0.09
Task 49 800 0.06125
GW 1.485
Task 60 100 0.6
Task 27 100 0.27
Task 50 200 0.25
Task 32 200 0.16
Task 27 200 0.135
Task 56 800 0.07
GW 0
-------------
057
-------------
GW 1.49
Task 62 100 0.62
Task 67 200 0.335
Task 84 400 0.21
Task 77 400 0.1925
Task 28 400 0.07
Task 50 800 0.0625
GW 1.475
Task 47 100 0.47
Task 27 100 0.27
Task 53 200 0.265
Task 37 200 0.185
Task 31 200 0.155
Task 52 400 0.13
GW 0
-------------
058
-------------
GW 1.48125
Task 40 100 0.4
Task 40 100 0.4
Task 66 200 0.33
Task 35 200 0.175
Task 19 200 0.095
Task 65 800 0.08125
GW 1.4875
Task 62 100 0.62
Task 56 100 0.56
Task 14 100 0.14
Task 13 200 0.065
Task 21 400 0.0525
Task 40 800 0.05
GW 0
-------------
059
-------------
GW 1.475
Task 51 100 0.51
Task 35 100 0.35
Task 26 100 0.26
Task 39 200 0.195
Task 22 200 0.11
Task 40 800 0.05
GW 1.49375
Task 48 100 0.48
Task 80 200 0.4
Task 151 400 0.3775
Task 88 800 0.11
Task 51 800 0.06375
Task 50 800 0.0625
GW 0
-------------
060
-------------
GW 1.48875
Task 59 100 0.59
Task 31 100 0.31
Task 90 400 0.225
Task 88 400 0.22
Task 62 800 0.0775
Task 53 800 0.06625
GW 1.485
Task 69 100 0.69
Task 96 200 0.48
Task 24 200 0.12
Task 15 200 0.075
Task 13 200 0.065
Task 22 400 0.055
GW 0
-------------
061
-------------
GW 1.49
Task 62 100 0.62
Task 55 100 0.55
Task 30 200 0.15
Task 13 200 0.065
Task 22 400 0.055
Task 20 400 0.05
GW 1.485
Task 49 100 0.49
Task 33 100 0.33
Task 44 200 0.22
Task 81 400 0.2025
Task 119 800 0.14875
Task 75 800 0.09375
GW 0
-------------
062
-------------
GW 1.48625
Task 49 100 0.49
Task 65 200 0.325
Task 45 200 0.225
Task 38 200 0.19
Task 70 400 0.175
Task 65 800 0.08125
GW 1.48
Task 51 100 0.51
Task 49 100 0.49
Task 21 100 0.21
Task 21 200 0.105
Task 38 400 0.095
Task 28 400 0.07
GW 0
-------------
063
-------------
GW 1.48125
Task 50 100 0.5
Task 49 100 0.49
Task 63 200 0.315
Task 12 200 0.06
Task 25 400 0.0625
Task 43 800 0.05375
GW 1.4725
Task 55 100 0.55
Task 41 100 0.41
Task 17 100 0.17
Task 31 200 0.155
Task 23 200 0.115
Task 29 400 0.0725
GW 0
-------------
064
-------------
GW 1.48875
Task 60 100 0.6
Task 113 200 0.565
Task 24 200 0.12
Task 18 200 0.09
Task 24 400 0.06
Task 43 800 0.05375
GW 1.475
Task 55 100 0.55
Task 50 100 0.5
Task 17 100 0.17
Task 13 100 0.13
Task 6 100 0.06
Task 13 200 0.065
GW 0
-------------
065
-------------
GW 1.475
Task 74 100 0.74
Task 53 100 0.53
Task 11 200 0.055
Task 10 200 0.05
Task 10 200 0.05
Task 20 400 0.05
GW 1.48375
Task 51 100 0.51
Task 44 100 0.44
Task 52 200 0.26
Task 62 400 0.155
Task 53 800 0.06625
Task 42 800 0.0525
GW 0
-------------
066
-------------
GW 1.48375
Task 68 100 0.68
Task 36 100 0.36
Task 38 200 0.19
Task 34 400 0.085
Task 69 800 0.08625
Task 66 800 0.0825
GW 1.4875
Task 68 100 0.68
Task 44 100 0.44
Task 23 200 0.115
Task 20 200 0.1
Task 18 200 0.09
Task 25 400 0.0625
GW 0
-------------
067
-------------
GW 1.49625
Task 116 200 0.58
Task 145 400 0.3625
Task 125 400 0.3125
Task 73 800 0.09125
Task 61 800 0.07625
Task 59 800 0.07375
GW 1.485
Task 59 100 0.59
Task 43 100 0.43
Task 21 100 0.21
Task 58 400 0.145
Task 45 800 0.05625
Task 43 800 0.05375
GW 0
-------------
068
-------------
GW 1.49625
Task 248 400 0.62
Task 226 800 0.2825
Task 182 800 0.2275
Task 175 800 0.21875
Task 77 800 0.09625
Task 41 800 0.05125
GW 1.49125
Task 90 200 0.45
Task 85 200 0.425
Task 96 400 0.24
Task 67 400 0.1675
Task 46 400 0.115
Task 75 800 0.09375
GW 0
-------------
069
-------------
GW 1.48625
Task 56 100 0.56
Task 106 200 0.53
Task 81 400 0.2025
Task 29 400 0.0725
Task 25 400 0.0625
Task 47 800 0.05875
GW 1.4775
Task 68 100 0.68
Task 29 100 0.29
Task 33 200 0.165
Task 28 200 0.14
Task 23 200 0.115
Task 70 800 0.0875
GW 0
-------------
070
-------------
GW 1.49375
Task 275 400 0.6875
Task 171 400 0.4275
Task 176 800 0.22
Task 44 800 0.055
Task 42 800 0.0525
Task 41 800 0.05125
GW 1.48625
Task 58 100 0.58
Task 59 200 0.295
Task 48 200 0.24
Task 96 400 0.24
Task 29 400 0.0725
Task 47 800 0.05875
GW 0
-------------
071
-------------
GW 1.48875
Task 35 100 0.35
Task 109 400 0.2725
Task 215 800 0.26875
Task 209 800 0.26125
Task 162 800 0.2025
Task 107 800 0.13375
GW 1.47875
Task 73 100 0.73
Task 35 100 0.35
Task 73 400 0.1825
Task 79 800 0.09875
Task 50 800 0.0625
Task 44 800 0.055
GW 0
-------------
072
-------------
GW 1.49
Task 138 200 0.69
Task 101 200 0.505
Task 25 200 0.125
Task 27 400 0.0675
Task 42 800 0.0525
Task 40 800 0.05
GW 1.485
Task 54 100 0.54
Task 53 100 0.53
Task 66 400 0.165
Task 89 800 0.11125
Task 64 800 0.08
Task 47 800 0.05875
GW 0
-------------
073
-------------
GW 1.49125
Task 88 200 0.44
Task 82 200 0.41
Task 113 400 0.2825
Task 79 400 0.1975
Task 85 800 0.10625
Task 44 800 0.055
GW 1.4875
Task 122 200 0.61
Task 54 200 0.27
Task 47 200 0.235
Task 35 200 0.175
Task 49 400 0.1225
Task 30 400 0.075
GW 0
-------------
074
-------------
GW 1.49
Task 106 200 0.53
Task 67 200 0.335
Task 38 200 0.19
Task 138 800 0.1725
Task 119 800 0.14875
Task 91 800 0.11375
GW 1.4875
Task 137 200 0.685
Task 91 200 0.455
Task 28 200 0.14
Task 33 400 0.0825
Task 25 400 0.0625
Task 50 800 0.0625
GW 0
-------------
075
-------------
GW 1.4825
Task 66 100 0.66
Task 48 100 0.48
Task 28 200 0.14
Task 41 400 0.1025
Task 40 800 0.05
Task 40 800 0.05
GW 1.47625
Task 45 100 0.45
Task 39 100 0.39
Task 25 100 0.25
Task 45 200 0.225
Task 20 200 0.1
Task 49 800 0.06125
GW 0
-------------
076
-------------
GW 1.49
Task 72 100 0.72
Task 100 200 0.5
Task 24 200 0.12
Task 10 200 0.05
Task 20 400 0.05
Task 40 800 0.05
GW 1.48375
Task 66 100 0.66
Task 43 100 0.43
Task 38 200 0.19
Task 16 200 0.08
Task 28 400 0.07
Task 43 800 0.05375
GW 0
-------------
077
-------------
GW 1.49375
Task 173 400 0.4325
Task 167 400 0.4175
Task 69 400 0.1725
Task 137 800 0.17125
Task 133 800 0.16625
Task 107 800 0.13375
GW 1.49375
Task 79 100 0.79
Task 46 200 0.23
Task 29 200 0.145
Task 103 800 0.12875
Task 102 800 0.1275
Task 58 800 0.0725
GW 0
-------------
078
-------------
GW 1.4925
Task 118 200 0.59
Task 118 200 0.59
Task 64 400 0.16
Task 41 800 0.05125
Task 41 800 0.05125
Task 40 800 0.05
GW 1.48125
Task 56 100 0.56
Task 46 100 0.46
Task 45 200 0.225
Task 50 400 0.125
Task 23 400 0.0575
Task 43 800 0.05375
GW 0
-------------
079
-------------
GW 1.48375
Task 62 100 0.62
Task 91 200 0.455
Task 28 200 0.14
Task 44 400 0.11
Task 68 800 0.085
Task 59 800 0.07375
GW 1.49
Task 54 100 0.54
Task 49 100 0.49
Task 83 400 0.2075
Task 60 400 0.15
Task 21 400 0.0525
Task 40 800 0.05
GW 0
-------------
080
-------------
GW 1.4925
Task 117 200 0.585
Task 176 400 0.44
Task 116 400 0.29
Task 57 800 0.07125
Task 43 800 0.05375
Task 42 800 0.0525
GW 1.49625
Task 123 200 0.615
Task 174 400 0.435
Task 93 400 0.2325
Task 33 400 0.0825
Task 63 800 0.07875
Task 42 800 0.0525
GW 0
-------------
081
-------------
GW 1.4925
Task 289 400 0.7225
Task 88 400 0.22
Task 70 400 0.175
Task 67 400 0.1675
Task 60 400 0.15
Task 46 800 0.0575
GW 1.4875
Task 116 200 0.58
Task 85 200 0.425
Task 35 200 0.175
Task 28 200 0.14
Task 18 200 0.09
Task 31 400 0.0775
GW 0
-------------
082
-------------
GW 1.49125
Task 50 100 0.5
Task 90 200 0.45
Task 76 400 0.19
Task 60 400 0.15
Task 117 800 0.14625
Task 44 800 0.055
GW 1.49125
Task 50 100 0.5
Task 167 400 0.4175
Task 135 400 0.3375
Task 73 800 0.09125
Task 70 800 0.0875
Task 46 800 0.0575
GW 0
-------------
083
-------------
GW 1.4775
Task 62 100 0.62
Task 37 100 0.37
Task 23 100 0.23
Task 21 200 0.105
Task 74 800 0.0925
Task 48 800 0.06
GW 1.4875
Task 60 100 0.6
Task 39 100 0.39
Task 35 200 0.175
Task 51 400 0.1275
Task 41 400 0.1025
Task 37 400 0.0925
GW 0
-------------
084
-------------
GW 1.4875
Task 67 100 0.67
Task 38 100 0.38
Task 51 200 0.255
Task 33 400 0.0825
Task 20 400 0.05
Task 40 800 0.05
GW 1.4825
Task 70 100 0.7
Task 26 100 0.26
Task 37 200 0.185
Task 28 200 0.14
Task 20 200 0.1
Task 39 400 0.0975
GW 0
-------------
085
-------------
GW 1.49375
Task 62 100 0.62
Task 102 200 0.51
Task 72 400 0.18
Task 55 800 0.06875
Task 49 800 0.06125
Task 43 800 0.05375
GW 1.49125
Task 64 100 0.64
Task 123 400 0.3075
Task 97 400 0.2425
Task 115 800 0.14375
Task 79 800 0.09875
Task 47 800 0.05875
GW 0
-------------
086
-------------
GW 1.48625
Task 63 100 0.63
Task 62 200 0.31
Task 160 800 0.2
Task 129 800 0.16125
Task 84 800 0.105
Task 64 800 0.08
GW 1.4875
Task 39 100 0.39
Task 32 100 0.32
Task 121 400 0.3025
Task 80 400 0.2
Task 152 800 0.19
Task 68 800 0.085
GW 0
-------------
087
-------------
GW 1.48625
Task 66 100 0.66
Task 45 100 0.45
Task 55 400 0.1375
Task 83 800 0.10375
Task 68 800 0.085
Task 40 800 0.05
GW 1.49125
Task 47 100 0.47
Task 29 100 0.29
Task 47 200 0.235
Task 179 800 0.22375
Task 124 800 0.155
Task 94 800 0.1175
GW 0
-------------
088
-------------
GW 1.49625
Task 257 400 0.6425
Task 112 400 0.28
Task 196 800 0.245
Task 182 800 0.2275
Task 41 800 0.05125
Task 40 800 0.05
GW 1.48
Task 52 100 0.52
Task 47 100 0.47
Task 66 200 0.33
Task 11 200 0.055
Task 11 200 0.055
Task 10 200 0.05
GW 0
-------------
089
-------------
GW 1.48
Task 46 100 0.46
Task 83 200 0.415
Task 63 200 0.315
Task 32 200 0.16
Task 15 200 0.075
Task 22 400 0.055
GW 1.47625
Task 45 100 0.45
Task 34 100 0.34
Task 25 100 0.25
Task 22 100 0.22
Task 59 400 0.1475
Task 55 800 0.06875
GW 0
-------------
090
-------------
GW 1.49125
Task 44 100 0.44
Task 42 100 0.42
Task 61 200 0.305
Task 59 400 0.1475
Task 46 400 0.115
Task 51 800 0.06375
GW 1.48875
Task 62 100 0.62
Task 36 100 0.36
Task 39 200 0.195
Task 61 400 0.1525
Task 33 400 0.0825
Task 63 800 0.07875
GW 0
-------------
091
-------------
GW 1.48875
Task 38 100 0.38
Task 71 200 0.355
Task 64 200 0.32
Task 44 200 0.22
Task 63 400 0.1575
Task 45 800 0.05625
GW 1.49125
Task 71 100 0.71
Task 56 200 0.28
Task 44 200 0.22
Task 55 400 0.1375
Task 62 800 0.0775
Task 53 800 0.06625
GW 0
-------------
092
-------------
GW 1.48
Task 56 100 0.56
Task 29 100 0.29
Task 19 100 0.19
Task 37 200 0.185
Task 33 200 0.165
Task 72 800 0.09
GW 1.485
Task 51 100 0.51
Task 51 200 0.255
Task 102 400 0.255
Task 197 800 0.24625
Task 104 800 0.13
Task 71 800 0.08875
GW 0
-------------
093
-------------
GW 1.4875
Task 55 100 0.55
Task 41 100 0.41
Task 40 200 0.2
Task 142 800 0.1775
Task 66 800 0.0825
Task 54 800 0.0675
GW 1.4975
Task 119 200 0.595
Task 73 200 0.365
Task 90 400 0.225
Task 60 400 0.15
Task 44 400 0.11
Task 42 800 0.0525
GW 0
-------------
094
-------------
GW 1.475
Task 47 100 0.47
Task 39 100 0.39
Task 32 100 0.32
Task 36 200 0.18
Task 26 400 0.065
Task 20 400 0.05
GW 1.4875
Task 58 100 0.58
Task 67 200 0.335
Task 64 200 0.32
Task 41 400 0.1025
Task 38 400 0.095
Task 22 400 0.055
GW 0
-------------
095
-------------
GW 1.495
Task 49 100 0.49
Task 64 200 0.32
Task 43 200 0.215
Task 73 400 0.1825
Task 121 800 0.15125
Task 109 800 0.13625
GW 1.4925
Task 59 100 0.59
Task 192 400 0.48
Task 101 400 0.2525
Task 26 400 0.065
Task 22 400 0.055
Task 40 800 0.05
GW 0
-------------
096
-------------
GW 1.485
Task 63 100 0.63
Task 34 100 0.34
Task 31 100 0.31
Task 20 200 0.1
Task 11 200 0.055
Task 20 400 0.05
GW 1.49125
Task 50 100 0.5
Task 77 200 0.385
Task 140 400 0.35
Task 42 400 0.105
Task 37 400 0.0925
Task 47 800 0.05875
GW 0
-------------
097
-------------
GW 1.475
Task 54 100 0.54
Task 32 100 0.32
Task 29 100 0.29
Task 72 400 0.18
Task 60 800 0.075
Task 56 800 0.07
GW 1.47625
Task 65 100 0.65
Task 40 100 0.4
Task 19 100 0.19
Task 11 100 0.11
Task 29 400 0.0725
Task 43 800 0.05375
GW 0
-------------
098
-------------
GW 1.49
Task 44 100 0.44
Task 85 200 0.425
Task 52 200 0.26
Task 34 200 0.17
Task 39 400 0.0975
Task 78 800 0.0975
GW 1.48375
Task 39 100 0.39
Task 33 100 0.33
Task 65 200 0.325
Task 51 200 0.255
Task 51 400 0.1275
Task 45 800 0.05625
GW 0
-------------
099
-------------
GW 1.4875
Task 68 100 0.68
Task 109 200 0.545
Task 22 200 0.11
Task 21 400 0.0525
Task 40 800 0.05
Task 40 800 0.05
GW 1.4925
Task 152 200 0.76
Task 74 200 0.37
Task 35 200 0.175
Task 14 200 0.07
Task 13 200 0.065
Task 21 400 0.0525
GW 0
-------------
100
-------------
