Meet_R
NOFLD	myOFLD	AOFLDC	SeGW
1	0.999358	0.694991	0.965216	
1	0.96939	0.672701	0.867447	
0.572212	0.875812	0.645891	0.752928	
0.379453	0.782945	0.684426	0.698317	
1	1	0.534776	0.961465	
1	0.968842	0.556178	0.844415	
0.61467	0.857827	0.490189	0.688007	
0.468501	0.72788	0.521969	0.627296	
1	1	0.331213	0.961815	
1	0.973092	0.369342	0.842415	
0.634498	0.820803	0.346139	0.652367	
0.49562	0.688448	0.390016	0.593129	
1	1	0.218392	0.954936	
1	0.96972	0.25293	0.837213	
0.662208	0.799702	0.22767	0.658843	
0.511492	0.678833	0.251454	0.565237	
1	1	0.134239	0.942337	
1	0.98108	0.137213	0.836925	
0.679264	0.798981	0.138844	0.676555	
0.549404	0.632307	0.143456	0.571937	
1	1	0.0777453	0.934714	
1	0.988432	0.080865	0.826708	
0.697561	0.789304	0.0737867	0.69075	
0.573442	0.603561	0.0759717	0.589744	


Energy
NOFLD	myOFLD	AOFLDC	SeGW
12329.2	10491	9750.43	11893.7	
17531.3	10938	9743.1	13785.1	
17608.8	10454.6	9622.41	12956.6	
17608.8	10230	9597.63	11916.8	
12314.9	11002.3	10012.5	12031	
17512	11801.2	10012.5	14556.4	
17608.8	11388.3	10037	14974.9	
17608.8	11324.4	9979.89	13427.8	
12288.5	11368	10182.5	12171.4	
17496.4	12620.3	10168.3	15242.1	
17608.8	12481.6	10173.4	15984.6	
17608.8	11873.5	10142.1	14681.8	
12264.8	11484.6	10223.7	12121.5	
17464.3	13271.4	10221	15532.9	
17608.8	13081.1	10223.3	16624.5	
17608.8	12340.6	10216.6	15662.7	
12251.2	11586.4	10256.9	12075	
17433.4	14385.7	10252.1	15740.9	
17608.8	14024	10244.7	17102.2	
17608.8	13231.3	10246.7	16569.2	
12238.2	11565.1	10256.2	12026.4	
17402	14959.6	10254.2	15716.5	
17608.8	15282.8	10255.7	17271.4	
17608.8	14064.7	10252.5	17166.2	


Resp
NOFLD	myOFLD	AOFLDC	SeGW
615635	668042	899374	607585	
1572260	1213092	902273	855717	
924350	1288057	881563	918692	
655820	1309472	1132908	1046577	
720325	762123	1012521	744645	
1907115	1534320	1077810	1046732	
1337140	1794836	1004039	1076661	
1019105	1631890	1139036	1197196	
827680	842092	861687	899574	
2283330	1907315	1013574	1207706	
1686265	2193421	961039	1222125	
1373665	1960954	1063803	1349878	
929335	946864	736199	1020945	
2611130	2189999	832772	1332621	
2118220	2572021	833145	1373201	
1757210	2409762	900747	1489845	
1137430	1179969	619502	1339637	
3270590	2788596	675385	1706860	
2709295	3351963	670266	1708196	
2496320	3049055	699318	1838111	
1331760	1398058	515883	1553834	
3844355	3313879	527597	2102805	
3143315	3801000	508192	2043661	
2981595	3396353	532577	2127509	


CloudEng
NOFLD	myOFLD	AOFLDC	SeGW
0	72330	299857	23956	
0	388162	578253	203246	
0	717184	846068	522339	
0	929332	1101217	888591	
0	34352	282612	11794	
0	308707	536948	132976	
0	637626	775085	312652	
0	852869	1002115	686857	
0	5832	252775	0	
0	231873	487191	71925	
0	520948	698655	189152	
0	752203	891895	485392	
0	1030	228178	0	
0	162619	431075	40075	
0	445143	609477	109406	
0	646668	790736	317646	
0	0	191304	0	
0	49404	354372	11518	
0	353522	515464	46809	
0	522534	646708	169004	
0	0	157191	0	
0	13487	289516	1619	
0	230912	402466	29403	
0	415420	526714	66920	


FogEng
NOFLD	myOFLD	AOFLDC	SeGW
10328	12782	10328	10328	
10328	13252	10328	10328	
10328	11887	10328	10328	
10328	11022	10328	10328	
10328	12645	10328	10328	
10328	14009	10328	10328	
10328	13690	10328	10328	
10328	12379	10328	10328	
10328	12460	10328	10328	
10328	14799	10328	10328	
10328	14724	10328	10328	
10328	13687	10328	10328	
10328	12240	10328	10328	
10328	15352	10328	10328	
10328	15143	10328	10328	
10328	14893	10328	10328	
10328	12009	10328	10328	
10328	16354	10328	10328	
10328	15452	10328	10328	
10328	15549	10328	10328	
10328	12162	10328	10328	
10328	15978	10328	10328	
10328	15198	10328	10328	
10328	15555	10328	10328	


GW_Eng
GW1	GW2	GW3
10402.6	10579.3	12783.3
10709	11167	13253
10435.8	10473.5	11887.8
10273.3	10186.7	11022.7
11107.9	10896.6	12645.8
11699.6	11902.8	14010.2
11307.8	11468.9	13691.1
11305.3	11343.5	12380.3
11320.1	11415.8	12461.3
12144.7	13095.9	14799.8
12335.1	12628	14724.8
11800.1	11946.9	13687.6
11441	11528.2	12241.7
12954.2	13588.6	15353.4
13124.3	13037.8	15144.6
12190	12491.2	14893.7
11625.6	11547.1	12010
14055.3	14716.2	16354.7
14011.7	14036.2	15453.4
13325.8	13136.8	15549.7
11519.1	11611.2	12163.2
15010.2	14909	15979
15252.3	15313.4	15199.1
14133.7	13995.7	15556.1


