Meet_R
NOFLD	myOFLD	AOFLDC	SeGW
1	0.999501	0.856734	0.966549	
1	0.976274	0.846924	0.87869	
0.572212	0.973126	0.829472	0.778642	
0.379453	0.902536	0.854721	0.753757	
1	1	0.765538	0.962037	
1	0.982734	0.759004	0.850523	
0.61467	0.961522	0.725137	0.718386	
0.468501	0.864498	0.741163	0.687248	
1	1	0.549466	0.961815	
1	0.982155	0.614018	0.844682	
0.634498	0.931866	0.576988	0.66846	
0.49562	0.804992	0.583295	0.638612	
1	1	0.40124	0.954936	
1	0.979455	0.426149	0.838903	
0.662208	0.909622	0.409201	0.669021	
0.511492	0.790776	0.413264	0.601414	
1	1	0.238065	0.942337	
1	0.985872	0.253963	0.83758	
0.679264	0.890678	0.264623	0.681268	
0.549404	0.713829	0.261845	0.587301	
1	1	0.135733	0.934714	
1	0.990031	0.146796	0.826708	
0.697561	0.845541	0.130394	0.692247	
0.573442	0.659935	0.139113	0.598433	


Energy
NOFLD	myOFLD	AOFLDC	SeGW
12329.2	10480.2	9626.63	11886.8	
17531.3	10936.6	9632.87	13760.4	
17608.8	10324.8	9543	12955.2	
17608.8	10201.7	9497.83	11965.5	
12314.9	11019.3	10048.4	12029.3	
17512	11790.2	10013.3	14550	
17608.8	11353.9	10092.6	15066.7	
17608.8	11033.7	10010.7	13717.8	
12288.5	11440	10363	12171.4	
17496.4	12657.9	10345.5	15225.7	
17608.8	12648.2	10345.7	16041.2	
17608.8	11848.2	10266.3	14968.9	
12264.8	11527.2	10455.3	12121.5	
17464.3	13339.3	10425.3	15522.5	
17608.8	13345	10455	16676.4	
17608.8	12419.3	10415.4	15896	
12251.2	11603.8	10522.6	12075	
17433.4	14401.1	10507.1	15738	
17608.8	14347.4	10502.4	17131.4	
17608.8	13408.6	10503.2	16760.6	
12238.2	11584	10513.2	12026.4	
17402	14956.9	10512.6	15715.8	
17608.8	15598.5	10509.9	17282.4	
17608.8	14296.2	10506.4	17257.2	


Resp
NOFLD	myOFLD	AOFLDC	SeGW
615635	625338	927269	601654	
1572260	1088128	973576	825916	
924350	1318625	1064018	870485	
655820	1380688	1269204	1034822	
720325	733720	1340378	740245	
1907115	1382416	1305496	1018357	
1337140	1811348	1377184	1052128	
1019105	1797924	1484030	1210230	
827680	829562	1443299	899574	
2283330	1728353	1621717	1179756	
1686265	2288665	1553682	1185455	
1373665	2145843	1512448	1339130	
929335	937892	1337452	1020945	
2611130	2012662	1380070	1316510	
2118220	2732544	1390516	1348819	
1757210	2611110	1342215	1469202	
1137430	1176337	1031312	1339637	
3270590	2698988	1096567	1701571	
2709295	3581480	1164159	1695408	
2496320	3156141	1197511	1805949	
1331760	1393273	709622	1553834	
3844355	3275541	778772	2100989	
3143315	4030532	733490	2030053	
2981595	3577513	744610	2117038	


CloudEng
NOFLD	myOFLD	AOFLDC	SeGW
0	72330	307920	23956	
0	388228	596487	203246	
0	789750	882975	522339	
0	1064973	1165919	898420	
0	34352	302315	11794	
0	309289	586661	132976	
0	701632	860652	312652	
0	991020	1122138	690607	
0	5832	287389	0	
0	231987	555547	71925	
0	563084	811322	189152	
0	884447	1054257	485944	
0	1030	269317	0	
0	162619	512830	40075	
0	489108	742719	109406	
0	777620	964071	317896	
0	0	241643	0	
0	49404	441956	11518	
0	379614	637515	46809	
0	629552	818623	169004	
0	0	210069	0	
0	13487	376721	1619	
0	240359	533530	29403	
0	504756	693194	66920	


FogEng
NOFLD	myOFLD	AOFLDC	SeGW
10328	12717	10328	10328	
10328	12951	10328	10328	
10328	11522	10328	10328	
10328	10951	10328	10328	
10328	12557	10328	10328	
10328	13771	10328	10328	
10328	13270	10328	10328	
10328	12224	10328	10328	
10328	12290	10328	10328	
10328	14526	10328	10328	
10328	14519	10328	10328	
10328	13427	10328	10328	
10328	12143	10328	10328	
10328	15090	10328	10328	
10328	14979	10328	10328	
10328	14745	10328	10328	
10328	11971	10328	10328	
10328	16311	10328	10328	
10328	15640	10328	10328	
10328	15278	10328	10328	
10328	12120	10328	10328	
10328	15983	10328	10328	
10328	15315	10328	10328	
10328	15370	10328	10328	


GW_Eng
GW1	GW2	GW3
10373.6	10586.7	12717.8
10738	11135.3	12952.5
10302.1	10347.5	11523.3
10199.7	10203.7	10952.2
11133.5	10905.1	12557.9
11657.1	11923.3	13772.4
11347.8	11359.9	13270.9
11048.6	11018.8	12224.9
11383.7	11496.3	12291.5
12245	13070.7	14527.1
12544.4	12752.1	14519.9
11698.7	11997.7	13428.5
11493.2	11561.1	12144
13043.1	13635.5	15091.5
13260.2	13429.8	14980
12294.3	12544.3	14746.5
11642.4	11565.1	11972.2
14030.7	14771.5	16312.4
14358.9	14335.9	15640.9
13424.7	13392.6	15278.9
11540.5	11627.5	12120.6
14995.8	14918.1	15984
15502.3	15694.7	15316
14283.5	14308.8	15371.7


