Meet_R
NOFLD	myOFLD	AOFLDC	SeGW
1	1	0.694991	0.965216	
1	0.988005	0.672701	0.867447	
0.572212	0.88961	0.645891	0.752928	
0.379453	0.807263	0.684426	0.698317	
1	1	0.534776	0.961465	
1	0.983041	0.556178	0.844415	
0.61467	0.880665	0.490189	0.688007	
0.468501	0.770769	0.521969	0.627296	
1	1	0.331213	0.961815	
1	0.985725	0.369342	0.842415	
0.634498	0.867209	0.346139	0.652367	
0.49562	0.729531	0.390016	0.593129	
1	1	0.218392	0.954936	
1	0.983008	0.25293	0.837213	
0.662208	0.85572	0.22767	0.658843	
0.511492	0.719385	0.251454	0.565237	
1	1	0.134239	0.942337	
1	0.990843	0.137213	0.836925	
0.679264	0.886674	0.138844	0.676555	
0.549404	0.700048	0.143456	0.571937	
1	1	0.0777453	0.934714	
1	0.997043	0.080865	0.826708	
0.697561	0.900329	0.0737867	0.69075	
0.573442	0.73126	0.0759717	0.589744	


Energy
NOFLD	myOFLD	AOFLDC	SeGW
12329.2	9932.47	9750.43	11893.7	
17531.3	10418.5	9743.1	13785.1	
17608.8	10152.8	9622.41	12956.6	
17608.8	9784.59	9597.63	11916.8	
12314.9	10540.1	10012.5	12031	
17512	11216.8	10012.5	14556.4	
17608.8	11040	10037	14974.9	
17608.8	10896.4	9979.89	13427.8	
12288.5	11191.3	10182.5	12171.4	
17496.4	12018.5	10168.3	15242.1	
17608.8	12162.1	10173.4	15984.6	
17608.8	11490.7	10142.1	14681.8	
12264.8	11373.1	10223.7	12121.5	
17464.3	12751.2	10221	15532.9	
17608.8	12663.8	10223.3	16624.5	
17608.8	12037.9	10216.6	15662.7	
12251.2	11456.7	10256.9	12075	
17433.4	13827.9	10252.1	15740.9	
17608.8	13551.3	10244.7	17102.2	
17608.8	12987.2	10246.7	16569.2	
12238.2	11400.6	10256.2	12026.4	
17402	14523.6	10254.2	15716.5	
17608.8	14835.5	10255.7	17271.4	
17608.8	13747.7	10252.5	17166.2	


Resp
NOFLD	myOFLD	AOFLDC	SeGW
615635	610904	899374	607585	
1572260	1143542	902273	855717	
924350	1291896	881563	918692	
655820	1334611	1132908	1046577	
720325	716737	1012521	744645	
1907115	1426352	1077810	1046732	
1337140	1840750	1004039	1076661	
1019105	1785396	1139036	1197196	
827680	828421	861687	899574	
2283330	1737349	1013574	1207706	
1686265	2334870	961039	1222125	
1373665	2143972	1063803	1349878	
929335	939077	736199	1020945	
2611130	2017246	832772	1332621	
2118220	2764567	833145	1373201	
1757210	2602764	900747	1489845	
1137430	1195104	619502	1339637	
3270590	2491842	675385	1706860	
2709295	3671743	670266	1708196	
2496320	3541971	699318	1838111	
1331760	1421063	515883	1553834	
3844355	2977214	527597	2102805	
3143315	4384339	508192	2043661	
2981595	4435274	532577	2127509	


CloudEng
NOFLD	myOFLD	AOFLDC	SeGW
0	72330	299857	23956	
0	388280	578253	203246	
0	724235	846068	522339	
0	941572	1101217	888591	
0	34352	282612	11794	
0	309340	536948	132976	
0	647411	775085	312652	
0	893172	1002115	686857	
0	5832	252775	0	
0	232042	487191	71925	
0	532646	698655	189152	
0	798548	891895	485392	
0	1030	228178	0	
0	162619	431075	40075	
0	458520	609477	109406	
0	681340	790736	317646	
0	0	191304	0	
0	49404	354372	11518	
0	359756	515464	46809	
0	552463	646708	169004	
0	0	157191	0	
0	13487	289516	1619	
0	230875	402466	29403	
0	440963	526714	66920	


FogEng
NOFLD	myOFLD	AOFLDC	SeGW
7203	10826	7203	7203	
7203	11334	7203	7203	
7203	9083	7203	7203	
7203	8114	7203	7203	
7203	10488	7203	7203	
7203	12207	7203	7203	
7203	11065	7203	7203	
7203	9287	7203	7203	
7203	9713	7203	7203	
7203	13059	7203	7203	
7203	12588	7203	7203	
7203	10861	7203	7203	
7203	9361	7203	7203	
7203	13453	7203	7203	
7203	13273	7203	7203	
7203	12308	7203	7203	
7203	9163	7203	7203	
7203	14454	7203	7203	
7203	13841	7203	7203	
7203	13288	7203	7203	
7203	9398	7203	7203	
7203	13910	7203	7203	
7203	13920	7203	7203	
7203	13895	7203	7203	


GW_Eng
GW1	GW2	GW3
9867.64	9997.3	10827.3
10366	10470.9	11335.5
10162.4	10143.2	9084.13
9715.77	9853.4	8115.52
10601.1	10479.1	10488.6
11101.1	11332.6	12208.4
11086.7	10993.3	11066
10910.9	10881.8	9288.42
11143.8	11238.8	9713.72
11574.1	12462.8	13060.3
12113.1	12211.1	12589
11507.6	11473.9	10861.7
11324.7	11421.4	9362.38
12376.1	13126.2	13454.3
12584.7	12743	13274.2
11975.2	12100.6	12309.3
11491.9	11421.4	9163.92
13619.1	14036.8	14455
13588.2	13514.5	13842.4
13145	12829.5	13289.6
11358.5	11442.8	9398.94
14585.1	14462.1	13911.2
14774.4	14896.7	13920.8
13786.5	13708.9	13896.1


