Meet_R
NOFLD	myOFLD	AOFLDC	SeGW
1	1	0.330443	0.964682	
1	0.975936	0.385484	0.888155	
0.629517	0.865855	0.354201	0.741257	
1	1	0.211456	0.939216	
1	0.992302	0.241901	0.84702	
0.711705	0.906587	0.276806	0.734371	
1	1	0.128774	0.926078	
1	0.992746	0.108878	0.832089	
0.76936	0.90631	0.140081	0.705199	
1	1	0.0905965	0.912485	
1	0.990795	0.0855421	0.803073	
0.79954	0.928424	0.0643067	0.691051	
1	1	0.038274	0.905464	
1	0.992665	0.042379	0.758996	
0.829817	0.944661	0.0386551	0.656925	
1	1	0.0239336	0.912209	
1	0.995959	0.0259899	0.732367	
0.857101	0.951431	0.0242334	0.634744	


Energy
NOFLD	myOFLD	AOFLDC	SeGW
12334.2	9659.58	9657.79	11060.1	
17535.2	10551.6	9617.96	12142.9	
17608.8	11165.3	9634.53	12508.7	
12310.1	9864.49	9772.42	11265.8	
17515.4	10851.9	9753.79	12350.5	
17608.8	11722.6	9779.39	12904.2	
12284.1	10263.8	9845.28	11494.4	
17487	10975	9843.4	12489.5	
17608.8	11794.1	9839.53	13157.1	
12252.9	10473.3	9868.12	11659.5	
17460.7	11287.7	9869.93	12935	
17608.8	12273.5	9879.79	13507	
12174.2	10873.4	9891.66	11867.3	
17395.8	11921.7	9895.77	13508.7	
17608.8	12649.4	9891.97	13654	
12069.5	11071.8	9906.72	11885.6	
17331.8	12352.9	9905.76	13855.3	
17608.8	13101.3	9901.89	13906.4	


Resp
NOFLD	myOFLD	AOFLDC	SeGW
573860	606949	482133	659312	
1433970	1065011	578556	929223	
749450	1205334	572702	996220	
661040	693648	443113	802454	
1686440	1269263	495293	1070817	
1071110	1532022	594906	1223078	
745100	768466	400729	959534	
1843965	1372793	324747	1277038	
1342905	1758495	394500	1395221	
842050	880825	383793	1092364	
2086245	1685915	327320	1529291	
1575090	2019154	244942	1635046	
1033565	1090196	290819	1416073	
2501300	2137068	266300	1866622	
2058425	2610002	231328	2047869	
1256175	1342816	245250	1700036	
2895315	2633678	220512	2308839	
2572145	3163885	190907	2487093	


CloudEng
NOFLD	myOFLD	AOFLDC	SeGW
0	63618	113382	41519	
0	193372	215073	163364	
0	290780	313823	282037	
0	53470	99512	32522	
0	177317	177961	147577	
0	282430	251908	261896	
0	40664	86814	22438	
0	168170	131900	142406	
0	267846	190780	244232	
0	30801	74681	14453	
0	158733	119784	122902	
0	253112	159384	226051	
0	10782	58517	3956	
0	131313	100574	92901	
0	243387	132021	213633	
0	0	44161	0	
0	114190	82645	75605	
0	216652	111014	194046	


FogEng
NOFLD	myOFLD	AOFLDC	SeGW
3601	4808	3601	3601	
3601	5041	3601	3601	
3601	4768	3601	3601	
3601	4866	3601	3601	
3601	5378	3601	3601	
3601	5028	3601	3601	
3601	4751	3601	3601	
3601	5477	3601	3601	
3601	5351	3601	3601	
3601	4806	3601	3601	
3601	5555	3601	3601	
3601	5589	3601	3601	
3601	4865	3601	3601	
3601	5767	3601	3601	
3601	5663	3601	3601	
3601	4836	3601	3601	
3601	5806	3601	3601	
3601	5875	3601	3601	


GW_Eng
GW1	GW2	GW3
9603.51	9715.65	9618.19
10457.3	10646	10084.5
10862.1	11468.5	9538.01
9765.17	9963.81	9733.35
10968.2	10735.6	10756.7
11441.1	12004.1	10056.8
10249.2	10278.4	9502.73
10895.4	11054.6	10956.2
11738.4	11849.9	10702.8
10487.8	10458.8	9612.99
11352.9	11222.5	11112
12051.2	12495.8	11179.1
10828.1	10918.7	9731.01
11875.7	11967.6	11535.3
12575.7	12723.2	11327.4
11037.2	11106.4	9672.85
12409.4	12296.4	11613.1
13329.8	12872.8	11750.9


