Meet_R
NOFLD	myOFLD	AOFLDC	SeGW
1	0.999358	0.856734	0.966549	
1	0.981698	0.846924	0.87869	
0.572212	0.972688	0.829472	0.778642	
0.379453	0.905681	0.854721	0.753757	
1	1	0.765538	0.962037	
1	0.987437	0.759004	0.850523	
0.61467	0.959805	0.725137	0.718386	
0.468501	0.865042	0.741163	0.687248	
1	1	0.549466	0.961815	
1	0.982694	0.614018	0.844682	
0.634498	0.931856	0.576988	0.66846	
0.49562	0.805189	0.583295	0.638612	
1	1	0.40124	0.954936	
1	0.983371	0.426149	0.838903	
0.662208	0.909914	0.409201	0.669021	
0.511492	0.789041	0.413264	0.601414	
1	1	0.238065	0.942337	
1	0.987279	0.253963	0.83758	
0.679264	0.889499	0.264623	0.681268	
0.549404	0.710379	0.261845	0.587301	
1	1	0.135733	0.934714	
1	0.988062	0.146796	0.826708	
0.697561	0.845395	0.130394	0.692247	
0.573442	0.658692	0.139113	0.598433	


Energy
NOFLD	myOFLD	AOFLDC	SeGW
12329.2	10400.2	9626.63	11886.8	
17531.3	10974.1	9632.87	13760.4	
17608.8	10331.8	9543	12955.2	
17608.8	10174.8	9497.83	11965.5	
12314.9	10912.8	10048.4	12029.3	
17512	11826.9	10013.3	14550	
17608.8	11320	10092.6	15066.7	
17608.8	11018.9	10010.7	13717.8	
12288.5	11332.1	10363	12171.4	
17496.4	12607.1	10345.5	15225.7	
17608.8	12652.3	10345.7	16041.2	
17608.8	11824.1	10266.3	14968.9	
12264.8	11482.7	10455.3	12121.5	
17464.3	13345.2	10425.3	15522.5	
17608.8	13295.7	10455	16676.4	
17608.8	12437.5	10415.4	15896	
12251.2	11604.2	10522.6	12075	
17433.4	14636.3	10507.1	15738	
17608.8	14387.7	10502.4	17131.4	
17608.8	13475.7	10503.2	16760.6	
12238.2	11590.4	10513.2	12026.4	
17402	15164	10512.6	15715.8	
17608.8	15653.1	10509.9	17282.4	
17608.8	14376.1	10506.4	17257.2	


Resp
NOFLD	myOFLD	AOFLDC	SeGW
615635	639587	927269	601654	
1572260	1094983	973576	825916	
924350	1323928	1064018	870485	
655820	1381660	1269204	1034822	
720325	756179	1340378	740245	
1907115	1425949	1305496	1018357	
1337140	1805324	1377184	1052128	
1019105	1801753	1484030	1210230	
827680	852303	1443299	899574	
2283330	1742243	1621717	1179756	
1686265	2314980	1553682	1185455	
1373665	2152575	1512448	1339130	
929335	955346	1337452	1020945	
2611130	2083210	1380070	1316510	
2118220	2769528	1390516	1348819	
1757210	2617499	1342215	1469202	
1137430	1188565	1031312	1339637	
3270590	2826075	1096567	1701571	
2709295	3625771	1164159	1695408	
2496320	3196450	1197511	1805949	
1331760	1410858	709622	1553834	
3844355	3334081	778772	2100989	
3143315	4048074	733490	2030053	
2981595	3595110	744610	2117038	


CloudEng
NOFLD	myOFLD	AOFLDC	SeGW
0	72330	307920	23956	
0	388276	596487	203246	
0	789573	882975	522339	
0	1065691	1165919	898420	
0	34352	302315	11794	
0	309340	586661	132976	
0	699858	860652	312652	
0	990063	1122138	690607	
0	5832	287389	0	
0	231876	555547	71925	
0	563753	811322	189152	
0	886604	1054257	485944	
0	1030	269317	0	
0	162619	512830	40075	
0	488755	742719	109406	
0	773410	964071	317896	
0	0	241643	0	
0	49404	441956	11518	
0	379566	637515	46809	
0	626450	818623	169004	
0	0	210069	0	
0	13487	376721	1619	
0	240359	533530	29403	
0	504520	693194	66920	


FogEng
NOFLD	myOFLD	AOFLDC	SeGW
10328	13149	10328	10328	
10328	13142	10328	10328	
10328	11598	10328	10328	
10328	11051	10328	10328	
10328	12999	10328	10328	
10328	14177	10328	10328	
10328	13585	10328	10328	
10328	12337	10328	10328	
10328	12665	10328	10328	
10328	15119	10328	10328	
10328	14771	10328	10328	
10328	13641	10328	10328	
10328	12361	10328	10328	
10328	15638	10328	10328	
10328	15437	10328	10328	
10328	14948	10328	10328	
10328	12072	10328	10328	
10328	16392	10328	10328	
10328	15741	10328	10328	
10328	15384	10328	10328	
10328	12254	10328	10328	
10328	15978	10328	10328	
10328	15402	10328	10328	
10328	15364	10328	10328	


GW_Eng
GW1	GW2	GW3
10354.3	10446.2	13150.6
10906.5	11041.8	13143
10344.7	10318.9	11599.2
10128.4	10221.3	11052.4
11044	10781.5	13000.2
11854.9	11799	14177.8
11354.4	11285.6	13585.8
11075.7	10962.1	12338.2
11334.1	11330.1	12666.2
12364	12850.3	15119.7
12596.7	12707.8	14771.8
11716.2	11932	13642.4
11419.9	11545.4	12361.7
13259	13431.5	15638.8
13233.8	13357.5	15438.1
12306.3	12568.7	14949.4
11652.2	11556.1	12073.4
14648	14624.5	16393.3
14387.3	14388	15742.6
13542.5	13408.9	15385.3
11537.6	11643.2	12255.5
15321.9	15006.1	15979.1
15580.4	15725.8	15403.7
14377.2	14375.1	15365.1


