Meet_R
NOFLD	myOFLD	AOFLDC	SeGW
1	0.998338	0.306456	0.960035	
1	0.81681	0.336195	0.834038	
0.572212	0.657632	0.40521	0.639773	
0.379453	0.558604	0.395649	0.534491	
1	1	0.21273	0.960894	
1	0.847737	0.235078	0.827929	
0.61467	0.65354	0.209664	0.606598	
0.468501	0.550306	0.253065	0.489409	
1	1	0.111449	0.961815	
1	0.869903	0.128004	0.828822	
0.634498	0.671333	0.127942	0.594026	
0.49562	0.546263	0.168694	0.481144	
1	1	0.0706974	0.954936	
1	0.900006	0.0862845	0.831603	
0.662208	0.696259	0.0786383	0.624539	
0.511492	0.578993	0.101857	0.476294	
1	1	0.0400251	0.942337	
1	0.970487	0.0455255	0.834477	
0.679264	0.740602	0.0474847	0.664503	
0.549404	0.613645	0.0515466	0.526616	
1	1	0.0234684	0.934714	
1	0.986258	0.027285	0.825969	
0.697561	0.784622	0.0286547	0.681954	
0.573442	0.683304	0.0285542	0.566768	


Energy
NOFLD	myOFLD	AOFLDC	SeGW
12329.2	10459.3	9653.43	11899.9	
17531.3	10641.7	9677.03	13789.1	
17608.8	9914.23	9615.1	12815.4	
17608.8	9389.81	9583.08	11625	
12314.9	10903.8	9780.88	12036.8	
17512	11544.7	9810.83	14577.3	
17608.8	10654.9	9823.96	14713.4	
17608.8	10517	9800.41	12743.3	
12288.5	11330	9856.02	12171.4	
17496.4	12223.7	9869.16	15245.8	
17608.8	11886.8	9879.53	15722.8	
17608.8	11418.7	9867.79	14007.3	
12264.8	11481.1	9879.74	12121.5	
17464.3	12961.9	9899.87	15540.8	
17608.8	12455.3	9905.45	16455.8	
17608.8	12247.2	9909.65	15050.4	
12251.2	11604.2	9878.7	12075	
17433.4	14580.1	9916.65	15741.7	
17608.8	13536.8	9924.69	17003	
17608.8	13608.9	9921.8	16102	
12238.2	11590.4	9896.02	12026.4	
17402	15183.7	9919.47	15716.5	
17608.8	15144.5	9929.96	17223.4	
17608.8	15024.2	9935.64	16949.2	


Resp
NOFLD	myOFLD	AOFLDC	SeGW
615635	741182	463850	616561	
1572260	1085850	580383	909071	
924350	1024570	655722	890416	
655820	1014821	715689	918678	
720325	814228	489865	755433	
1907115	1414308	561083	1106441	
1337140	1400568	545516	1063778	
1019105	1372103	638219	1105149	
827680	863020	388818	899574	
2283330	1684332	449501	1243306	
1686265	1645545	446441	1215650	
1373665	1686371	542345	1256972	
929335	958298	335267	1020945	
2611130	1915802	389919	1361287	
2118220	1863559	379871	1369442	
1757210	1981866	424779	1402410	
1137430	1188565	300782	1339637	
3270590	2792947	338026	1716320	
2709295	2491411	339537	1723527	
2496320	2636550	367424	1805038	
1331760	1410858	233153	1553834	
3844355	3411390	273367	2102503	
3143315	3205882	280198	2044902	
2981595	3571038	300586	2065240	


CloudEng
NOFLD	myOFLD	AOFLDC	SeGW
0	72330	248142	23956	
0	277998	474440	203246	
0	498327	704123	519277	
0	689720	950212	825670	
0	34352	215802	11794	
0	224211	416185	132976	
0	401101	583846	310319	
0	619947	770948	655356	
0	5832	172242	0	
0	137735	346376	71925	
0	298804	495408	186171	
0	511784	629636	473910	
0	1030	148889	0	
0	75557	293656	40075	
0	188666	410419	109406	
0	371249	530258	307784	
0	0	117012	0	
0	30746	229598	11518	
0	115051	337253	46809	
0	248190	419998	168146	
0	0	96073	0	
0	13487	183598	1619	
0	47748	250118	29403	
0	119272	330942	66814	


FogEng
NOFLD	myOFLD	AOFLDC	SeGW
10328	13276	10328	10328	
10328	13703	10328	10328	
10328	11968	10328	10328	
10328	11203	10328	10328	
10328	13139	10328	10328	
10328	14616	10328	10328	
10328	14275	10328	10328	
10328	12613	10328	10328	
10328	12692	10328	10328	
10328	15465	10328	10328	
10328	15366	10328	10328	
10328	13975	10328	10328	
10328	12368	10328	10328	
10328	15808	10328	10328	
10328	15689	10328	10328	
10328	15274	10328	10328	
10328	12072	10328	10328	
10328	16379	10328	10328	
10328	15761	10328	10328	
10328	15677	10328	10328	
10328	12254	10328	10328	
10328	15981	10328	10328	
10328	15370	10328	10328	
10328	16115	10328	10328	


GW_Eng
GW1	GW2	GW3
10386.4	10532.3	13277.2
10698.3	10585.1	13704.3
9759.42	10069	11968.8
9508.77	9270.84	11204.3
11021.7	10785.8	13140
11597.4	11491.9	14617.4
10671.6	10638.2	14275.7
10543.1	10491	12614.3
11324.3	11335.7	12692.8
11956.5	12490.9	15465.7
11772.2	12001.4	15367.5
11487.5	11349.8	13975.9
11413.5	11548.8	12368.9
12866.3	13057.6	15809.2
12542.2	12368.3	15690.3
12090.7	12403.6	15275.6
11652.2	11556.1	12073.4
14565.9	14594.4	16380
13531.5	13542.1	15761.9
13509.1	13708.8	15678.4
11537.6	11643.2	12255.5
15351.6	15015.8	15981.9
15031.7	15257.4	15371.5
14942.7	15105.7	16115.6


