Meet_R
NOFLD	myOFLD	AOFLDC	SeGW
1	1	0.856734	0.966549	
1	0.991045	0.846924	0.87869	
0.572212	0.972189	0.829472	0.778642	
0.379453	0.90724	0.854721	0.753757	
1	1	0.765538	0.962037	
1	0.985633	0.759004	0.850523	
0.61467	0.969831	0.725137	0.718386	
0.468501	0.881413	0.741163	0.687248	
1	1	0.549466	0.961815	
1	0.986465	0.614018	0.844682	
0.634498	0.954064	0.576988	0.66846	
0.49562	0.840684	0.583295	0.638612	
1	1	0.40124	0.954936	
1	0.985213	0.426149	0.838903	
0.662208	0.944002	0.409201	0.669021	
0.511492	0.809906	0.413264	0.601414	
1	1	0.238065	0.942337	
1	0.993009	0.253963	0.83758	
0.679264	0.945759	0.264623	0.681268	
0.549404	0.785284	0.261845	0.587301	
1	1	0.135733	0.934714	
1	0.996544	0.146796	0.826708	
0.697561	0.934888	0.130394	0.692247	
0.573442	0.784388	0.139113	0.598433	


Energy
NOFLD	myOFLD	AOFLDC	SeGW
12329.2	9814.98	9626.63	11886.8	
17531.3	10195.5	9632.87	13760.4	
17608.8	10004.4	9543	12955.2	
17608.8	9864.05	9497.83	11965.5	
12314.9	10452.2	10048.4	12029.3	
17512	10976	10013.3	14550	
17608.8	10895.7	10092.6	15066.7	
17608.8	10785.1	10010.7	13717.8	
12288.5	11166.5	10363	12171.4	
17496.4	11821.4	10345.5	15225.7	
17608.8	12068.6	10345.7	16041.2	
17608.8	11385.5	10266.3	14968.9	
12264.8	11368.1	10455.3	12121.5	
17464.3	12623.1	10425.3	15522.5	
17608.8	12773.2	10455	16676.4	
17608.8	12179.1	10415.4	15896	
12251.2	11456.7	10522.6	12075	
17433.4	13812.2	10507.1	15738	
17608.8	13749	10502.4	17131.4	
17608.8	13211.7	10503.2	16760.6	
12238.2	11400.6	10513.2	12026.4	
17402	14518.9	10512.6	15715.8	
17608.8	14978.4	10509.9	17282.4	
17608.8	13997.8	10506.4	17257.2	


Resp
NOFLD	myOFLD	AOFLDC	SeGW
615635	592361	927269	601654	
1572260	992249	973576	825916	
924350	1281291	1064018	870485	
655820	1367286	1269204	1034822	
720325	707054	1340378	740245	
1907115	1262053	1305496	1018357	
1337140	1736695	1377184	1052128	
1019105	1839789	1484030	1210230	
827680	829943	1443299	899574	
2283330	1565274	1621717	1179756	
1686265	2213523	1553682	1185455	
1373665	2287348	1512448	1339130	
929335	940150	1337452	1020945	
2611130	1842051	1380070	1316510	
2118220	2727172	1390516	1348819	
1757210	2728455	1342215	1469202	
1137430	1195104	1031312	1339637	
3270590	2430993	1096567	1701571	
2709295	3654890	1164159	1695408	
2496320	3830521	1197511	1805949	
1331760	1421063	709622	1553834	
3844355	2963036	778772	2100989	
3143315	4366021	733490	2030053	
2981595	4755478	744610	2117038	


CloudEng
NOFLD	myOFLD	AOFLDC	SeGW
0	72330	307920	23956	
0	388276	596487	203246	
0	789915	882975	522339	
0	1069444	1165919	898420	
0	34352	302315	11794	
0	309340	586661	132976	
0	701676	860652	312652	
0	1009203	1122138	690607	
0	5832	287389	0	
0	232042	555547	71925	
0	564640	811322	189152	
0	907064	1054257	485944	
0	1030	269317	0	
0	162619	512830	40075	
0	489749	742719	109406	
0	786658	964071	317896	
0	0	241643	0	
0	49404	441956	11518	
0	381019	637515	46809	
0	638292	818623	169004	
0	0	210069	0	
0	13487	376721	1619	
0	240616	533530	29403	
0	508760	693194	66920	


FogEng
NOFLD	myOFLD	AOFLDC	SeGW
7203	11001	7203	7203	
7203	11452	7203	7203	
7203	9063	7203	7203	
7203	8161	7203	7203	
7203	10636	7203	7203	
7203	12447	7203	7203	
7203	11094	7203	7203	
7203	9401	7203	7203	
7203	9760	7203	7203	
7203	13242	7203	7203	
7203	12815	7203	7203	
7203	10970	7203	7203	
7203	9372	7203	7203	
7203	13565	7203	7203	
7203	13432	7203	7203	
7203	12383	7203	7203	
7203	9163	7203	7203	
7203	14467	7203	7203	
7203	14006	7203	7203	
7203	13512	7203	7203	
7203	9398	7203	7203	
7203	13903	7203	7203	
7203	13986	7203	7203	
7203	13840	7203	7203	


GW_Eng
GW1	GW2	GW3
9771.82	9858.13	11002.4
10233	10158.1	11452.9
10035.9	9972.88	9064.34
10004	9724.14	8162.53
10504.6	10399.9	10637
10829.9	11122.1	12447.9
10883	10908.3	11095.5
10773	10797.3	9402.32
11125.1	11207.9	9761.14
11405.2	12237.5	13243.5
12028.5	12108.8	12816.3
11366.8	11404.1	10971.2
11316.5	11419.7	9373.01
12349.4	12896.8	13566.5
12627.8	12918.7	13432.9
12139.4	12218.7	12383.9
11491.9	11421.4	9163.92
13580.8	14043.5	14468.4
13872.8	13625.1	14007.1
13263.4	13159.9	13512.9
11358.5	11442.8	9398.94
14535.1	14502.8	13904.1
14801.8	15155	13986.6
13969.1	14026.5	13841.4


