GW 0.98875
Task 254 800 0.3175
Task 93 400 0.2325
Task 19 200 0.095
Task 75 800 0.09375
Task 32 400 0.08
Task 12 200 0.06
Task 6 100 0.06
Task 20 400 0.05
GW 0.99625
Task 70 200 0.35
Task 123 800 0.15375
Task 118 800 0.1475
Task 92 800 0.115
Task 55 800 0.06875
Task 23 400 0.0575
Task 43 800 0.05375
Task 20 400 0.05
GW 0
-------------
001
-------------
GW 0.98125
Task 95 200 0.475
Task 114 800 0.1425
Task 80 800 0.1
Task 30 400 0.075
Task 22 400 0.055
Task 39 800 0.04875
Task 9 200 0.045
Task 4 100 0.04
GW 0.97875
Task 175 400 0.4375
Task 177 800 0.22125
Task 60 800 0.075
Task 12 200 0.06
Task 20 400 0.05
Task 20 400 0.05
Task 9 200 0.045
Task 4 100 0.04
GW 0
-------------
002
-------------
GW 0.97625
Task 331 800 0.41375
Task 56 200 0.28
Task 5 100 0.05
Task 10 200 0.05
Task 9 200 0.045
Task 39 800 0.04875
Task 39 800 0.04875
Task 4 100 0.04
GW 0.97
Task 284 800 0.355
Task 67 200 0.335
Task 12 200 0.06
Task 5 100 0.05
Task 4 100 0.04
Task 9 200 0.045
Task 4 100 0.04
Task 9 200 0.045
GW 0
-------------
003
-------------
GW 0.99125
Task 339 800 0.42375
Task 140 800 0.175
Task 26 200 0.13
Task 6 100 0.06
Task 42 800 0.0525
Task 10 200 0.05
Task 5 100 0.05
Task 40 800 0.05
GW 0.975
Task 482 800 0.6025
Task 7 100 0.07
Task 23 400 0.0575
Task 43 800 0.05375
Task 41 800 0.05125
Task 5 100 0.05
Task 5 100 0.05
Task 4 100 0.04
GW 0
-------------
004
-------------
GW 0.98
Task 34 100 0.34
Task 21 100 0.21
Task 15 100 0.15
Task 57 800 0.07125
Task 24 400 0.06
Task 5 100 0.05
Task 40 800 0.05
Task 39 800 0.04875
GW 0.97875
Task 253 800 0.31625
Task 30 200 0.15
Task 10 100 0.1
Task 19 200 0.095
Task 37 400 0.0925
Task 37 400 0.0925
Task 27 400 0.0675
Task 13 200 0.065
GW 0
-------------
005
-------------
GW 0.97125
Task 111 200 0.555
Task 22 200 0.11
Task 6 100 0.06
Task 24 400 0.06
Task 45 800 0.05625
Task 20 400 0.05
Task 4 100 0.04
Task 4 100 0.04
GW 0.985
Task 53 100 0.53
Task 111 800 0.13875
Task 13 200 0.065
Task 10 200 0.05
Task 5 100 0.05
Task 41 800 0.05125
Task 40 800 0.05
Task 5 100 0.05
GW 0
-------------
006
-------------
GW 0.98375
Task 479 800 0.59875
Task 62 800 0.0775
Task 26 400 0.065
Task 48 800 0.06
Task 39 800 0.04875
Task 39 800 0.04875
Task 9 200 0.045
Task 4 100 0.04
GW 0.97625
Task 59 100 0.59
Task 7 100 0.07
Task 56 800 0.07
Task 49 800 0.06125
Task 5 100 0.05
Task 20 400 0.05
Task 9 200 0.045
Task 4 100 0.04
GW 0
-------------
007
-------------
GW 0.97625
Task 148 400 0.37
Task 171 800 0.21375
Task 13 100 0.13
Task 12 200 0.06
Task 12 200 0.06
Task 21 400 0.0525
Task 5 100 0.05
Task 4 100 0.04
GW 0.97875
Task 78 200 0.39
Task 40 200 0.2
Task 111 800 0.13875
Task 22 400 0.055
Task 22 400 0.055
Task 5 100 0.05
Task 5 100 0.05
Task 4 100 0.04
GW 0
-------------
008
-------------
GW 0.985
Task 196 400 0.49
Task 20 200 0.1
Task 10 100 0.1
Task 76 800 0.095
Task 24 400 0.06
Task 19 400 0.0475
Task 19 400 0.0475
Task 9 200 0.045
GW 0.99
Task 118 200 0.59
Task 65 800 0.08125
Task 52 800 0.065
Task 23 400 0.0575
Task 5 100 0.05
Task 41 800 0.05125
Task 10 200 0.05
Task 9 200 0.045
GW 0
-------------
009
-------------
GW 0.98625
Task 48 200 0.24
Task 47 200 0.235
Task 161 800 0.20125
Task 17 200 0.085
Task 7 100 0.07
Task 21 400 0.0525
Task 42 800 0.0525
Task 20 400 0.05
GW 0.9675
Task 119 200 0.595
Task 10 100 0.1
Task 21 400 0.0525
Task 5 100 0.05
Task 9 200 0.045
Task 4 100 0.04
Task 4 100 0.04
Task 9 200 0.045
GW 0
-------------
010
-------------
GW 0.97875
Task 56 100 0.56
Task 75 800 0.09375
Task 12 200 0.06
Task 12 200 0.06
Task 12 200 0.06
Task 40 800 0.05
Task 5 100 0.05
Task 9 200 0.045
GW 0.97
Task 57 100 0.57
Task 38 400 0.095
Task 8 100 0.08
Task 41 800 0.05125
Task 9 200 0.045
Task 4 100 0.04
Task 39 800 0.04875
Task 4 100 0.04
GW 0
-------------
011
-------------
GW 0.98375
Task 400 800 0.5
Task 24 200 0.12
Task 20 200 0.1
Task 7 100 0.07
Task 5 100 0.05
Task 10 200 0.05
Task 39 800 0.04875
Task 9 200 0.045
GW 0.97625
Task 505 800 0.63125
Task 53 800 0.06625
Task 5 100 0.05
Task 9 200 0.045
Task 19 400 0.0475
Task 19 400 0.0475
Task 39 800 0.04875
Task 4 100 0.04
GW 0
-------------
012
-------------
GW 0.97875
Task 160 400 0.4
Task 77 400 0.1925
Task 59 400 0.1475
Task 5 100 0.05
Task 21 400 0.0525
Task 19 400 0.0475
Task 39 800 0.04875
Task 4 100 0.04
GW 0.98625
Task 61 100 0.61
Task 76 800 0.095
Task 19 400 0.0475
Task 39 800 0.04875
Task 4 100 0.04
Task 39 800 0.04875
Task 19 400 0.0475
Task 39 800 0.04875
GW 0
-------------
013
-------------
GW 0.98
Task 121 400 0.3025
Task 52 200 0.26
Task 21 200 0.105
Task 16 200 0.08
Task 7 100 0.07
Task 46 800 0.0575
Task 45 800 0.05625
Task 39 800 0.04875
GW 0.98375
Task 88 400 0.22
Task 40 200 0.2
Task 40 200 0.2
Task 10 100 0.1
Task 73 800 0.09125
Task 25 400 0.0625
Task 12 200 0.06
Task 20 400 0.05
GW 0
-------------
014
-------------
GW 0.98625
Task 90 200 0.45
Task 20 100 0.2
Task 34 400 0.085
Task 22 400 0.055
Task 40 800 0.05
Task 20 400 0.05
Task 39 800 0.04875
Task 19 400 0.0475
GW 0.985
Task 122 200 0.61
Task 28 400 0.07
Task 24 400 0.06
Task 10 200 0.05
Task 41 800 0.05125
Task 10 200 0.05
Task 9 200 0.045
Task 39 800 0.04875
GW 0
-------------
015
-------------
GW 0.98375
Task 433 800 0.54125
Task 104 800 0.13
Task 24 400 0.06
Task 5 100 0.05
Task 22 400 0.055
Task 5 100 0.05
Task 5 100 0.05
Task 19 400 0.0475
GW 0.97875
Task 325 800 0.40625
Task 53 200 0.265
Task 14 200 0.07
Task 43 800 0.05375
Task 5 100 0.05
Task 39 800 0.04875
Task 4 100 0.04
Task 9 200 0.045
GW 0
-------------
016
-------------
GW 0.97625
Task 126 200 0.63
Task 13 200 0.065
Task 40 800 0.05
Task 5 100 0.05
Task 9 200 0.045
Task 39 800 0.04875
Task 19 400 0.0475
Task 4 100 0.04
GW 0.9775
Task 494 800 0.6175
Task 7 100 0.07
Task 23 400 0.0575
Task 5 100 0.05
Task 4 100 0.04
Task 9 200 0.045
Task 39 800 0.04875
Task 39 800 0.04875
GW 0
-------------
017
-------------
GW 0.9575
Task 81 200 0.405
Task 16 100 0.16
Task 9 100 0.09
Task 7 100 0.07
Task 14 200 0.07
Task 6 100 0.06
Task 5 100 0.05
Task 42 800 0.0525
GW 0.98125
Task 83 200 0.415
Task 173 800 0.21625
Task 35 400 0.0875
Task 48 800 0.06
Task 5 100 0.05
Task 22 400 0.055
Task 10 200 0.05
Task 19 400 0.0475
GW 0
-------------
018
-------------
GW 0.97125
Task 215 400 0.5375
Task 32 200 0.16
Task 5 100 0.05
Task 5 100 0.05
Task 4 100 0.04
Task 9 200 0.045
Task 39 800 0.04875
Task 4 100 0.04
GW 0.9775
Task 122 400 0.305
Task 120 400 0.3
Task 15 200 0.075
Task 58 800 0.0725
Task 7 100 0.07
Task 5 100 0.05
Task 22 400 0.055
Task 10 200 0.05
GW 0
-------------
019
-------------
GW 0.9725
Task 95 200 0.475
Task 37 200 0.185
Task 33 400 0.0825
Task 21 400 0.0525
Task 39 800 0.04875
Task 4 100 0.04
Task 39 800 0.04875
Task 4 100 0.04
GW 0.975
Task 25 100 0.25
Task 48 200 0.24
Task 47 200 0.235
Task 5 100 0.05
Task 10 200 0.05
Task 5 100 0.05
Task 10 200 0.05
Task 10 200 0.05
GW 0
-------------
020
-------------
GW 0.9825
Task 169 400 0.4225
Task 223 800 0.27875
Task 10 200 0.05
Task 19 400 0.0475
Task 39 800 0.04875
Task 4 100 0.04
Task 19 400 0.0475
Task 19 400 0.0475
GW 0.9875
Task 37 100 0.37
Task 28 100 0.28
Task 74 800 0.0925
Task 10 200 0.05
Task 10 200 0.05
Task 39 800 0.04875
Task 39 800 0.04875
Task 19 400 0.0475
GW 0
-------------
021
-------------
GW 0.97125
Task 50 100 0.5
Task 122 800 0.1525
Task 31 400 0.0775
Task 6 100 0.06
Task 9 200 0.045
Task 19 400 0.0475
Task 39 800 0.04875
Task 4 100 0.04
GW 0.9925
Task 33 100 0.33
Task 162 800 0.2025
Task 28 200 0.14
Task 19 200 0.095
Task 15 200 0.075
Task 20 400 0.05
Task 10 200 0.05
Task 40 800 0.05
GW 0
-------------
022
-------------
GW 0.97625
Task 55 100 0.55
Task 24 200 0.12
Task 13 200 0.065
Task 10 200 0.05
Task 5 100 0.05
Task 9 200 0.045
Task 39 800 0.04875
Task 19 400 0.0475
GW 0.98125
Task 169 400 0.4225
Task 99 400 0.2475
Task 32 400 0.08
Task 5 100 0.05
Task 39 800 0.04875
Task 19 400 0.0475
Task 9 200 0.045
Task 4 100 0.04
GW 0
-------------
023
-------------
GW 0.98
Task 468 800 0.585
Task 71 800 0.08875
Task 26 400 0.065
Task 47 800 0.05875
Task 20 400 0.05
Task 19 400 0.0475
Task 4 100 0.04
Task 9 200 0.045
GW 0.9875
Task 347 800 0.43375
Task 178 800 0.2225
Task 15 200 0.075
Task 21 400 0.0525
Task 5 100 0.05
Task 42 800 0.0525
Task 41 800 0.05125
Task 20 400 0.05
GW 0
-------------
024
-------------
GW 0.9675
Task 113 400 0.2825
Task 82 400 0.205
Task 50 400 0.125
Task 21 200 0.105
Task 9 100 0.09
Task 6 100 0.06
Task 5 100 0.05
Task 5 100 0.05
GW 0.9775
Task 84 200 0.42
Task 31 200 0.155
Task 13 100 0.13
Task 52 800 0.065
Task 24 400 0.06
Task 42 800 0.0525
Task 10 200 0.05
Task 9 200 0.045
GW 0
-------------
025
-------------
GW 0.98375
Task 177 400 0.4425
Task 125 800 0.15625
Task 101 800 0.12625
Task 28 400 0.07
Task 5 100 0.05
Task 40 800 0.05
Task 39 800 0.04875
Task 4 100 0.04
GW 0.99
Task 524 800 0.655
Task 5 100 0.05
Task 19 400 0.0475
Task 9 200 0.045
Task 19 400 0.0475
Task 39 800 0.04875
Task 19 400 0.0475
Task 39 800 0.04875
GW 0
-------------
026
-------------
GW 0.98375
Task 296 800 0.37
Task 26 100 0.26
Task 10 100 0.1
Task 5 100 0.05
Task 44 800 0.055
Task 10 200 0.05
Task 40 800 0.05
Task 39 800 0.04875
GW 0.98875
Task 221 400 0.5525
Task 76 800 0.095
Task 61 800 0.07625
Task 49 800 0.06125
Task 11 200 0.055
Task 42 800 0.0525
Task 39 800 0.04875
Task 19 400 0.0475
GW 0
-------------
027
-------------
GW 0.9825
Task 312 800 0.39
Task 109 400 0.2725
Task 69 800 0.08625
Task 10 200 0.05
Task 20 400 0.05
Task 9 200 0.045
Task 39 800 0.04875
Task 4 100 0.04
GW 0.975
Task 61 100 0.61
Task 31 400 0.0775
Task 5 100 0.05
Task 10 200 0.05
Task 5 100 0.05
Task 5 100 0.05
Task 4 100 0.04
Task 19 400 0.0475
GW 0
-------------
028
-------------
GW 0.9825
Task 112 200 0.56
Task 9 100 0.09
Task 17 200 0.085
Task 11 200 0.055
Task 5 100 0.05
Task 9 200 0.045
Task 39 800 0.04875
Task 39 800 0.04875
GW 0.97
Task 43 100 0.43
Task 22 100 0.22
Task 6 100 0.06
Task 12 200 0.06
Task 21 400 0.0525
Task 10 200 0.05
Task 20 400 0.05
Task 19 400 0.0475
GW 0
-------------
029
-------------
GW 0.975
Task 34 100 0.34
Task 61 200 0.305
Task 7 100 0.07
Task 46 800 0.0575
Task 46 800 0.0575
Task 42 800 0.0525
Task 19 400 0.0475
Task 9 200 0.045
GW 0.99
Task 499 800 0.62375
Task 50 800 0.0625
Task 24 400 0.06
Task 11 200 0.055
Task 9 200 0.045
Task 19 400 0.0475
Task 39 800 0.04875
Task 19 400 0.0475
GW 0
-------------
030
-------------
GW 0.96875
Task 40 100 0.4
Task 120 800 0.15
Task 40 400 0.1
Task 9 100 0.09
Task 67 800 0.08375
Task 5 100 0.05
Task 11 200 0.055
Task 4 100 0.04
GW 0.9775
Task 91 200 0.455
Task 119 800 0.14875
Task 71 800 0.08875
Task 34 400 0.085
Task 5 100 0.05
Task 5 100 0.05
Task 10 200 0.05
Task 20 400 0.05
GW 0
-------------
031
-------------
GW 0.9825
Task 31 100 0.31
Task 148 800 0.185
Task 57 400 0.1425
Task 43 400 0.1075
Task 18 200 0.09
Task 5 100 0.05
Task 5 100 0.05
Task 19 400 0.0475
GW 0.975
Task 22 100 0.22
Task 39 200 0.195
Task 77 400 0.1925
Task 138 800 0.1725
Task 5 100 0.05
Task 5 100 0.05
Task 5 100 0.05
Task 9 200 0.045
GW 0
-------------
032
-------------
GW 0.9725
Task 50 100 0.5
Task 100 800 0.125
Task 15 200 0.075
Task 6 100 0.06
Task 6 100 0.06
Task 11 200 0.055
Task 46 800 0.0575
Task 4 100 0.04
GW 0.985
Task 63 100 0.63
Task 11 200 0.055
Task 42 800 0.0525
Task 10 200 0.05
Task 10 200 0.05
Task 40 800 0.05
Task 39 800 0.04875
Task 39 800 0.04875
GW 0
-------------
033
-------------
GW 0.98375
Task 524 800 0.655
Task 10 200 0.05
Task 19 400 0.0475
Task 19 400 0.0475
Task 19 400 0.0475
Task 39 800 0.04875
Task 19 400 0.0475
Task 4 100 0.04
GW 0.96875
Task 310 800 0.3875
Task 36 200 0.18
Task 23 200 0.115
Task 18 200 0.09
Task 6 100 0.06
Task 39 800 0.04875
Task 4 100 0.04
Task 19 400 0.0475
GW 0
-------------
034
-------------
GW 0.98
Task 53 200 0.265
Task 93 400 0.2325
Task 37 200 0.185
Task 10 100 0.1
Task 47 800 0.05875
Task 39 800 0.04875
Task 9 200 0.045
Task 9 200 0.045
GW 0.97625
Task 110 200 0.55
Task 21 200 0.105
Task 12 200 0.06
Task 12 200 0.06
Task 5 100 0.05
Task 11 200 0.055
Task 19 400 0.0475
Task 39 800 0.04875
GW 0
-------------
035
-------------
GW 0.9775
Task 125 200 0.625
Task 15 200 0.075
Task 19 400 0.0475
Task 4 100 0.04
Task 39 800 0.04875
Task 19 400 0.0475
Task 9 200 0.045
Task 39 800 0.04875
GW 0.98375
Task 72 200 0.36
Task 41 200 0.205
Task 30 200 0.15
Task 31 400 0.0775
Task 20 400 0.05
Task 39 800 0.04875
Task 19 400 0.0475
Task 9 200 0.045
GW 0
-------------
036
-------------
GW 0.9725
Task 197 400 0.4925
Task 109 800 0.13625
Task 14 200 0.07
Task 6 100 0.06
Task 6 100 0.06
Task 13 200 0.065
Task 39 800 0.04875
Task 4 100 0.04
GW 0.965
Task 245 400 0.6125
Task 6 100 0.06
Task 6 100 0.06
Task 21 400 0.0525
Task 21 400 0.0525
Task 4 100 0.04
Task 4 100 0.04
Task 19 400 0.0475
GW 0
-------------
037
-------------
GW 0.9775
Task 420 800 0.525
Task 41 400 0.1025
Task 9 100 0.09
Task 6 100 0.06
Task 5 100 0.05
Task 41 800 0.05125
Task 10 200 0.05
Task 39 800 0.04875
GW 0.97625
Task 25 100 0.25
Task 22 100 0.22
Task 10 100 0.1
Task 9 100 0.09
Task 8 100 0.08
Task 32 400 0.08
Task 64 800 0.08
Task 61 800 0.07625
GW 0
-------------
038
-------------
GW 0.975
Task 116 400 0.29
Task 26 100 0.26
Task 10 100 0.1
Task 41 400 0.1025
Task 29 400 0.0725
Task 23 400 0.0575
Task 21 400 0.0525
Task 4 100 0.04
GW 0.97
Task 82 200 0.41
Task 26 100 0.26
Task 15 200 0.075
Task 4 100 0.04
Task 9 200 0.045
Task 9 200 0.045
Task 19 400 0.0475
Task 19 400 0.0475
GW 0
-------------
039
-------------
GW 0.96125
Task 101 200 0.505
Task 119 800 0.14875
Task 76 800 0.095
Task 4 100 0.04
Task 4 100 0.04
Task 4 100 0.04
Task 19 400 0.0475
Task 9 200 0.045
GW 0.995
Task 246 800 0.3075
Task 172 800 0.215
Task 32 200 0.16
Task 73 800 0.09125
Task 26 400 0.065
Task 45 800 0.05625
Task 20 400 0.05
Task 20 400 0.05
GW 0
-------------
040
-------------
GW 0.97875
Task 35 100 0.35
Task 62 400 0.155
Task 59 400 0.1475
Task 12 100 0.12
Task 45 800 0.05625
Task 10 200 0.05
Task 41 800 0.05125
Task 39 800 0.04875
GW 0.98125
Task 69 200 0.345
Task 173 800 0.21625
Task 68 400 0.17
Task 46 800 0.0575
Task 11 200 0.055
Task 5 100 0.05
Task 4 100 0.04
Task 19 400 0.0475
GW 0
-------------
041
-------------
GW 0.96375
Task 70 200 0.35
Task 244 800 0.305
Task 7 100 0.07
Task 11 200 0.055
Task 5 100 0.05
Task 4 100 0.04
Task 39 800 0.04875
Task 9 200 0.045
GW 0.995
Task 263 800 0.32875
Task 165 800 0.20625
Task 76 800 0.095
Task 35 400 0.0875
Task 62 800 0.0775
Task 30 400 0.075
Task 29 400 0.0725
Task 42 800 0.0525
GW 0
-------------
042
-------------
GW 0.99
Task 126 400 0.315
Task 81 400 0.2025
Task 61 400 0.1525
Task 92 800 0.115
Task 12 200 0.06
Task 39 800 0.04875
Task 19 400 0.0475
Task 39 800 0.04875
GW 0.9775
Task 399 800 0.49875
Task 47 400 0.1175
Task 7 100 0.07
Task 6 100 0.06
Task 12 200 0.06
Task 24 400 0.06
Task 23 400 0.0575
Task 43 800 0.05375
GW 0
-------------
043
-------------
GW 0.97875
Task 62 100 0.62
Task 49 800 0.06125
Task 23 400 0.0575
Task 10 200 0.05
Task 10 200 0.05
Task 5 100 0.05
Task 9 200 0.045
Task 9 200 0.045
GW 0.96625
Task 38 100 0.38
Task 55 200 0.275
Task 7 100 0.07
Task 46 800 0.0575
Task 4 100 0.04
Task 19 400 0.0475
Task 19 400 0.0475
Task 39 800 0.04875
GW 0
-------------
044
-------------
GW 0.97625
Task 116 400 0.29
Task 19 100 0.19
Task 101 800 0.12625
Task 48 400 0.12
Task 17 200 0.085
Task 7 100 0.07
Task 5 100 0.05
Task 9 200 0.045
GW 0.9825
Task 103 200 0.515
Task 71 400 0.1775
Task 5 100 0.05
Task 20 400 0.05
Task 5 100 0.05
Task 19 400 0.0475
Task 19 400 0.0475
Task 9 200 0.045
GW 0
-------------
045
-------------
GW 0.97625
Task 517 800 0.64625
Task 5 100 0.05
Task 10 200 0.05
Task 19 400 0.0475
Task 19 400 0.0475
Task 19 400 0.0475
Task 19 400 0.0475
Task 4 100 0.04
GW 0.98
Task 115 400 0.2875
Task 57 200 0.285
Task 121 800 0.15125
Task 13 200 0.065
Task 41 800 0.05125
Task 5 100 0.05
Task 10 200 0.05
Task 4 100 0.04
GW 0
-------------
046
-------------
GW 0.9725
Task 105 400 0.2625
Task 77 400 0.1925
Task 18 100 0.18
Task 15 100 0.15
Task 5 100 0.05
Task 9 200 0.045
Task 19 400 0.0475
Task 9 200 0.045
GW 0.9875
Task 53 200 0.265
Task 129 800 0.16125
Task 55 400 0.1375
Task 11 100 0.11
Task 34 400 0.085
Task 65 800 0.08125
Task 31 400 0.0775
Task 7 100 0.07
GW 0
-------------
047
-------------
GW 0.9725
Task 144 400 0.36
Task 15 100 0.15
Task 13 100 0.13
Task 35 400 0.0875
Task 30 400 0.075
Task 6 100 0.06
Task 26 400 0.065
Task 9 200 0.045
GW 0.9825
Task 193 400 0.4825
Task 126 800 0.1575
Task 10 100 0.1
Task 21 400 0.0525
Task 20 400 0.05
Task 20 400 0.05
Task 9 200 0.045
Task 9 200 0.045
GW 0
-------------
048
-------------
GW 0.9925
Task 55 100 0.55
Task 11 100 0.11
Task 28 400 0.07
Task 22 400 0.055
Task 44 800 0.055
Task 21 400 0.0525
Task 40 800 0.05
Task 20 400 0.05
GW 0.98375
Task 215 400 0.5375
Task 23 200 0.115
Task 30 400 0.075
Task 45 800 0.05625
Task 21 400 0.0525
Task 10 200 0.05
Task 20 400 0.05
Task 19 400 0.0475
GW 0
-------------
049
-------------
GW 0.9725
Task 120 400 0.3
Task 221 800 0.27625
Task 17 100 0.17
Task 21 400 0.0525
Task 4 100 0.04
Task 4 100 0.04
Task 9 200 0.045
Task 39 800 0.04875
GW 0.98875
Task 354 800 0.4425
Task 46 400 0.115
Task 71 800 0.08875
Task 8 100 0.08
Task 59 800 0.07375
Task 14 200 0.07
Task 6 100 0.06
Task 47 800 0.05875
GW 0
-------------
050
-------------
GW 0.9875
Task 125 400 0.3125
Task 76 400 0.19
Task 127 800 0.15875
Task 96 800 0.12
Task 12 200 0.06
Task 41 800 0.05125
Task 20 400 0.05
Task 9 200 0.045
GW 0.9775
Task 136 400 0.34
Task 27 100 0.27
Task 24 200 0.12
Task 11 200 0.055
Task 5 100 0.05
Task 9 200 0.045
Task 39 800 0.04875
Task 39 800 0.04875
GW 0
-------------
051
-------------
GW 0.9825
Task 71 200 0.355
Task 67 200 0.335
Task 46 800 0.0575
Task 19 400 0.0475
Task 39 800 0.04875
Task 39 800 0.04875
Task 9 200 0.045
Task 9 200 0.045
GW 0.97375
Task 81 200 0.405
Task 118 400 0.295
Task 40 800 0.05
Task 9 200 0.045
Task 9 200 0.045
Task 4 100 0.04
Task 39 800 0.04875
Task 9 200 0.045
GW 0
-------------
052
-------------
GW 0.97625
Task 297 800 0.37125
Task 247 800 0.30875
Task 6 100 0.06
Task 11 200 0.055
Task 9 200 0.045
Task 4 100 0.04
Task 39 800 0.04875
Task 19 400 0.0475
GW 0.99125
Task 117 400 0.2925
Task 131 800 0.16375
Task 29 200 0.145
Task 91 800 0.11375
Task 74 800 0.0925
Task 61 800 0.07625
Task 23 400 0.0575
Task 5 100 0.05
GW 0
-------------
053
-------------
GW 0.975
Task 124 200 0.62
Task 6 100 0.06
Task 24 400 0.06
Task 22 400 0.055
Task 19 400 0.0475
Task 9 200 0.045
Task 4 100 0.04
Task 19 400 0.0475
GW 0.96125
Task 483 800 0.60375
Task 76 800 0.095
Task 5 100 0.05
Task 4 100 0.04
Task 4 100 0.04
Task 4 100 0.04
Task 9 200 0.045
Task 19 400 0.0475
GW 0
-------------
054
-------------
GW 0.98125
Task 177 400 0.4425
Task 140 800 0.175
Task 26 200 0.13
Task 10 200 0.05
Task 20 400 0.05
Task 4 100 0.04
Task 39 800 0.04875
Task 9 200 0.045
GW 0.99
Task 215 400 0.5375
Task 23 200 0.115
Task 27 400 0.0675
Task 13 200 0.065
Task 25 400 0.0625
Task 20 400 0.05
Task 19 400 0.0475
Task 9 200 0.045
GW 0
-------------
055
-------------
GW 0.96375
Task 364 800 0.455
Task 34 200 0.17
Task 11 100 0.11
Task 5 100 0.05
Task 10 200 0.05
Task 39 800 0.04875
Task 4 100 0.04
Task 4 100 0.04
GW 0.9925
Task 84 200 0.42
Task 98 400 0.245
Task 26 400 0.065
Task 47 800 0.05875
Task 43 800 0.05375
Task 20 400 0.05
Task 10 200 0.05
Task 5 100 0.05
GW 0
-------------
056
-------------
GW 0.98625
Task 74 200 0.37
Task 123 800 0.15375
Task 54 400 0.135
Task 41 400 0.1025
Task 26 400 0.065
Task 12 200 0.06
Task 21 400 0.0525
Task 19 400 0.0475
GW 0.96875
Task 308 800 0.385
Task 57 200 0.285
Task 51 800 0.06375
Task 11 200 0.055
Task 5 100 0.05
Task 20 400 0.05
Task 4 100 0.04
Task 4 100 0.04
GW 0
-------------
057
-------------
GW 0.97875
Task 58 100 0.58
Task 59 800 0.07375
Task 25 400 0.0625
Task 25 400 0.0625
Task 11 200 0.055
Task 44 800 0.055
Task 5 100 0.05
Task 4 100 0.04
GW 0.985
Task 51 200 0.255
Task 36 200 0.18
Task 66 400 0.165
Task 15 100 0.15
Task 68 800 0.085
Task 20 400 0.05
Task 20 400 0.05
Task 5 100 0.05
GW 0
-------------
058
-------------
GW 0.99125
Task 54 200 0.27
Task 108 400 0.27
Task 108 800 0.135
Task 97 800 0.12125
Task 10 200 0.05
Task 19 400 0.0475
Task 39 800 0.04875
Task 39 800 0.04875
GW 0.9925
Task 402 800 0.5025
Task 25 200 0.125
Task 22 200 0.11
Task 43 800 0.05375
Task 42 800 0.0525
Task 10 200 0.05
Task 40 800 0.05
Task 39 800 0.04875
GW 0
-------------
059
-------------
GW 0.96
Task 52 100 0.52
Task 10 100 0.1
Task 15 200 0.075
Task 14 200 0.07
Task 5 100 0.05
Task 11 200 0.055
Task 5 100 0.05
Task 4 100 0.04
GW 0.975
Task 243 400 0.6075
Task 75 800 0.09375
Task 40 800 0.05
Task 9 200 0.045
Task 39 800 0.04875
Task 9 200 0.045
Task 4 100 0.04
Task 9 200 0.045
GW 0
-------------
060
-------------
GW 0.97625
Task 58 200 0.29
Task 59 400 0.1475
Task 29 200 0.145
Task 56 400 0.14
Task 8 100 0.08
Task 13 200 0.065
Task 47 800 0.05875
Task 5 100 0.05
GW 0.9775
Task 218 800 0.2725
Task 43 200 0.215
Task 30 200 0.15
Task 8 100 0.08
Task 8 100 0.08
Task 7 100 0.07
Task 44 800 0.055
Task 11 200 0.055
GW 0
-------------
061
-------------
GW 0.96875
Task 377 800 0.47125
Task 81 400 0.2025
Task 60 800 0.075
Task 10 200 0.05
Task 4 100 0.04
Task 9 200 0.045
Task 9 200 0.045
Task 4 100 0.04
GW 0.97125
Task 56 200 0.28
Task 183 800 0.22875
Task 35 200 0.175
Task 14 200 0.07
Task 28 400 0.07
Task 5 100 0.05
Task 10 200 0.05
Task 19 400 0.0475
GW 0
-------------
062
-------------
GW 0.975
Task 247 400 0.6175
Task 8 100 0.08
Task 10 200 0.05
Task 40 800 0.05
Task 9 200 0.045
Task 4 100 0.04
Task 9 200 0.045
Task 19 400 0.0475
GW 0.9825
Task 78 200 0.39
Task 19 100 0.19
Task 9 100 0.09
Task 16 200 0.08
Task 16 200 0.08
Task 23 400 0.0575
Task 40 800 0.05
Task 9 200 0.045
GW 0
-------------
063
-------------
GW 0.9825
Task 149 400 0.3725
Task 37 200 0.185
Task 57 400 0.1425
Task 29 400 0.0725
Task 25 400 0.0625
Task 11 200 0.055
Task 9 200 0.045
Task 19 400 0.0475
GW 0.9825
Task 71 400 0.1775
Task 67 400 0.1675
Task 67 400 0.1675
Task 29 200 0.145
Task 25 200 0.125
Task 8 100 0.08
Task 7 100 0.07
Task 10 200 0.05
GW 0
-------------
064
-------------
GW 0.98
Task 22 100 0.22
Task 36 200 0.18
Task 63 400 0.1575
Task 104 800 0.13
Task 19 200 0.095
Task 9 100 0.09
Task 11 200 0.055
Task 42 800 0.0525
GW 0.98125
Task 50 100 0.5
Task 94 800 0.1175
Task 74 800 0.0925
Task 14 200 0.07
Task 11 200 0.055
Task 41 800 0.05125
Task 19 400 0.0475
Task 19 400 0.0475
GW 0
-------------
065
-------------
GW 0.985
Task 66 200 0.33
Task 29 100 0.29
Task 30 400 0.075
Task 7 100 0.07
Task 12 200 0.06
Task 12 200 0.06
Task 20 400 0.05
Task 40 800 0.05
GW 0.98375
Task 84 200 0.42
Task 202 800 0.2525
Task 7 100 0.07
Task 21 400 0.0525
Task 19 400 0.0475
Task 9 200 0.045
Task 19 400 0.0475
Task 39 800 0.04875
GW 0
-------------
066
-------------
GW 0.97375
Task 263 800 0.32875
Task 26 100 0.26
Task 21 200 0.105
Task 32 400 0.08
Task 5 100 0.05
Task 22 400 0.055
Task 40 800 0.05
Task 9 200 0.045
GW 0.9775
Task 96 200 0.48
Task 44 200 0.22
Task 10 200 0.05
Task 39 800 0.04875
Task 39 800 0.04875
Task 9 200 0.045
Task 4 100 0.04
Task 9 200 0.045
GW 0
-------------
067
-------------
GW 0.97375
Task 460 800 0.575
Task 89 800 0.11125
Task 52 800 0.065
Task 19 400 0.0475
Task 9 200 0.045
Task 9 200 0.045
Task 4 100 0.04
Task 9 200 0.045
GW 0.98
Task 43 100 0.43
Task 67 400 0.1675
Task 17 200 0.085
Task 54 800 0.0675
Task 53 800 0.06625
Task 45 800 0.05625
Task 11 200 0.055
Task 42 800 0.0525
GW 0
-------------
068
-------------
GW 0.98
Task 43 100 0.43
Task 38 200 0.19
Task 64 800 0.08
Task 27 400 0.0675
Task 25 400 0.0625
Task 22 400 0.055
Task 10 200 0.05
Task 9 200 0.045
GW 0.97125
Task 38 100 0.38
Task 96 400 0.24
Task 9 100 0.09
Task 24 400 0.06
Task 43 800 0.05375
Task 10 200 0.05
Task 20 400 0.05
Task 19 400 0.0475
GW 0
-------------
069
-------------
GW 0.9675
Task 217 400 0.5425
Task 19 200 0.095
Task 15 200 0.075
Task 26 400 0.065
Task 5 100 0.05
Task 10 200 0.05
Task 20 400 0.05
Task 4 100 0.04
GW 0.98875
Task 91 200 0.455
Task 20 100 0.2
Task 30 400 0.075
Task 26 400 0.065
Task 5 100 0.05
Task 10 200 0.05
Task 39 800 0.04875
Task 9 200 0.045
GW 0
-------------
070
-------------
GW 0.98625
Task 174 400 0.435
Task 73 400 0.1825
Task 41 400 0.1025
Task 6 100 0.06
Task 46 800 0.0575
Task 10 200 0.05
Task 20 400 0.05
Task 39 800 0.04875
GW 0.98
Task 52 100 0.52
Task 28 200 0.14
Task 30 400 0.075
Task 5 100 0.05
Task 40 800 0.05
Task 10 200 0.05
Task 5 100 0.05
Task 9 200 0.045
GW 0
-------------
071
-------------
GW 0.98125
Task 39 100 0.39
Task 29 200 0.145
Task 98 800 0.1225
Task 37 400 0.0925
Task 17 200 0.085
Task 40 800 0.05
Task 39 800 0.04875
Task 19 400 0.0475
GW 0.9875
Task 205 800 0.25625
Task 148 800 0.185
Task 135 800 0.16875
Task 24 200 0.12
Task 39 400 0.0975
Task 12 200 0.06
Task 5 100 0.05
Task 5 100 0.05
GW 0
-------------
072
-------------
GW 0.985
Task 154 800 0.1925
Task 118 800 0.1475
Task 112 800 0.14
Task 14 100 0.14
Task 96 800 0.12
Task 48 400 0.12
Task 6 100 0.06
Task 13 200 0.065
GW 0.975
Task 222 400 0.555
Task 28 200 0.14
Task 5 100 0.05
Task 9 200 0.045
Task 4 100 0.04
Task 39 800 0.04875
Task 19 400 0.0475
Task 39 800 0.04875
GW 0
-------------
073
-------------
GW 0.99
Task 440 800 0.55
Task 91 800 0.11375
Task 61 800 0.07625
Task 46 800 0.0575
Task 5 100 0.05
Task 5 100 0.05
Task 9 200 0.045
Task 19 400 0.0475
GW 0.97375
Task 360 800 0.45
Task 18 100 0.18
Task 31 400 0.0775
Task 62 800 0.0775
Task 5 100 0.05
Task 40 800 0.05
Task 4 100 0.04
Task 39 800 0.04875
GW 0
-------------
074
-------------
GW 0.98625
Task 150 400 0.375
Task 137 800 0.17125
Task 106 800 0.1325
Task 9 100 0.09
Task 7 100 0.07
Task 10 200 0.05
Task 10 200 0.05
Task 19 400 0.0475
GW 0.98375
Task 33 100 0.33
Task 95 400 0.2375
Task 122 800 0.1525
Task 6 100 0.06
Task 23 400 0.0575
Task 5 100 0.05
Task 39 800 0.04875
Task 19 400 0.0475
GW 0
-------------
075
-------------
GW 0.97625
Task 282 800 0.3525
Task 19 100 0.19
Task 58 400 0.145
Task 67 800 0.08375
Task 6 100 0.06
Task 41 800 0.05125
Task 39 800 0.04875
Task 9 200 0.045
GW 0.97375
Task 362 800 0.4525
Task 70 400 0.175
Task 49 400 0.1225
Task 10 200 0.05
Task 39 800 0.04875
Task 4 100 0.04
Task 4 100 0.04
Task 9 200 0.045
GW 0
-------------
076
-------------
GW 0.975
Task 174 400 0.435
Task 51 200 0.255
Task 5 100 0.05
Task 40 800 0.05
Task 4 100 0.04
Task 39 800 0.04875
Task 39 800 0.04875
Task 19 400 0.0475
GW 0.9775
Task 54 200 0.27
Task 74 400 0.185
Task 14 100 0.14
Task 26 200 0.13
Task 33 400 0.0825
Task 12 200 0.06
Task 11 200 0.055
Task 22 400 0.055
GW 0
-------------
077
-------------
GW 0.98625
Task 36 100 0.36
Task 41 200 0.205
Task 55 400 0.1375
Task 63 800 0.07875
Task 45 800 0.05625
Task 10 200 0.05
Task 20 400 0.05
Task 39 800 0.04875
GW 0.985
Task 43 200 0.215
Task 146 800 0.1825
Task 33 200 0.165
Task 67 400 0.1675
Task 20 200 0.1
Task 44 800 0.055
Task 5 100 0.05
Task 20 400 0.05
GW 0
-------------
078
-------------
GW 0.98125
Task 83 400 0.2075
Task 65 400 0.1625
Task 55 400 0.1375
Task 51 400 0.1275
Task 11 100 0.11
Task 9 100 0.09
Task 75 800 0.09375
Task 21 400 0.0525
GW 0.9875
Task 179 400 0.4475
Task 37 200 0.185
Task 80 800 0.1
Task 23 400 0.0575
Task 5 100 0.05
Task 20 400 0.05
Task 20 400 0.05
Task 19 400 0.0475
GW 0
-------------
079
-------------
GW 0.97
Task 127 200 0.635
Task 54 800 0.0675
Task 10 200 0.05
Task 4 100 0.04
Task 4 100 0.04
Task 9 200 0.045
Task 9 200 0.045
Task 19 400 0.0475
GW 0.97375
Task 80 200 0.4
Task 47 200 0.235
Task 22 200 0.11
Task 20 400 0.05
Task 9 200 0.045
Task 9 200 0.045
Task 39 800 0.04875
Task 4 100 0.04
GW 0
-------------
080
-------------
GW 0.97125
Task 353 800 0.44125
Task 25 100 0.25
Task 42 800 0.0525
Task 19 400 0.0475
Task 19 400 0.0475
Task 4 100 0.04
Task 19 400 0.0475
Task 9 200 0.045
GW 0.96875
Task 82 200 0.41
Task 50 400 0.125
Task 50 400 0.125
Task 10 100 0.1
Task 7 100 0.07
Task 9 200 0.045
Task 39 800 0.04875
Task 9 200 0.045
GW 0
-------------
081
-------------
GW 0.97375
Task 299 800 0.37375
Task 28 100 0.28
Task 33 400 0.0825
Task 12 200 0.06
Task 10 200 0.05
Task 4 100 0.04
Task 4 100 0.04
Task 19 400 0.0475
GW 0.97875
Task 90 200 0.45
Task 24 100 0.24
Task 10 200 0.05
Task 40 800 0.05
Task 19 400 0.0475
Task 19 400 0.0475
Task 9 200 0.045
Task 39 800 0.04875
GW 0
-------------
082
-------------
GW 0.985
Task 287 800 0.35875
Task 86 400 0.215
Task 95 800 0.11875
Task 30 400 0.075
Task 14 200 0.07
Task 5 100 0.05
Task 40 800 0.05
Task 19 400 0.0475
GW 0.9775
Task 78 200 0.39
Task 72 400 0.18
Task 24 200 0.12
Task 16 200 0.08
Task 23 400 0.0575
Task 5 100 0.05
Task 5 100 0.05
Task 10 200 0.05
GW 0
-------------
083
-------------
GW 0.98625
Task 200 400 0.5
Task 13 100 0.13
Task 45 400 0.1125
Task 11 200 0.055
Task 19 400 0.0475
Task 39 800 0.04875
Task 19 400 0.0475
Task 9 200 0.045
GW 0.98875
Task 173 400 0.4325
Task 48 200 0.24
Task 29 400 0.0725
Task 10 200 0.05
Task 10 200 0.05
Task 19 400 0.0475
Task 39 800 0.04875
Task 19 400 0.0475
GW 0
-------------
084
-------------
GW 0.9725
Task 61 200 0.305
Task 21 100 0.21
Task 68 400 0.17
Task 70 800 0.0875
Task 6 100 0.06
Task 5 100 0.05
Task 10 200 0.05
Task 4 100 0.04
GW 0.97125
Task 62 200 0.31
Task 29 100 0.29
Task 99 800 0.12375
Task 48 800 0.06
Task 10 200 0.05
Task 20 400 0.05
Task 19 400 0.0475
Task 4 100 0.04
GW 0
-------------
085
-------------
GW 0.99
Task 71 200 0.355
Task 64 200 0.32
Task 27 400 0.0675
Task 5 100 0.05
Task 5 100 0.05
Task 5 100 0.05
Task 39 800 0.04875
Task 39 800 0.04875
GW 0.98625
Task 90 200 0.45
Task 178 800 0.2225
Task 12 200 0.06
Task 5 100 0.05
Task 45 800 0.05625
Task 10 200 0.05
Task 40 800 0.05
Task 19 400 0.0475
GW 0
-------------
086
-------------
GW 0.98625
Task 398 800 0.4975
Task 146 800 0.1825
Task 6 100 0.06
Task 20 400 0.05
Task 41 800 0.05125
Task 10 200 0.05
Task 10 200 0.05
Task 9 200 0.045
GW 0.99
Task 301 800 0.37625
Task 27 200 0.135
Task 95 800 0.11875
Task 21 200 0.105
Task 8 100 0.08
Task 12 200 0.06
Task 6 100 0.06
Task 44 800 0.055
GW 0
-------------
087
-------------
GW 0.9875
Task 60 100 0.6
Task 20 200 0.1
Task 40 800 0.05
Task 39 800 0.04875
Task 19 400 0.0475
Task 39 800 0.04875
Task 9 200 0.045
Task 19 400 0.0475
GW 0.96625
Task 250 400 0.625
Task 28 400 0.07
Task 46 800 0.0575
Task 4 100 0.04
Task 9 200 0.045
Task 39 800 0.04875
Task 4 100 0.04
Task 4 100 0.04
GW 0
-------------
088
-------------
GW 0.9825
Task 359 800 0.44875
Task 130 800 0.1625
Task 38 400 0.095
Task 8 100 0.08
Task 5 100 0.05
Task 40 800 0.05
Task 39 800 0.04875
Task 19 400 0.0475
GW 0.9775
Task 137 400 0.3425
Task 39 200 0.195
Task 10 100 0.1
Task 74 800 0.0925
Task 17 200 0.085
Task 50 800 0.0625
Task 5 100 0.05
Task 5 100 0.05
GW 0
-------------
089
-------------
GW 0.98375
Task 95 400 0.2375
Task 39 200 0.195
Task 132 800 0.165
Task 26 200 0.13
Task 7 100 0.07
Task 30 400 0.075
Task 49 800 0.06125
Task 10 200 0.05
GW 0.985
Task 112 200 0.56
Task 80 800 0.1
Task 70 800 0.0875
Task 5 100 0.05
Task 10 200 0.05
Task 19 400 0.0475
Task 9 200 0.045
Task 9 200 0.045
GW 0
-------------
090
-------------
GW 0.975
Task 108 400 0.27
Task 40 200 0.2
Task 153 800 0.19125
Task 11 100 0.11
Task 26 400 0.065
Task 10 200 0.05
Task 4 100 0.04
Task 39 800 0.04875
GW 0.97375
Task 107 200 0.535
Task 7 100 0.07
Task 63 800 0.07875
Task 62 800 0.0775
Task 14 200 0.07
Task 21 400 0.0525
Task 9 200 0.045
Task 9 200 0.045
GW 0
-------------
091
-------------
GW 0.98625
Task 139 400 0.3475
Task 97 400 0.2425
Task 89 800 0.11125
Task 66 800 0.0825
Task 23 400 0.0575
Task 10 200 0.05
Task 40 800 0.05
Task 9 200 0.045
GW 0.975
Task 50 100 0.5
Task 23 200 0.115
Task 45 400 0.1125
Task 5 100 0.05
Task 5 100 0.05
Task 41 800 0.05125
Task 39 800 0.04875
Task 19 400 0.0475
GW 0
-------------
092
-------------
GW 0.98375
Task 103 200 0.515
Task 29 200 0.145
Task 25 400 0.0625
Task 49 800 0.06125
Task 5 100 0.05
Task 20 400 0.05
Task 20 400 0.05
Task 5 100 0.05
GW 0.98375
Task 492 800 0.615
Task 7 100 0.07
Task 12 200 0.06
Task 42 800 0.0525
Task 5 100 0.05
Task 19 400 0.0475
Task 39 800 0.04875
Task 4 100 0.04
GW 0
-------------
093
-------------
GW 0.99375
Task 59 100 0.59
Task 8 100 0.08
Task 13 200 0.065
Task 22 400 0.055
Task 43 800 0.05375
Task 20 400 0.05
Task 40 800 0.05
Task 40 800 0.05
GW 0.97625
Task 397 800 0.49625
Task 68 400 0.17
Task 14 200 0.07
Task 22 400 0.055
Task 5 100 0.05
Task 5 100 0.05
Task 9 200 0.045
Task 4 100 0.04
GW 0
-------------
094
-------------
GW 0.97125
Task 220 400 0.55
Task 21 200 0.105
Task 74 800 0.0925
Task 40 800 0.05
Task 4 100 0.04
Task 9 200 0.045
Task 39 800 0.04875
Task 4 100 0.04
GW 0.98875
Task 250 800 0.3125
Task 51 200 0.255
Task 72 400 0.18
Task 5 100 0.05
Task 40 800 0.05
Task 9 200 0.045
Task 19 400 0.0475
Task 39 800 0.04875
GW 0
-------------
095
-------------
GW 0.9775
Task 41 100 0.41
Task 30 200 0.15
Task 24 200 0.12
Task 14 200 0.07
Task 7 100 0.07
Task 52 800 0.065
Task 19 400 0.0475
Task 9 200 0.045
GW 0.98
Task 29 100 0.29
Task 46 200 0.23
Task 27 200 0.135
Task 12 100 0.12
Task 21 400 0.0525
Task 10 200 0.05
Task 42 800 0.0525
Task 10 200 0.05
GW 0
-------------
096
-------------
GW 0.9825
Task 122 200 0.61
Task 15 200 0.075
Task 6 100 0.06
Task 40 800 0.05
Task 39 800 0.04875
Task 39 800 0.04875
Task 9 200 0.045
Task 9 200 0.045
GW 0.96375
Task 94 200 0.47
Task 45 200 0.225
Task 5 100 0.05
Task 39 800 0.04875
Task 9 200 0.045
Task 9 200 0.045
Task 4 100 0.04
Task 4 100 0.04
GW 0
-------------
097
-------------
GW 0.98375
Task 60 200 0.3
Task 239 800 0.29875
Task 14 100 0.14
Task 44 800 0.055
Task 39 800 0.04875
Task 39 800 0.04875
Task 9 200 0.045
Task 19 400 0.0475
GW 0.97625
Task 60 100 0.6
Task 70 800 0.0875
Task 22 400 0.055
Task 4 100 0.04
Task 39 800 0.04875
Task 39 800 0.04875
Task 19 400 0.0475
Task 39 800 0.04875
GW 0
-------------
098
-------------
GW 0.9775
Task 77 200 0.385
Task 125 800 0.15625
Task 109 800 0.13625
Task 15 200 0.075
Task 6 100 0.06
Task 12 200 0.06
Task 23 400 0.0575
Task 19 400 0.0475
GW 0.99
Task 299 800 0.37375
Task 49 200 0.245
Task 63 800 0.07875
Task 13 200 0.065
Task 12 200 0.06
Task 49 800 0.06125
Task 43 800 0.05375
Task 21 400 0.0525
GW 0
-------------
099
-------------
GW 0.98
Task 73 200 0.365
Task 34 200 0.17
Task 136 800 0.17
Task 28 400 0.07
Task 5 100 0.05
Task 21 400 0.0525
Task 42 800 0.0525
Task 20 400 0.05
GW 0.98875
Task 49 200 0.245
Task 19 100 0.19
Task 18 100 0.18
Task 10 100 0.1
Task 80 800 0.1
Task 55 800 0.06875
Task 44 800 0.055
Task 10 200 0.05
GW 0
-------------
100
-------------
