GW 1.98625
Task 339 400 0.8475
Task 57 100 0.57
Task 245 800 0.30625
Task 88 800 0.11
Task 19 200 0.095
Task 23 400 0.0575
GW 1.9925
Task 135 200 0.675
Task 237 400 0.5925
Task 212 400 0.53
Task 36 400 0.09
Task 22 400 0.055
Task 5 100 0.05
GW 0
-------------
001
-------------
GW 1.98625
Task 270 400 0.675
Task 158 400 0.395
Task 39 100 0.39
Task 201 800 0.25125
Task 72 400 0.18
Task 19 200 0.095
GW 1.98875
Task 397 400 0.9925
Task 96 200 0.48
Task 76 400 0.19
Task 115 800 0.14375
Task 98 800 0.1225
Task 6 100 0.06
GW 0
-------------
002
-------------
GW 1.985
Task 661 800 0.82625
Task 165 400 0.4125
Task 263 800 0.32875
Task 23 100 0.23
Task 55 400 0.1375
Task 10 200 0.05
GW 1.9925
Task 99 200 0.495
Task 96 200 0.48
Task 367 800 0.45875
Task 95 400 0.2375
Task 42 200 0.21
Task 89 800 0.11125
GW 0
-------------
003
-------------
GW 1.9825
Task 545 800 0.68125
Task 199 400 0.4975
Task 31 100 0.31
Task 23 100 0.23
Task 18 100 0.18
Task 67 800 0.08375
GW 1.99
Task 387 400 0.9675
Task 103 200 0.515
Task 37 200 0.185
Task 15 100 0.15
Task 22 200 0.11
Task 25 400 0.0625
GW 0
-------------
004
-------------
GW 1.98875
Task 248 400 0.62
Task 50 100 0.5
Task 188 400 0.47
Task 46 200 0.23
Task 10 100 0.1
Task 55 800 0.06875
GW 1.98625
Task 625 800 0.78125
Task 166 400 0.415
Task 56 200 0.28
Task 27 100 0.27
Task 13 100 0.13
Task 22 200 0.11
GW 0
-------------
005
-------------
GW 1.98375
Task 581 800 0.72625
Task 248 400 0.62
Task 112 400 0.28
Task 35 200 0.175
Task 10 100 0.1
Task 66 800 0.0825
GW 1.995
Task 194 200 0.97
Task 73 200 0.365
Task 95 400 0.2375
Task 18 100 0.18
Task 130 800 0.1625
Task 16 200 0.08
GW 0
-------------
006
-------------
GW 1.99125
Task 367 400 0.9175
Task 479 800 0.59875
Task 102 400 0.255
Task 42 400 0.105
Task 6 100 0.06
Task 11 200 0.055
GW 1.97375
Task 334 400 0.835
Task 297 800 0.37125
Task 36 100 0.36
Task 22 100 0.22
Task 10 100 0.1
Task 35 400 0.0875
GW 0
-------------
007
-------------
GW 1.99125
Task 196 400 0.49
Task 377 800 0.47125
Task 45 100 0.45
Task 220 800 0.275
Task 40 200 0.2
Task 21 200 0.105
GW 1.99375
Task 772 800 0.965
Task 130 400 0.325
Task 198 800 0.2475
Task 165 800 0.20625
Task 80 400 0.2
Task 5 100 0.05
GW 0
-------------
008
-------------
GW 1.99
Task 694 800 0.8675
Task 83 200 0.415
Task 115 400 0.2875
Task 22 100 0.22
Task 44 400 0.11
Task 36 400 0.09
GW 1.98625
Task 607 800 0.75875
Task 36 100 0.36
Task 244 800 0.305
Task 116 400 0.29
Task 19 100 0.19
Task 66 800 0.0825
GW 0
-------------
009
-------------
GW 1.9875
Task 348 400 0.87
Task 247 400 0.6175
Task 66 200 0.33
Task 13 200 0.065
Task 11 200 0.055
Task 5 100 0.05
GW 1.9875
Task 736 800 0.92
Task 538 800 0.6725
Task 11 100 0.11
Task 89 800 0.11125
Task 89 800 0.11125
Task 25 400 0.0625
GW 0
-------------
010
-------------
GW 1.985
Task 147 200 0.735
Task 97 200 0.485
Task 87 200 0.435
Task 46 200 0.23
Task 11 200 0.055
Task 9 200 0.045
GW 1.975
Task 74 100 0.74
Task 67 100 0.67
Task 16 100 0.16
Task 62 400 0.155
Task 13 100 0.13
Task 24 200 0.12
GW 0
-------------
011
-------------
GW 1.99
Task 488 800 0.61
Task 223 400 0.5575
Task 57 200 0.285
Task 82 400 0.205
Task 35 200 0.175
Task 126 800 0.1575
GW 1.9775
Task 262 400 0.655
Task 50 100 0.5
Task 66 200 0.33
Task 31 100 0.31
Task 46 400 0.115
Task 27 400 0.0675
GW 0
-------------
012
-------------
GW 1.975
Task 148 200 0.74
Task 70 100 0.7
Task 164 800 0.205
Task 18 100 0.18
Task 18 200 0.09
Task 6 100 0.06
GW 1.9875
Task 314 400 0.785
Task 207 400 0.5175
Task 106 400 0.265
Task 31 200 0.155
Task 29 200 0.145
Task 24 200 0.12
GW 0
-------------
013
-------------
GW 1.98
Task 147 200 0.735
Task 60 100 0.6
Task 49 100 0.49
Task 44 800 0.055
Task 5 100 0.05
Task 5 100 0.05
GW 1.98875
Task 277 400 0.6925
Task 238 400 0.595
Task 45 100 0.45
Task 11 100 0.11
Task 15 200 0.075
Task 53 800 0.06625
GW 0
-------------
014
-------------
GW 1.98125
Task 197 200 0.985
Task 154 200 0.77
Task 71 800 0.08875
Task 5 100 0.05
Task 4 100 0.04
Task 19 400 0.0475
GW 1.98625
Task 527 800 0.65875
Task 205 400 0.5125
Task 80 200 0.4
Task 63 200 0.315
Task 5 100 0.05
Task 5 100 0.05
GW 0
-------------
015
-------------
GW 1.99125
Task 117 200 0.585
Task 115 200 0.575
Task 37 100 0.37
Task 201 800 0.25125
Task 94 800 0.1175
Task 37 400 0.0925
GW 1.99125
Task 137 200 0.685
Task 507 800 0.63375
Task 186 800 0.2325
Task 40 200 0.2
Task 38 200 0.19
Task 5 100 0.05
GW 0
-------------
016
-------------
GW 1.9825
Task 142 200 0.71
Task 317 800 0.39625
Task 297 800 0.37125
Task 31 100 0.31
Task 42 400 0.105
Task 9 100 0.09
GW 1.98
Task 49 100 0.49
Task 384 800 0.48
Task 379 800 0.47375
Task 289 800 0.36125
Task 12 100 0.12
Task 11 200 0.055
GW 0
-------------
017
-------------
GW 1.98875
Task 128 200 0.64
Task 203 400 0.5075
Task 113 400 0.2825
Task 215 800 0.26875
Task 15 100 0.15
Task 28 200 0.14
GW 1.97875
Task 136 200 0.68
Task 459 800 0.57375
Task 31 100 0.31
Task 196 800 0.245
Task 10 100 0.1
Task 14 200 0.07
GW 0
-------------
018
-------------
GW 1.9775
Task 83 100 0.83
Task 104 200 0.52
Task 113 400 0.2825
Task 102 400 0.255
Task 9 200 0.045
Task 9 200 0.045
GW 1.965
Task 86 100 0.86
Task 64 100 0.64
Task 29 100 0.29
Task 6 100 0.06
Task 12 200 0.06
Task 11 200 0.055
GW 0
-------------
019
-------------
GW 1.99
Task 757 800 0.94625
Task 126 200 0.63
Task 29 200 0.145
Task 115 800 0.14375
Task 14 200 0.07
Task 44 800 0.055
GW 1.99375
Task 712 800 0.89
Task 500 800 0.625
Task 28 100 0.28
Task 65 800 0.08125
Task 50 800 0.0625
Task 11 200 0.055
GW 0
-------------
020
-------------
GW 1.98
Task 664 800 0.83
Task 38 100 0.38
Task 32 100 0.32
Task 48 200 0.24
Task 61 400 0.1525
Task 46 800 0.0575
GW 1.9875
Task 274 400 0.685
Task 432 800 0.54
Task 192 800 0.24
Task 93 400 0.2325
Task 22 100 0.22
Task 7 100 0.07
GW 0
-------------
021
-------------
GW 1.975
Task 88 100 0.88
Task 139 200 0.695
Task 37 200 0.185
Task 8 100 0.08
Task 7 100 0.07
Task 13 200 0.065
GW 1.9925
Task 571 800 0.71375
Task 141 400 0.3525
Task 253 800 0.31625
Task 87 400 0.2175
Task 20 100 0.2
Task 154 800 0.1925
GW 0
-------------
022
-------------
GW 1.9925
Task 613 800 0.76625
Task 122 200 0.61
Task 317 800 0.39625
Task 19 200 0.095
Task 13 200 0.065
Task 12 200 0.06
GW 1.98625
Task 629 800 0.78625
Task 68 100 0.68
Task 57 200 0.285
Task 21 200 0.105
Task 16 200 0.08
Task 5 100 0.05
GW 0
-------------
023
-------------
GW 1.99
Task 54 100 0.54
Task 105 200 0.525
Task 82 200 0.41
Task 42 200 0.21
Task 41 200 0.205
Task 10 100 0.1
GW 1.98
Task 110 200 0.55
Task 210 400 0.525
Task 43 100 0.43
Task 135 400 0.3375
Task 16 200 0.08
Task 23 400 0.0575
GW 0
-------------
024
-------------
GW 1.985
Task 98 100 0.98
Task 178 400 0.445
Task 114 400 0.285
Task 31 200 0.155
Task 13 200 0.065
Task 11 200 0.055
GW 1.975
Task 69 100 0.69
Task 128 200 0.64
Task 43 200 0.215
Task 40 200 0.2
Task 18 100 0.18
Task 40 800 0.05
GW 0
-------------
025
-------------
GW 1.99125
Task 86 100 0.86
Task 353 800 0.44125
Task 30 100 0.3
Task 140 800 0.175
Task 105 800 0.13125
Task 67 800 0.08375
GW 1.99625
Task 501 800 0.62625
Task 101 200 0.505
Task 333 800 0.41625
Task 155 800 0.19375
Task 154 800 0.1925
Task 25 400 0.0625
GW 0
-------------
026
-------------
GW 1.98
Task 66 100 0.66
Task 168 400 0.42
Task 33 100 0.33
Task 256 800 0.32
Task 14 100 0.14
Task 22 200 0.11
GW 1.99
Task 297 400 0.7425
Task 275 400 0.6875
Task 67 200 0.335
Task 46 400 0.115
Task 52 800 0.065
Task 9 200 0.045
GW 0
-------------
027
-------------
GW 1.99
Task 96 200 0.48
Task 183 400 0.4575
Task 127 400 0.3175
Task 60 200 0.3
Task 49 200 0.245
Task 152 800 0.19
GW 1.99625
Task 663 800 0.82875
Task 80 100 0.8
Task 165 800 0.20625
Task 47 800 0.05875
Task 42 800 0.0525
Task 10 200 0.05
GW 0
-------------
028
-------------
GW 1.99125
Task 778 800 0.9725
Task 485 800 0.60625
Task 106 400 0.265
Task 44 800 0.055
Task 9 200 0.045
Task 19 400 0.0475
GW 1.99
Task 194 200 0.97
Task 150 200 0.75
Task 18 200 0.09
Task 32 400 0.08
Task 10 200 0.05
Task 20 400 0.05
GW 0
-------------
029
-------------
GW 1.98625
Task 199 200 0.995
Task 56 100 0.56
Task 27 200 0.135
Task 11 100 0.11
Task 87 800 0.10875
Task 31 400 0.0775
GW 1.97875
Task 256 400 0.64
Task 242 400 0.605
Task 28 100 0.28
Task 157 800 0.19625
Task 16 100 0.16
Task 39 400 0.0975
GW 0
-------------
030
-------------
GW 1.98625
Task 88 100 0.88
Task 508 800 0.635
Task 39 200 0.195
Task 60 400 0.15
Task 14 200 0.07
Task 45 800 0.05625
GW 1.97625
Task 675 800 0.84375
Task 37 100 0.37
Task 129 400 0.3225
Task 30 100 0.3
Task 8 100 0.08
Task 12 200 0.06
GW 0
-------------
031
-------------
GW 1.99
Task 507 800 0.63375
Task 489 800 0.61125
Task 40 100 0.4
Task 130 800 0.1625
Task 49 400 0.1225
Task 12 200 0.06
GW 1.98
Task 67 100 0.67
Task 495 800 0.61875
Task 108 400 0.27
Task 199 800 0.24875
Task 11 100 0.11
Task 25 400 0.0625
GW 0
-------------
032
-------------
GW 1.98875
Task 265 400 0.6625
Task 401 800 0.50125
Task 66 200 0.33
Task 25 100 0.25
Task 58 400 0.145
Task 40 400 0.1
GW 1.98
Task 74 100 0.74
Task 42 100 0.42
Task 58 200 0.29
Task 48 200 0.24
Task 20 100 0.2
Task 9 100 0.09
GW 0
-------------
033
-------------
GW 1.98375
Task 181 200 0.905
Task 45 100 0.45
Task 51 200 0.255
Task 22 100 0.22
Task 81 800 0.10125
Task 21 400 0.0525
GW 1.985
Task 363 400 0.9075
Task 108 200 0.54
Task 252 800 0.315
Task 9 100 0.09
Task 7 100 0.07
Task 50 800 0.0625
GW 0
-------------
034
-------------
GW 1.9825
Task 188 200 0.94
Task 307 400 0.7675
Task 11 100 0.11
Task 44 800 0.055
Task 22 400 0.055
Task 11 200 0.055
GW 1.99
Task 75 100 0.75
Task 562 800 0.7025
Task 222 800 0.2775
Task 60 400 0.15
Task 12 200 0.06
Task 40 800 0.05
GW 0
-------------
035
-------------
GW 1.9875
Task 91 100 0.91
Task 137 200 0.685
Task 149 800 0.18625
Task 73 800 0.09125
Task 13 200 0.065
Task 5 100 0.05
GW 1.99625
Task 781 800 0.97625
Task 374 800 0.4675
Task 44 200 0.22
Task 106 800 0.1325
Task 47 400 0.1175
Task 66 800 0.0825
GW 0
-------------
036
-------------
GW 1.99
Task 221 400 0.5525
Task 402 800 0.5025
Task 100 200 0.5
Task 61 200 0.305
Task 7 100 0.07
Task 6 100 0.06
GW 1.99
Task 658 800 0.8225
Task 215 400 0.5375
Task 46 100 0.46
Task 48 800 0.06
Task 6 100 0.06
Task 10 200 0.05
GW 0
-------------
037
-------------
GW 1.99125
Task 272 400 0.68
Task 107 200 0.535
Task 234 800 0.2925
Task 207 800 0.25875
Task 32 200 0.16
Task 52 800 0.065
GW 1.98875
Task 659 800 0.82375
Task 136 200 0.68
Task 215 800 0.26875
Task 8 100 0.08
Task 59 800 0.07375
Task 25 400 0.0625
GW 0
-------------
038
-------------
GW 1.99
Task 118 200 0.59
Task 118 200 0.59
Task 103 200 0.515
Task 24 200 0.12
Task 83 800 0.10375
Task 57 800 0.07125
GW 1.99
Task 762 800 0.9525
Task 154 400 0.385
Task 101 400 0.2525
Task 38 200 0.19
Task 14 100 0.14
Task 7 100 0.07
GW 0
-------------
039
-------------
GW 1.98375
Task 712 800 0.89
Task 71 100 0.71
Task 158 800 0.1975
Task 51 800 0.06375
Task 12 200 0.06
Task 25 400 0.0625
GW 1.975
Task 137 200 0.685
Task 208 400 0.52
Task 51 100 0.51
Task 23 200 0.115
Task 17 200 0.085
Task 6 100 0.06
GW 0
-------------
040
-------------
GW 1.985
Task 93 200 0.465
Task 45 100 0.45
Task 37 100 0.37
Task 137 400 0.3425
Task 95 400 0.2375
Task 12 100 0.12
GW 1.98625
Task 191 200 0.955
Task 80 100 0.8
Task 14 200 0.07
Task 12 200 0.06
Task 41 800 0.05125
Task 20 400 0.05
GW 0
-------------
041
-------------
GW 1.985
Task 511 800 0.63875
Task 500 800 0.625
Task 36 100 0.36
Task 137 800 0.17125
Task 26 200 0.13
Task 12 200 0.06
GW 1.9825
Task 378 400 0.945
Task 115 200 0.575
Task 213 800 0.26625
Task 8 100 0.08
Task 6 100 0.06
Task 45 800 0.05625
GW 0
-------------
042
-------------
GW 1.9925
Task 60 100 0.6
Task 108 200 0.54
Task 173 400 0.4325
Task 180 800 0.225
Task 108 800 0.135
Task 24 400 0.06
GW 1.9875
Task 192 200 0.96
Task 79 200 0.395
Task 46 200 0.23
Task 61 400 0.1525
Task 28 200 0.14
Task 44 400 0.11
GW 0
-------------
043
-------------
GW 1.98
Task 520 800 0.65
Task 58 100 0.58
Task 32 100 0.32
Task 23 100 0.23
Task 27 200 0.135
Task 13 200 0.065
GW 1.97875
Task 74 100 0.74
Task 368 800 0.46
Task 40 100 0.4
Task 28 100 0.28
Task 20 400 0.05
Task 39 800 0.04875
GW 0
-------------
044
-------------
GW 1.98375
Task 748 800 0.935
Task 419 800 0.52375
Task 221 800 0.27625
Task 111 800 0.13875
Task 14 200 0.07
Task 4 100 0.04
GW 1.975
Task 127 200 0.635
Task 54 100 0.54
Task 164 400 0.41
Task 24 100 0.24
Task 9 100 0.09
Task 6 100 0.06
GW 0
-------------
045
-------------
GW 1.9925
Task 328 400 0.82
Task 305 800 0.38125
Task 233 800 0.29125
Task 115 400 0.2875
Task 29 200 0.145
Task 27 400 0.0675
GW 1.98
Task 59 100 0.59
Task 50 100 0.5
Task 328 800 0.41
Task 26 100 0.26
Task 64 400 0.16
Task 12 200 0.06
GW 0
-------------
046
-------------
GW 1.98625
Task 145 200 0.725
Task 448 800 0.56
Task 285 800 0.35625
Task 17 100 0.17
Task 49 400 0.1225
Task 42 800 0.0525
GW 1.9825
Task 323 400 0.8075
Task 45 100 0.45
Task 48 200 0.24
Task 20 100 0.2
Task 78 400 0.195
Task 9 100 0.09
GW 0
-------------
047
-------------
GW 1.9775
Task 188 200 0.94
Task 311 400 0.7775
Task 19 200 0.095
Task 7 100 0.07
Task 5 100 0.05
Task 9 200 0.045
GW 1.98625
Task 92 100 0.92
Task 320 800 0.4
Task 234 800 0.2925
Task 161 800 0.20125
Task 35 400 0.0875
Task 34 400 0.085
GW 0
-------------
048
-------------
GW 1.97625
Task 130 200 0.65
Task 329 800 0.41125
Task 238 800 0.2975
Task 28 100 0.28
Task 49 200 0.245
Task 37 400 0.0925
GW 1.98
Task 582 800 0.7275
Task 63 100 0.63
Task 90 200 0.45
Task 70 800 0.0875
Task 4 100 0.04
Task 9 200 0.045
GW 0
-------------
049
-------------
GW 1.99
Task 97 100 0.97
Task 277 400 0.6925
Task 22 200 0.11
Task 21 200 0.105
Task 25 400 0.0625
Task 40 800 0.05
GW 1.98
Task 95 100 0.95
Task 77 100 0.77
Task 9 100 0.09
Task 28 400 0.07
Task 10 200 0.05
Task 20 400 0.05
GW 0
-------------
050
-------------
GW 1.99
Task 76 100 0.76
Task 32 100 0.32
Task 116 400 0.29
Task 114 400 0.285
Task 37 200 0.185
Task 30 200 0.15
GW 1.985
Task 654 800 0.8175
Task 476 800 0.595
Task 181 800 0.22625
Task 20 100 0.2
Task 73 800 0.09125
Task 11 200 0.055
GW 0
-------------
051
-------------
GW 1.99125
Task 208 400 0.52
Task 99 200 0.495
Task 359 800 0.44875
Task 48 200 0.24
Task 22 100 0.22
Task 27 400 0.0675
GW 1.99
Task 376 400 0.94
Task 74 100 0.74
Task 33 200 0.165
Task 21 400 0.0525
Task 9 200 0.045
Task 19 400 0.0475
GW 0
-------------
052
-------------
GW 1.9875
Task 390 400 0.975
Task 34 100 0.34
Task 23 100 0.23
Task 38 200 0.19
Task 114 800 0.1425
Task 22 200 0.11
GW 1.98625
Task 498 800 0.6225
Task 87 200 0.435
Task 41 100 0.41
Task 303 800 0.37875
Task 16 200 0.08
Task 6 100 0.06
GW 0
-------------
053
-------------
GW 1.98125
Task 90 100 0.9
Task 653 800 0.81625
Task 30 400 0.075
Task 28 400 0.07
Task 6 100 0.06
Task 6 100 0.06
GW 1.99375
Task 394 400 0.985
Task 279 400 0.6975
Task 79 800 0.09875
Task 8 100 0.08
Task 58 800 0.0725
Task 12 200 0.06
GW 0
-------------
054
-------------
GW 1.98625
Task 600 800 0.75
Task 203 400 0.5075
Task 54 200 0.27
Task 218 800 0.2725
Task 93 800 0.11625
Task 7 100 0.07
GW 1.98625
Task 46 100 0.46
Task 356 800 0.445
Task 310 800 0.3875
Task 30 100 0.3
Task 48 200 0.24
Task 123 800 0.15375
GW 0
-------------
055
-------------
GW 1.98375
Task 79 100 0.79
Task 62 100 0.62
Task 247 800 0.30875
Task 10 100 0.1
Task 10 100 0.1
Task 52 800 0.065
GW 1.985
Task 78 100 0.78
Task 349 800 0.43625
Task 40 100 0.4
Task 23 100 0.23
Task 7 100 0.07
Task 55 800 0.06875
GW 0
-------------
056
-------------
GW 1.985
Task 132 200 0.66
Task 119 200 0.595
Task 346 800 0.4325
Task 61 400 0.1525
Task 8 100 0.08
Task 13 200 0.065
GW 1.99
Task 135 200 0.675
Task 79 200 0.395
Task 138 400 0.345
Task 214 800 0.2675
Task 64 400 0.16
Task 59 400 0.1475
GW 0
-------------
057
-------------
GW 1.9825
Task 135 200 0.675
Task 254 400 0.635
Task 147 400 0.3675
Task 13 100 0.13
Task 38 400 0.095
Task 16 200 0.08
GW 1.97625
Task 232 400 0.58
Task 95 200 0.475
Task 45 100 0.45
Task 22 100 0.22
Task 20 100 0.2
Task 41 800 0.05125
GW 0
-------------
058
-------------
GW 1.985
Task 90 100 0.9
Task 223 400 0.5575
Task 199 800 0.24875
Task 107 800 0.13375
Task 9 100 0.09
Task 11 200 0.055
GW 1.985
Task 77 100 0.77
Task 58 100 0.58
Task 225 800 0.28125
Task 34 200 0.17
Task 103 800 0.12875
Task 44 800 0.055
GW 0
-------------
059
-------------
GW 1.98875
Task 88 100 0.88
Task 118 200 0.59
Task 136 400 0.34
Task 63 800 0.07875
Task 10 200 0.05
Task 10 200 0.05
GW 1.9875
Task 189 200 0.945
Task 271 400 0.6775
Task 60 400 0.15
Task 11 100 0.11
Task 44 800 0.055
Task 20 400 0.05
GW 0
-------------
060
-------------
GW 1.99
Task 740 800 0.925
Task 46 100 0.46
Task 154 800 0.1925
Task 34 200 0.17
Task 64 400 0.16
Task 66 800 0.0825
GW 1.9725
Task 89 100 0.89
Task 119 200 0.595
Task 46 200 0.23
Task 15 100 0.15
Task 23 400 0.0575
Task 10 200 0.05
GW 0
-------------
061
-------------
GW 1.9875
Task 100 200 0.5
Task 42 100 0.42
Task 309 800 0.38625
Task 64 200 0.32
Task 168 800 0.21
Task 121 800 0.15125
GW 1.99
Task 143 200 0.715
Task 441 800 0.55125
Task 388 800 0.485
Task 83 800 0.10375
Task 32 400 0.08
Task 22 400 0.055
GW 0
-------------
062
-------------
GW 1.99
Task 171 200 0.855
Task 186 400 0.465
Task 51 200 0.255
Task 90 400 0.225
Task 12 100 0.12
Task 14 200 0.07
GW 1.9875
Task 574 800 0.7175
Task 261 400 0.6525
Task 258 800 0.3225
Task 12 100 0.12
Task 9 100 0.09
Task 34 400 0.085
GW 0
-------------
063
-------------
GW 1.9925
Task 353 400 0.8825
Task 579 800 0.72375
Task 191 800 0.23875
Task 10 200 0.05
Task 20 400 0.05
Task 19 400 0.0475
GW 1.98875
Task 290 400 0.725
Task 517 800 0.64625
Task 92 200 0.46
Task 12 200 0.06
Task 5 100 0.05
Task 19 400 0.0475
GW 0
-------------
064
-------------
GW 1.98375
Task 655 800 0.81875
Task 210 400 0.525
Task 133 400 0.3325
Task 18 100 0.18
Task 54 800 0.0675
Task 6 100 0.06
GW 1.99125
Task 168 200 0.84
Task 80 200 0.4
Task 243 800 0.30375
Task 39 200 0.195
Task 29 200 0.145
Task 43 400 0.1075
GW 0
-------------
065
-------------
GW 1.99
Task 714 800 0.8925
Task 55 100 0.55
Task 309 800 0.38625
Task 49 800 0.06125
Task 20 400 0.05
Task 20 400 0.05
GW 1.99375
Task 193 200 0.965
Task 518 800 0.6475
Task 68 400 0.17
Task 32 400 0.08
Task 60 800 0.075
Task 45 800 0.05625
GW 0
-------------
066
-------------
GW 1.98875
Task 585 800 0.73125
Task 197 400 0.4925
Task 114 400 0.285
Task 96 400 0.24
Task 13 100 0.13
Task 22 200 0.11
GW 1.9875
Task 648 800 0.81
Task 46 100 0.46
Task 87 400 0.2175
Task 147 800 0.18375
Task 135 800 0.16875
Task 59 400 0.1475
GW 0
-------------
067
-------------
GW 1.97625
Task 348 400 0.87
Task 58 100 0.58
Task 115 400 0.2875
Task 119 800 0.14875
Task 5 100 0.05
Task 4 100 0.04
GW 1.99
Task 157 200 0.785
Task 267 400 0.6675
Task 158 400 0.395
Task 10 200 0.05
Task 19 400 0.0475
Task 9 200 0.045
GW 0
-------------
068
-------------
GW 1.98875
Task 520 800 0.65
Task 234 400 0.585
Task 255 800 0.31875
Task 240 800 0.3
Task 17 200 0.085
Task 5 100 0.05
GW 1.99125
Task 98 100 0.98
Task 338 800 0.4225
Task 295 800 0.36875
Task 10 100 0.1
Task 6 100 0.06
Task 12 200 0.06
GW 0
-------------
069
-------------
GW 1.99375
Task 366 400 0.915
Task 218 400 0.545
Task 207 800 0.25875
Task 45 400 0.1125
Task 74 800 0.0925
Task 56 800 0.07
GW 1.9875
Task 162 200 0.81
Task 279 800 0.34875
Task 219 800 0.27375
Task 206 800 0.2575
Task 16 100 0.16
Task 55 400 0.1375
GW 0
-------------
070
-------------
GW 1.985
Task 94 200 0.47
Task 374 800 0.4675
Task 173 400 0.4325
Task 26 100 0.26
Task 37 200 0.185
Task 136 800 0.17
GW 1.98875
Task 82 100 0.82
Task 546 800 0.6825
Task 211 800 0.26375
Task 94 800 0.1175
Task 22 400 0.055
Task 20 400 0.05
GW 0
-------------
071
-------------
GW 1.9875
Task 74 100 0.74
Task 239 400 0.5975
Task 374 800 0.4675
Task 8 100 0.08
Task 42 800 0.0525
Task 10 200 0.05
GW 1.99125
Task 89 100 0.89
Task 147 400 0.3675
Task 51 200 0.255
Task 171 800 0.21375
Task 168 800 0.21
Task 11 200 0.055
GW 0
-------------
072
-------------
GW 1.98375
Task 198 200 0.99
Task 411 800 0.51375
Task 60 200 0.3
Task 7 100 0.07
Task 48 800 0.06
Task 20 400 0.05
GW 1.98375
Task 147 200 0.735
Task 46 100 0.46
Task 237 800 0.29625
Task 49 200 0.245
Task 75 400 0.1875
Task 6 100 0.06
GW 0
-------------
073
-------------
GW 1.97125
Task 176 200 0.88
Task 116 200 0.58
Task 24 100 0.24
Task 89 800 0.11125
Task 9 100 0.09
Task 7 100 0.07
GW 1.98625
Task 257 400 0.6425
Task 121 200 0.605
Task 37 100 0.37
Task 119 800 0.14875
Task 49 400 0.1225
Task 39 400 0.0975
GW 0
-------------
074
-------------
GW 1.98375
Task 90 100 0.9
Task 145 400 0.3625
Task 98 400 0.245
Task 91 400 0.2275
Task 139 800 0.17375
Task 15 200 0.075
GW 1.98125
Task 65 100 0.65
Task 64 100 0.64
Task 76 200 0.38
Task 151 800 0.18875
Task 54 800 0.0675
Task 22 400 0.055
GW 0
-------------
075
-------------
GW 1.98375
Task 242 400 0.605
Task 50 100 0.5
Task 357 800 0.44625
Task 51 200 0.255
Task 44 400 0.11
Task 27 400 0.0675
GW 1.99375
Task 389 400 0.9725
Task 88 200 0.44
Task 267 800 0.33375
Task 96 800 0.12
Task 59 800 0.07375
Task 43 800 0.05375
GW 0
-------------
076
-------------
GW 1.98
Task 191 200 0.955
Task 177 400 0.4425
Task 26 100 0.26
Task 31 200 0.155
Task 18 200 0.09
Task 62 800 0.0775
GW 1.98
Task 178 200 0.89
Task 64 100 0.64
Task 35 200 0.175
Task 124 800 0.155
Task 26 400 0.065
Task 11 200 0.055
GW 0
-------------
077
-------------
GW 1.99125
Task 743 800 0.92875
Task 247 400 0.6175
Task 36 200 0.18
Task 24 200 0.12
Task 64 800 0.08
Task 13 200 0.065
GW 1.98
Task 63 100 0.63
Task 377 800 0.47125
Task 299 800 0.37375
Task 59 200 0.295
Task 14 100 0.14
Task 7 100 0.07
GW 0
-------------
078
-------------
GW 1.98125
Task 96 100 0.96
Task 82 100 0.82
Task 23 400 0.0575
Task 19 400 0.0475
Task 39 800 0.04875
Task 19 400 0.0475
GW 1.98625
Task 133 200 0.665
Task 102 200 0.51
Task 187 400 0.4675
Task 135 800 0.16875
Task 36 400 0.09
Task 17 200 0.085
GW 0
-------------
079
-------------
GW 1.99125
Task 653 800 0.81625
Task 46 100 0.46
Task 62 200 0.31
Task 58 400 0.145
Task 14 100 0.14
Task 24 200 0.12
GW 1.98
Task 696 800 0.87
Task 147 400 0.3675
Task 29 100 0.29
Task 67 400 0.1675
Task 16 100 0.16
Task 50 400 0.125
GW 0
-------------
080
-------------
GW 1.98375
Task 63 100 0.63
Task 226 400 0.565
Task 152 400 0.38
Task 131 800 0.16375
Task 31 200 0.155
Task 36 400 0.09
GW 1.9825
Task 198 200 0.99
Task 138 400 0.345
Task 226 800 0.2825
Task 17 100 0.17
Task 21 200 0.105
Task 72 800 0.09
GW 0
-------------
081
-------------
GW 1.98
Task 776 800 0.97
Task 256 800 0.32
Task 31 100 0.31
Task 40 200 0.2
Task 13 100 0.13
Task 5 100 0.05
GW 1.98
Task 177 200 0.885
Task 82 100 0.82
Task 8 100 0.08
Task 32 400 0.08
Task 52 800 0.065
Task 5 100 0.05
GW 0
-------------
082
-------------
GW 1.985
Task 86 100 0.86
Task 77 200 0.385
Task 112 400 0.28
Task 110 400 0.275
Task 22 200 0.11
Task 15 200 0.075
GW 1.9725
Task 86 100 0.86
Task 46 100 0.46
Task 27 100 0.27
Task 87 400 0.2175
Task 19 200 0.095
Task 7 100 0.07
GW 0
-------------
083
-------------
GW 1.9775
Task 275 400 0.6875
Task 136 200 0.68
Task 62 200 0.31
Task 17 100 0.17
Task 7 100 0.07
Task 24 400 0.06
GW 1.99375
Task 765 800 0.95625
Task 347 800 0.43375
Task 26 100 0.26
Task 197 800 0.24625
Task 20 400 0.05
Task 19 400 0.0475
GW 0
-------------
084
-------------
GW 1.99125
Task 193 200 0.965
Task 623 800 0.77875
Task 27 400 0.0675
Task 13 200 0.065
Task 48 800 0.06
Task 22 400 0.055
GW 1.98875
Task 86 100 0.86
Task 356 800 0.445
Task 76 200 0.38
Task 19 100 0.19
Task 6 100 0.06
Task 43 800 0.05375
GW 0
-------------
085
-------------
GW 1.9775
Task 299 400 0.7475
Task 403 800 0.50375
Task 40 100 0.4
Task 65 400 0.1625
Task 9 100 0.09
Task 59 800 0.07375
GW 1.9925
Task 643 800 0.80375
Task 200 400 0.5
Task 149 400 0.3725
Task 15 100 0.15
Task 43 400 0.1075
Task 47 800 0.05875
GW 0
-------------
086
-------------
GW 1.9925
Task 134 200 0.67
Task 386 800 0.4825
Task 188 400 0.47
Task 200 800 0.25
Task 12 200 0.06
Task 6 100 0.06
GW 1.985
Task 147 200 0.735
Task 127 200 0.635
Task 106 400 0.265
Task 32 200 0.16
Task 21 200 0.105
Task 17 200 0.085
GW 0
-------------
087
-------------
GW 1.97625
Task 143 200 0.715
Task 64 100 0.64
Task 30 100 0.3
Task 28 200 0.14
Task 50 400 0.125
Task 45 800 0.05625
GW 1.98625
Task 80 100 0.8
Task 65 200 0.325
Task 110 400 0.275
Task 47 200 0.235
Task 20 100 0.2
Task 121 800 0.15125
GW 0
-------------
088
-------------
GW 1.99
Task 375 400 0.9375
Task 67 200 0.335
Task 58 200 0.29
Task 209 800 0.26125
Task 85 800 0.10625
Task 6 100 0.06
GW 1.99375
Task 395 400 0.9875
Task 81 200 0.405
Task 151 400 0.3775
Task 95 800 0.11875
Task 11 200 0.055
Task 40 800 0.05
GW 0
-------------
089
-------------
GW 1.965
Task 96 100 0.96
Task 37 100 0.37
Task 67 200 0.335
Task 17 100 0.17
Task 8 100 0.08
Task 5 100 0.05
GW 1.98375
Task 772 800 0.965
Task 145 400 0.3625
Task 193 800 0.24125
Task 20 100 0.2
Task 11 100 0.11
Task 21 200 0.105
GW 0
-------------
090
-------------
GW 1.99125
Task 616 800 0.77
Task 577 800 0.72125
Task 146 800 0.1825
Task 110 800 0.1375
Task 11 100 0.11
Task 7 100 0.07
GW 1.9775
Task 66 100 0.66
Task 36 100 0.36
Task 61 200 0.305
Task 56 200 0.28
Task 27 100 0.27
Task 41 400 0.1025
GW 0
-------------
091
-------------
GW 1.98875
Task 159 200 0.795
Task 113 200 0.565
Task 21 100 0.21
Task 76 400 0.19
Task 127 800 0.15875
Task 28 400 0.07
GW 1.9875
Task 602 800 0.7525
Task 199 400 0.4975
Task 121 400 0.3025
Task 168 800 0.21
Task 12 100 0.12
Task 42 400 0.105
GW 0
-------------
092
-------------
GW 1.985
Task 76 100 0.76
Task 126 200 0.63
Task 54 200 0.27
Task 75 400 0.1875
Task 29 400 0.0725
Task 13 200 0.065
GW 1.98875
Task 485 800 0.60625
Task 47 100 0.47
Task 37 100 0.37
Task 107 400 0.2675
Task 17 100 0.17
Task 84 800 0.105
GW 0
-------------
093
-------------
GW 1.985
Task 95 100 0.95
Task 94 200 0.47
Task 47 200 0.235
Task 17 100 0.17
Task 34 400 0.085
Task 30 400 0.075
GW 1.985
Task 583 800 0.72875
Task 102 200 0.51
Task 97 400 0.2425
Task 179 800 0.22375
Task 34 200 0.17
Task 22 200 0.11
GW 0
-------------
094
-------------
GW 1.99125
Task 87 100 0.87
Task 205 400 0.5125
Task 29 100 0.29
Task 110 800 0.1375
Task 85 800 0.10625
Task 15 200 0.075
GW 1.99
Task 129 200 0.645
Task 346 800 0.4325
Task 142 400 0.355
Task 87 400 0.2175
Task 35 200 0.175
Task 33 200 0.165
GW 0
-------------
095
-------------
GW 1.99
Task 382 400 0.955
Task 78 200 0.39
Task 98 400 0.245
Task 38 200 0.19
Task 32 200 0.16
Task 5 100 0.05
GW 1.98
Task 145 200 0.725
Task 284 400 0.71
Task 24 100 0.24
Task 17 100 0.17
Task 8 100 0.08
Task 11 200 0.055
GW 0
-------------
096
-------------
GW 1.97875
Task 86 100 0.86
Task 648 800 0.81
Task 115 800 0.14375
Task 7 100 0.07
Task 5 100 0.05
Task 9 200 0.045
GW 1.98
Task 197 200 0.985
Task 424 800 0.53
Task 44 200 0.22
Task 12 100 0.12
Task 15 200 0.075
Task 5 100 0.05
GW 0
-------------
097
-------------
GW 1.9775
Task 277 400 0.6925
Task 499 800 0.62375
Task 31 100 0.31
Task 36 200 0.18
Task 9 100 0.09
Task 65 800 0.08125
GW 1.99125
Task 60 100 0.6
Task 220 400 0.55
Task 167 400 0.4175
Task 22 100 0.22
Task 60 400 0.15
Task 43 800 0.05375
GW 0
-------------
098
-------------
GW 1.9825
Task 301 400 0.7525
Task 99 200 0.495
Task 74 200 0.37
Task 52 200 0.26
Task 6 100 0.06
Task 9 200 0.045
GW 1.9725
Task 89 100 0.89
Task 71 100 0.71
Task 13 100 0.13
Task 47 400 0.1175
Task 16 200 0.08
Task 9 200 0.045
GW 0
-------------
099
-------------
GW 1.985
Task 157 200 0.785
Task 189 400 0.4725
Task 64 200 0.32
Task 19 100 0.19
Task 47 400 0.1175
Task 20 200 0.1
GW 1.98375
Task 90 100 0.9
Task 50 100 0.5
Task 30 100 0.3
Task 51 400 0.1275
Task 33 400 0.0825
Task 59 800 0.07375
GW 0
-------------
100
-------------
