Meet_R
NOFLD	myOFLD	AOFLDC	SeGW
1	0.9998	0.856734	0.966549	
1	0.969473	0.846924	0.87869	
0.572212	0.97249	0.829472	0.778642	
0.379453	0.912039	0.854721	0.753757	
1	1	0.765538	0.962037	
1	0.977689	0.759004	0.850523	
0.61467	0.964357	0.725137	0.718386	
0.468501	0.888953	0.741163	0.687248	
1	1	0.549466	0.961815	
1	0.979356	0.614018	0.844682	
0.634498	0.943058	0.576988	0.66846	
0.49562	0.843475	0.583295	0.638612	
1	1	0.40124	0.954936	
1	0.977324	0.426149	0.838903	
0.662208	0.923368	0.409201	0.669021	
0.511492	0.813957	0.413264	0.601414	
1	1	0.238065	0.942337	
1	0.982735	0.253963	0.83758	
0.679264	0.922092	0.264623	0.681268	
0.549404	0.771089	0.261845	0.587301	
1	1	0.135733	0.934714	
1	0.992563	0.146796	0.826708	
0.697561	0.90759	0.130394	0.692247	
0.573442	0.763754	0.139113	0.598433	


Energy
NOFLD	myOFLD	AOFLDC	SeGW
12329.2	10553.4	9626.63	11886.8	
17531.3	10946.9	9632.87	13760.4	
17608.8	10338.1	9543	12955.2	
17608.8	10127.5	9497.83	11965.5	
12314.9	11062.1	10048.4	12029.3	
17512	11822.7	10013.3	14550	
17608.8	11277.1	10092.6	15066.7	
17608.8	10881.1	10010.7	13717.8	
12288.5	11505.3	10363	12171.4	
17496.4	12666.2	10345.5	15225.7	
17608.8	12487.2	10345.7	16041.2	
17608.8	11580.9	10266.3	14968.9	
12264.8	11551.9	10455.3	12121.5	
17464.3	13320.8	10425.3	15522.5	
17608.8	13175.9	10455	16676.4	
17608.8	12313.2	10415.4	15896	
12251.2	11622.1	10522.6	12075	
17433.4	14384.7	10507.1	15738	
17608.8	14097	10502.4	17131.4	
17608.8	13250.5	10503.2	16760.6	
12238.2	11593.3	10513.2	12026.4	
17402	14939.9	10512.6	15715.8	
17608.8	15148.1	10509.9	17282.4	
17608.8	14058.3	10506.4	17257.2	


Resp
NOFLD	myOFLD	AOFLDC	SeGW
615635	622873	927269	601654	
1572260	1066244	973576	825916	
924350	1319993	1064018	870485	
655820	1395594	1269204	1034822	
720325	731790	1340378	740245	
1907115	1360192	1305496	1018357	
1337140	1798216	1377184	1052128	
1019105	1875698	1484030	1210230	
827680	828934	1443299	899574	
2283330	1695207	1621717	1179756	
1686265	2274053	1553682	1185455	
1373665	2295544	1512448	1339130	
929335	934925	1337452	1020945	
2611130	1973707	1380070	1316510	
2118220	2689808	1390516	1348819	
1757210	2743991	1342215	1469202	
1137430	1173867	1031312	1339637	
3270590	2580046	1096567	1701571	
2709295	3586113	1164159	1695408	
2496320	3570753	1197511	1805949	
1331760	1390574	709622	1553834	
3844355	3197669	778772	2100989	
3143315	4192828	733490	2030053	
2981595	4394656	744610	2117038	


CloudEng
NOFLD	myOFLD	AOFLDC	SeGW
0	72330	307920	23956	
0	388276	596487	203246	
0	789992	882975	522339	
0	1071833	1165919	898420	
0	34352	302315	11794	
0	309340	586661	132976	
0	701753	860652	312652	
0	1011300	1122138	690607	
0	5832	287389	0	
0	232042	555547	71925	
0	564471	811322	189152	
0	906729	1054257	485944	
0	1030	269317	0	
0	162619	512830	40075	
0	490076	742719	109406	
0	791648	964071	317896	
0	0	241643	0	
0	49404	441956	11518	
0	380975	637515	46809	
0	639587	818623	169004	
0	0	210069	0	
0	13487	376721	1619	
0	240565	533530	29403	
0	511170	693194	66920	


FogEng
NOFLD	myOFLD	AOFLDC	SeGW
10328	12536	10328	10328	
10328	12704	10328	10328	
10328	11454	10328	10328	
10328	10994	10328	10328	
10328	12461	10328	10328	
10328	13228	10328	10328	
10328	13228	10328	10328	
10328	12216	10328	10328	
10328	12142	10328	10328	
10328	13986	10328	10328	
10328	14395	10328	10328	
10328	13362	10328	10328	
10328	12085	10328	10328	
10328	14487	10328	10328	
10328	14423	10328	10328	
10328	14450	10328	10328	
10328	11932	10328	10328	
10328	15317	10328	10328	
10328	14866	10328	10328	
10328	14920	10328	10328	
10328	12098	10328	10328	
10328	15408	10328	10328	
10328	14368	10328	10328	
10328	15037	10328	10328	


GW_Eng
GW1	GW2	GW3
10359.9	10746.9	12537.6
10808.6	11085.3	12705.1
10290.7	10385.5	11454.7
10100	10155	10995.2
11154.7	10969.6	12462.4
11695.1	11950.2	13229
11257.9	11296.3	13228.8
10935.6	10826.5	12217.2
11437.5	11573.2	12143.3
12273.9	13058.5	13987.4
12409.3	12565	14395.9
11522.6	11639.2	13363.2
11520	11583.9	12086.6
13117.6	13524	14488.1
13062.7	13289.2	14424
12214.8	12411.6	14450.7
11655.2	11589	11933.4
14129.1	14640.2	15318.2
14175.1	14018.9	14867.5
13249	13252	14920.7
11547.6	11638.9	12098.9
14995.4	14884.4	15409
15019.7	15276.4	14369.1
14112.4	14004.3	15038.2


