GW 0.485
Task 15 100 0.15
Task 14 100 0.14
Task 5 100 0.05
Task 39 800 0.04875
Task 19 400 0.0475
Task 39 800 0.04875
GW 0.4825
Task 84 400 0.21
Task 55 800 0.06875
Task 13 200 0.065
Task 5 100 0.05
Task 39 800 0.04875
Task 4 100 0.04
GW 0
-------------
001
-------------
GW 0.48
Task 64 400 0.16
Task 8 100 0.08
Task 16 200 0.08
Task 48 800 0.06
Task 10 200 0.05
Task 40 800 0.05
GW 0.48
Task 40 200 0.2
Task 28 400 0.07
Task 26 400 0.065
Task 44 800 0.055
Task 5 100 0.05
Task 4 100 0.04
GW 0
-------------
002
-------------
GW 0.48
Task 96 800 0.12
Task 11 100 0.11
Task 9 100 0.09
Task 24 400 0.06
Task 10 200 0.05
Task 10 200 0.05
GW 0.4825
Task 42 200 0.21
Task 6 100 0.06
Task 54 800 0.0675
Task 20 400 0.05
Task 10 200 0.05
Task 9 200 0.045
GW 0
-------------
003
-------------
GW 0.49375
Task 46 200 0.23
Task 50 800 0.0625
Task 21 400 0.0525
Task 20 400 0.05
Task 10 200 0.05
Task 39 800 0.04875
GW 0.48375
Task 111 800 0.13875
Task 12 100 0.12
Task 6 100 0.06
Task 6 100 0.06
Task 45 800 0.05625
Task 39 800 0.04875
GW 0
-------------
004
-------------
GW 0.48125
Task 105 800 0.13125
Task 21 200 0.105
Task 9 100 0.09
Task 11 200 0.055
Task 5 100 0.05
Task 20 400 0.05
GW 0.495
Task 31 200 0.155
Task 20 200 0.1
Task 68 800 0.085
Task 11 200 0.055
Task 5 100 0.05
Task 40 800 0.05
GW 0
-------------
005
-------------
GW 0.47875
Task 162 800 0.2025
Task 7 100 0.07
Task 14 200 0.07
Task 39 800 0.04875
Task 4 100 0.04
Task 19 400 0.0475
GW 0.48
Task 181 800 0.22625
Task 7 100 0.07
Task 20 400 0.05
Task 4 100 0.04
Task 9 200 0.045
Task 39 800 0.04875
GW 0
-------------
006
-------------
GW 0.49
Task 70 400 0.175
Task 43 400 0.1075
Task 55 800 0.06875
Task 39 800 0.04875
Task 9 200 0.045
Task 9 200 0.045
GW 0.495
Task 48 400 0.12
Task 84 800 0.105
Task 8 100 0.08
Task 7 100 0.07
Task 28 400 0.07
Task 10 200 0.05
GW 0
-------------
007
-------------
GW 0.4825
Task 10 100 0.1
Task 10 100 0.1
Task 40 400 0.1
Task 12 200 0.06
Task 25 400 0.0625
Task 12 200 0.06
GW 0.49125
Task 98 800 0.1225
Task 97 800 0.12125
Task 19 200 0.095
Task 21 400 0.0525
Task 5 100 0.05
Task 10 200 0.05
GW 0
-------------
008
-------------
GW 0.49
Task 24 100 0.24
Task 23 400 0.0575
Task 39 800 0.04875
Task 39 800 0.04875
Task 19 400 0.0475
Task 19 400 0.0475
GW 0.48625
Task 15 100 0.15
Task 98 800 0.1225
Task 24 400 0.06
Task 5 100 0.05
Task 43 800 0.05375
Task 5 100 0.05
GW 0
-------------
009
-------------
GW 0.4925
Task 25 200 0.125
Task 97 800 0.12125
Task 15 200 0.075
Task 58 800 0.0725
Task 10 200 0.05
Task 39 800 0.04875
GW 0.475
Task 21 100 0.21
Task 14 200 0.07
Task 11 200 0.055
Task 5 100 0.05
Task 9 200 0.045
Task 9 200 0.045
GW 0
-------------
010
-------------
GW 0.4875
Task 23 100 0.23
Task 23 400 0.0575
Task 5 100 0.05
Task 20 400 0.05
Task 40 800 0.05
Task 20 400 0.05
GW 0.47625
Task 30 200 0.15
Task 12 100 0.12
Task 6 100 0.06
Task 45 800 0.05625
Task 10 200 0.05
Task 4 100 0.04
GW 0
-------------
011
-------------
GW 0.4875
Task 19 100 0.19
Task 64 800 0.08
Task 14 200 0.07
Task 42 800 0.0525
Task 10 200 0.05
Task 9 200 0.045
GW 0.48
Task 24 100 0.24
Task 5 100 0.05
Task 10 200 0.05
Task 19 400 0.0475
Task 9 200 0.045
Task 19 400 0.0475
GW 0
-------------
012
-------------
GW 0.4825
Task 151 800 0.18875
Task 6 100 0.06
Task 6 100 0.06
Task 25 400 0.0625
Task 49 800 0.06125
Task 10 200 0.05
GW 0.4925
Task 18 100 0.18
Task 30 400 0.075
Task 7 100 0.07
Task 50 800 0.0625
Task 44 800 0.055
Task 5 100 0.05
GW 0
-------------
013
-------------
GW 0.4825
Task 46 200 0.23
Task 6 100 0.06
Task 10 200 0.05
Task 39 800 0.04875
Task 39 800 0.04875
Task 9 200 0.045
GW 0.48625
Task 128 800 0.16
Task 40 400 0.1
Task 51 800 0.06375
Task 5 100 0.05
Task 46 800 0.0575
Task 44 800 0.055
GW 0
-------------
014
-------------
GW 0.49
Task 23 100 0.23
Task 23 400 0.0575
Task 5 100 0.05
Task 42 800 0.0525
Task 20 400 0.05
Task 20 400 0.05
GW 0.4875
Task 70 400 0.175
Task 57 800 0.07125
Task 55 800 0.06875
Task 54 800 0.0675
Task 6 100 0.06
Task 9 200 0.045
GW 0
-------------
015
-------------
GW 0.4775
Task 20 100 0.2
Task 8 100 0.08
Task 5 100 0.05
Task 42 800 0.0525
Task 10 200 0.05
Task 9 200 0.045
GW 0.4775
Task 13 100 0.13
Task 9 100 0.09
Task 9 100 0.09
Task 27 400 0.0675
Task 5 100 0.05
Task 5 100 0.05
GW 0
-------------
016
-------------
GW 0.485
Task 14 100 0.14
Task 23 200 0.115
Task 32 400 0.08
Task 5 100 0.05
Task 42 800 0.0525
Task 19 400 0.0475
GW 0.4775
Task 88 400 0.22
Task 16 200 0.08
Task 9 200 0.045
Task 9 200 0.045
Task 19 400 0.0475
Task 4 100 0.04
GW 0
-------------
017
-------------
GW 0.49
Task 94 800 0.1175
Task 17 200 0.085
Task 68 800 0.085
Task 66 800 0.0825
Task 7 100 0.07
Task 5 100 0.05
GW 0.49375
Task 86 400 0.215
Task 25 400 0.0625
Task 49 800 0.06125
Task 47 800 0.05875
Task 39 800 0.04875
Task 19 400 0.0475
GW 0
-------------
018
-------------
GW 0.47
Task 12 100 0.12
Task 21 200 0.105
Task 15 200 0.075
Task 26 400 0.065
Task 5 100 0.05
Task 11 200 0.055
GW 0.485
Task 14 100 0.14
Task 102 800 0.1275
Task 13 200 0.065
Task 42 800 0.0525
Task 10 200 0.05
Task 40 800 0.05
GW 0
-------------
019
-------------
GW 0.48
Task 126 800 0.1575
Task 43 400 0.1075
Task 7 100 0.07
Task 21 400 0.0525
Task 21 400 0.0525
Task 4 100 0.04
GW 0.47625
Task 50 200 0.25
Task 20 400 0.05
Task 4 100 0.04
Task 39 800 0.04875
Task 19 400 0.0475
Task 4 100 0.04
GW 0
-------------
020
-------------
GW 0.4825
Task 21 100 0.21
Task 29 400 0.0725
Task 46 800 0.0575
Task 10 200 0.05
Task 9 200 0.045
Task 19 400 0.0475
GW 0.48375
Task 50 200 0.25
Task 5 100 0.05
Task 39 800 0.04875
Task 9 200 0.045
Task 9 200 0.045
Task 9 200 0.045
GW 0
-------------
021
-------------
GW 0.4725
Task 79 400 0.1975
Task 8 100 0.08
Task 24 400 0.06
Task 10 200 0.05
Task 9 200 0.045
Task 4 100 0.04
GW 0.49125
Task 72 400 0.18
Task 42 400 0.105
Task 25 400 0.0625
Task 41 800 0.05125
Task 19 400 0.0475
Task 9 200 0.045
GW 0
-------------
022
-------------
GW 0.4925
Task 29 200 0.145
Task 88 800 0.11
Task 60 800 0.075
Task 26 400 0.065
Task 5 100 0.05
Task 19 400 0.0475
GW 0.48
Task 27 200 0.135
Task 50 400 0.125
Task 26 400 0.065
Task 12 200 0.06
Task 5 100 0.05
Task 9 200 0.045
GW 0
-------------
023
-------------
GW 0.48125
Task 203 800 0.25375
Task 9 200 0.045
Task 19 400 0.0475
Task 19 400 0.0475
Task 4 100 0.04
Task 19 400 0.0475
GW 0.485
Task 19 100 0.19
Task 29 400 0.0725
Task 12 200 0.06
Task 25 400 0.0625
Task 21 400 0.0525
Task 19 400 0.0475
GW 0
-------------
024
-------------
GW 0.4875
Task 21 100 0.21
Task 7 100 0.07
Task 6 100 0.06
Task 10 200 0.05
Task 40 800 0.05
Task 19 400 0.0475
GW 0.4925
Task 52 400 0.13
Task 26 200 0.13
Task 61 800 0.07625
Task 12 200 0.06
Task 39 800 0.04875
Task 19 400 0.0475
GW 0
-------------
025
-------------
GW 0.48
Task 14 100 0.14
Task 28 200 0.14
Task 12 200 0.06
Task 20 400 0.05
Task 9 200 0.045
Task 9 200 0.045
GW 0.48375
Task 27 200 0.135
Task 22 200 0.11
Task 8 100 0.08
Task 11 200 0.055
Task 44 800 0.055
Task 39 800 0.04875
GW 0
-------------
026
-------------
GW 0.48
Task 60 400 0.15
Task 13 100 0.13
Task 6 100 0.06
Task 20 400 0.05
Task 9 200 0.045
Task 9 200 0.045
GW 0.4875
Task 28 200 0.14
Task 83 800 0.10375
Task 7 100 0.07
Task 55 800 0.06875
Task 11 200 0.055
Task 20 400 0.05
GW 0
-------------
027
-------------
GW 0.48375
Task 56 400 0.14
Task 9 100 0.09
Task 60 800 0.075
Task 55 800 0.06875
Task 12 200 0.06
Task 5 100 0.05
GW 0.48375
Task 151 800 0.18875
Task 18 200 0.09
Task 11 200 0.055
Task 10 200 0.05
Task 10 200 0.05
Task 10 200 0.05
GW 0
-------------
028
-------------
GW 0.47625
Task 88 400 0.22
Task 8 100 0.08
Task 4 100 0.04
Task 19 400 0.0475
Task 4 100 0.04
Task 39 800 0.04875
GW 0.4925
Task 113 800 0.14125
Task 26 200 0.13
Task 12 200 0.06
Task 25 400 0.0625
Task 20 400 0.05
Task 39 800 0.04875
GW 0
-------------
029
-------------
GW 0.49375
Task 124 800 0.155
Task 99 800 0.12375
Task 12 200 0.06
Task 21 400 0.0525
Task 21 400 0.0525
Task 5 100 0.05
GW 0.4825
Task 61 400 0.1525
Task 35 400 0.0875
Task 8 100 0.08
Task 13 200 0.065
Task 10 200 0.05
Task 19 400 0.0475
GW 0
-------------
030
-------------
GW 0.47
Task 81 400 0.2025
Task 15 200 0.075
Task 5 100 0.05
Task 5 100 0.05
Task 9 200 0.045
Task 19 400 0.0475
GW 0.485
Task 144 800 0.18
Task 66 800 0.0825
Task 13 200 0.065
Task 13 200 0.065
Task 21 400 0.0525
Task 4 100 0.04
GW 0
-------------
031
-------------
GW 0.48875
Task 68 400 0.17
Task 39 400 0.0975
Task 6 100 0.06
Task 46 800 0.0575
Task 42 800 0.0525
Task 41 800 0.05125
GW 0.49
Task 20 100 0.2
Task 15 200 0.075
Task 24 400 0.06
Task 11 200 0.055
Task 42 800 0.0525
Task 19 400 0.0475
GW 0
-------------
032
-------------
GW 0.4725
Task 34 200 0.17
Task 39 400 0.0975
Task 32 400 0.08
Task 4 100 0.04
Task 4 100 0.04
Task 9 200 0.045
GW 0.49
Task 202 800 0.2525
Task 20 400 0.05
Task 39 800 0.04875
Task 9 200 0.045
Task 9 200 0.045
Task 39 800 0.04875
GW 0
-------------
033
-------------
GW 0.49375
Task 25 200 0.125
Task 38 400 0.095
Task 31 400 0.0775
Task 60 800 0.075
Task 57 800 0.07125
Task 10 200 0.05
GW 0.4725
Task 12 100 0.12
Task 40 400 0.1
Task 16 200 0.08
Task 7 100 0.07
Task 21 400 0.0525
Task 5 100 0.05
GW 0
-------------
034
-------------
GW 0.48375
Task 12 100 0.12
Task 79 800 0.09875
Task 35 400 0.0875
Task 7 100 0.07
Task 11 200 0.055
Task 21 400 0.0525
GW 0.485
Task 40 200 0.2
Task 79 800 0.09875
Task 20 400 0.05
Task 19 400 0.0475
Task 39 800 0.04875
Task 4 100 0.04
GW 0
-------------
035
-------------
GW 0.4925
Task 24 100 0.24
Task 23 400 0.0575
Task 20 400 0.05
Task 39 800 0.04875
Task 39 800 0.04875
Task 19 400 0.0475
GW 0.48375
Task 124 800 0.155
Task 79 800 0.09875
Task 7 100 0.07
Task 25 400 0.0625
Task 5 100 0.05
Task 19 400 0.0475
GW 0
-------------
036
-------------
GW 0.4875
Task 14 100 0.14
Task 65 800 0.08125
Task 30 400 0.075
Task 7 100 0.07
Task 49 800 0.06125
Task 6 100 0.06
GW 0.48
Task 22 100 0.22
Task 29 400 0.0725
Task 10 200 0.05
Task 9 200 0.045
Task 9 200 0.045
Task 19 400 0.0475
GW 0
-------------
037
-------------
GW 0.49375
Task 48 400 0.12
Task 40 400 0.1
Task 68 800 0.085
Task 63 800 0.07875
Task 24 400 0.06
Task 20 400 0.05
GW 0.48375
Task 56 400 0.14
Task 105 800 0.13125
Task 12 200 0.06
Task 5 100 0.05
Task 5 100 0.05
Task 21 400 0.0525
GW 0
-------------
038
-------------
GW 0.47
Task 16 100 0.16
Task 22 200 0.11
Task 28 400 0.07
Task 4 100 0.04
Task 9 200 0.045
Task 9 200 0.045
GW 0.4825
Task 116 800 0.145
Task 12 100 0.12
Task 7 100 0.07
Task 21 400 0.0525
Task 5 100 0.05
Task 9 200 0.045
GW 0
-------------
039
-------------
GW 0.48
Task 89 400 0.2225
Task 64 800 0.08
Task 39 800 0.04875
Task 4 100 0.04
Task 39 800 0.04875
Task 4 100 0.04
GW 0.4925
Task 150 800 0.1875
Task 15 200 0.075
Task 29 400 0.0725
Task 6 100 0.06
Task 39 800 0.04875
Task 39 800 0.04875
GW 0
-------------
040
-------------
GW 0.49
Task 146 800 0.1825
Task 9 100 0.09
Task 25 400 0.0625
Task 11 200 0.055
Task 5 100 0.05
Task 10 200 0.05
GW 0.49
Task 82 400 0.205
Task 13 200 0.065
Task 53 800 0.06625
Task 10 200 0.05
Task 42 800 0.0525
Task 41 800 0.05125
GW 0
-------------
041
-------------
GW 0.49125
Task 114 800 0.1425
Task 72 800 0.09
Task 67 800 0.08375
Task 27 400 0.0675
Task 23 400 0.0575
Task 5 100 0.05
GW 0.49625
Task 144 800 0.18
Task 30 400 0.075
Task 28 400 0.07
Task 26 400 0.065
Task 45 800 0.05625
Task 20 400 0.05
GW 0
-------------
042
-------------
GW 0.48625
Task 22 100 0.22
Task 48 800 0.06
Task 45 800 0.05625
Task 5 100 0.05
Task 10 200 0.05
Task 40 800 0.05
GW 0.48875
Task 16 100 0.16
Task 20 200 0.1
Task 29 400 0.0725
Task 48 800 0.06
Task 39 800 0.04875
Task 19 400 0.0475
GW 0
-------------
043
-------------
GW 0.47875
Task 136 800 0.17
Task 67 800 0.08375
Task 7 100 0.07
Task 52 800 0.065
Task 5 100 0.05
Task 4 100 0.04
GW 0.48
Task 31 200 0.155
Task 18 200 0.09
Task 30 400 0.075
Task 24 400 0.06
Task 5 100 0.05
Task 10 200 0.05
GW 0
-------------
044
-------------
GW 0.47875
Task 22 100 0.22
Task 6 100 0.06
Task 45 800 0.05625
Task 10 200 0.05
Task 9 200 0.045
Task 19 400 0.0475
GW 0.4925
Task 128 800 0.16
Task 21 200 0.105
Task 7 100 0.07
Task 25 400 0.0625
Task 5 100 0.05
Task 9 200 0.045
GW 0
-------------
045
-------------
GW 0.48625
Task 24 100 0.24
Task 11 200 0.055
Task 19 400 0.0475
Task 19 400 0.0475
Task 39 800 0.04875
Task 19 400 0.0475
GW 0.4675
Task 16 100 0.16
Task 12 100 0.12
Task 43 800 0.05375
Task 4 100 0.04
Task 9 200 0.045
Task 39 800 0.04875
GW 0
-------------
046
-------------
GW 0.48875
Task 123 800 0.15375
Task 95 800 0.11875
Task 13 200 0.065
Task 21 400 0.0525
Task 10 200 0.05
Task 39 800 0.04875
GW 0.4925
Task 18 100 0.18
Task 9 100 0.09
Task 56 800 0.07
Task 11 200 0.055
Task 10 200 0.05
Task 19 400 0.0475
GW 0
-------------
047
-------------
GW 0.48125
Task 191 800 0.23875
Task 5 100 0.05
Task 42 800 0.0525
Task 5 100 0.05
Task 10 200 0.05
Task 4 100 0.04
GW 0.49375
Task 46 400 0.115
Task 87 800 0.10875
Task 68 800 0.085
Task 60 800 0.075
Task 12 200 0.06
Task 5 100 0.05
GW 0
-------------
048
-------------
GW 0.47875
Task 18 100 0.18
Task 78 800 0.0975
Task 5 100 0.05
Task 11 200 0.055
Task 39 800 0.04875
Task 19 400 0.0475
GW 0.48125
Task 17 100 0.17
Task 22 200 0.11
Task 24 400 0.06
Task 20 400 0.05
Task 41 800 0.05125
Task 4 100 0.04
GW 0
-------------
049
-------------
GW 0.4925
Task 96 400 0.24
Task 45 800 0.05625
Task 10 200 0.05
Task 39 800 0.04875
Task 39 800 0.04875
Task 39 800 0.04875
GW 0.4825
Task 32 200 0.16
Task 43 400 0.1075
Task 7 100 0.07
Task 5 100 0.05
Task 19 400 0.0475
Task 19 400 0.0475
GW 0
-------------
050
-------------
GW 0.48125
Task 57 400 0.1425
Task 101 800 0.12625
Task 30 400 0.075
Task 21 400 0.0525
Task 4 100 0.04
Task 9 200 0.045
GW 0.48625
Task 38 200 0.19
Task 57 800 0.07125
Task 6 100 0.06
Task 24 400 0.06
Task 11 200 0.055
Task 5 100 0.05
GW 0
-------------
051
-------------
GW 0.49
Task 86 400 0.215
Task 33 400 0.0825
Task 20 400 0.05
Task 5 100 0.05
Task 9 200 0.045
Task 19 400 0.0475
GW 0.4925
Task 78 400 0.195
Task 32 400 0.08
Task 11 200 0.055
Task 23 400 0.0575
Task 11 200 0.055
Task 5 100 0.05
GW 0
-------------
052
-------------
GW 0.47875
Task 37 200 0.185
Task 11 100 0.11
Task 4 100 0.04
Task 39 800 0.04875
Task 19 400 0.0475
Task 19 400 0.0475
GW 0.48375
Task 58 400 0.145
Task 24 200 0.12
Task 51 800 0.06375
Task 22 400 0.055
Task 5 100 0.05
Task 5 100 0.05
GW 0
-------------
053
-------------
GW 0.49375
Task 137 800 0.17125
Task 47 400 0.1175
Task 11 200 0.055
Task 20 400 0.05
Task 20 400 0.05
Task 5 100 0.05
GW 0.49625
Task 106 800 0.1325
Task 26 200 0.13
Task 67 800 0.08375
Task 40 800 0.05
Task 40 800 0.05
Task 10 200 0.05
GW 0
-------------
054
-------------
GW 0.4875
Task 189 800 0.23625
Task 52 800 0.065
Task 9 200 0.045
Task 19 400 0.0475
Task 39 800 0.04875
Task 9 200 0.045
GW 0.48375
Task 147 800 0.18375
Task 65 800 0.08125
Task 7 100 0.07
Task 5 100 0.05
Task 5 100 0.05
Task 39 800 0.04875
GW 0
-------------
055
-------------
GW 0.49125
Task 35 200 0.175
Task 31 400 0.0775
Task 58 800 0.0725
Task 46 800 0.0575
Task 45 800 0.05625
Task 42 800 0.0525
GW 0.485
Task 61 400 0.1525
Task 14 100 0.14
Task 5 100 0.05
Task 39 800 0.04875
Task 39 800 0.04875
Task 9 200 0.045
GW 0
-------------
056
-------------
GW 0.48
Task 64 400 0.16
Task 11 100 0.11
Task 6 100 0.06
Task 5 100 0.05
Task 20 400 0.05
Task 10 200 0.05
GW 0.48625
Task 60 400 0.15
Task 55 400 0.1375
Task 24 400 0.06
Task 10 200 0.05
Task 39 800 0.04875
Task 4 100 0.04
GW 0
-------------
057
-------------
GW 0.4925
Task 33 200 0.165
Task 44 400 0.11
Task 28 400 0.07
Task 5 100 0.05
Task 40 800 0.05
Task 19 400 0.0475
GW 0.4775
Task 24 100 0.24
Task 5 100 0.05
Task 40 800 0.05
Task 40 800 0.05
Task 19 400 0.0475
Task 4 100 0.04
GW 0
-------------
058
-------------
GW 0.49375
Task 45 200 0.225
Task 48 800 0.06
Task 45 800 0.05625
Task 42 800 0.0525
Task 5 100 0.05
Task 20 400 0.05
GW 0.4925
Task 55 400 0.1375
Task 47 400 0.1175
Task 65 800 0.08125
Task 11 200 0.055
Task 5 100 0.05
Task 41 800 0.05125
GW 0
-------------
059
-------------
GW 0.4925
Task 99 400 0.2475
Task 5 100 0.05
Task 39 800 0.04875
Task 39 800 0.04875
Task 39 800 0.04875
Task 39 800 0.04875
GW 0.48125
Task 196 800 0.245
Task 10 200 0.05
Task 20 400 0.05
Task 4 100 0.04
Task 19 400 0.0475
Task 39 800 0.04875
GW 0
-------------
060
-------------
GW 0.485
Task 10 100 0.1
Task 40 400 0.1
Task 19 200 0.095
Task 18 200 0.09
Task 20 400 0.05
Task 20 400 0.05
GW 0.485
Task 19 100 0.19
Task 37 400 0.0925
Task 21 400 0.0525
Task 20 400 0.05
Task 20 400 0.05
Task 40 800 0.05
GW 0
-------------
061
-------------
GW 0.49
Task 19 100 0.19
Task 15 200 0.075
Task 56 800 0.07
Task 21 400 0.0525
Task 42 800 0.0525
Task 5 100 0.05
GW 0.4725
Task 49 200 0.245
Task 11 200 0.055
Task 4 100 0.04
Task 4 100 0.04
Task 9 200 0.045
Task 19 400 0.0475
GW 0
-------------
062
-------------
GW 0.47875
Task 30 200 0.15
Task 26 200 0.13
Task 26 400 0.065
Task 4 100 0.04
Task 39 800 0.04875
Task 9 200 0.045
GW 0.485
Task 38 200 0.19
Task 70 800 0.0875
Task 7 100 0.07
Task 9 200 0.045
Task 19 400 0.0475
Task 9 200 0.045
GW 0
-------------
063
-------------
GW 0.48625
Task 23 200 0.115
Task 91 800 0.11375
Task 21 200 0.105
Task 23 400 0.0575
Task 10 200 0.05
Task 9 200 0.045
GW 0.48875
Task 12 100 0.12
Task 45 400 0.1125
Task 43 400 0.1075
Task 10 200 0.05
Task 20 400 0.05
Task 39 800 0.04875
GW 0
-------------
064
-------------
GW 0.4675
Task 45 200 0.225
Task 7 100 0.07
Task 4 100 0.04
Task 9 200 0.045
Task 19 400 0.0475
Task 4 100 0.04
GW 0.49
Task 35 200 0.175
Task 18 200 0.09
Task 24 400 0.06
Task 6 100 0.06
Task 11 200 0.055
Task 20 400 0.05
GW 0
-------------
065
-------------
GW 0.48375
Task 47 200 0.235
Task 24 400 0.06
Task 41 800 0.05125
Task 40 800 0.05
Task 19 400 0.0475
Task 4 100 0.04
GW 0.49125
Task 32 200 0.16
Task 43 400 0.1075
Task 14 200 0.07
Task 44 800 0.055
Task 10 200 0.05
Task 39 800 0.04875
GW 0
-------------
066
-------------
GW 0.49125
Task 12 100 0.12
Task 86 800 0.1075
Task 21 200 0.105
Task 6 100 0.06
Task 5 100 0.05
Task 39 800 0.04875
GW 0.48125
Task 36 200 0.18
Task 90 800 0.1125
Task 44 800 0.055
Task 9 200 0.045
Task 4 100 0.04
Task 39 800 0.04875
GW 0
-------------
067
-------------
GW 0.48375
Task 74 400 0.185
Task 40 400 0.1
Task 6 100 0.06
Task 39 800 0.04875
Task 9 200 0.045
Task 9 200 0.045
GW 0.48375
Task 110 800 0.1375
Task 12 100 0.12
Task 30 400 0.075
Task 22 400 0.055
Task 39 800 0.04875
Task 19 400 0.0475
GW 0
-------------
068
-------------
GW 0.4875
Task 70 400 0.175
Task 64 800 0.08
Task 13 200 0.065
Task 6 100 0.06
Task 11 200 0.055
Task 42 800 0.0525
GW 0.4825
Task 47 200 0.235
Task 23 400 0.0575
Task 5 100 0.05
Task 9 200 0.045
Task 19 400 0.0475
Task 19 400 0.0475
GW 0
-------------
069
-------------
GW 0.47875
Task 21 100 0.21
Task 16 200 0.08
Task 10 200 0.05
Task 9 200 0.045
Task 9 200 0.045
Task 39 800 0.04875
GW 0.475
Task 86 400 0.215
Task 34 400 0.085
Task 20 400 0.05
Task 4 100 0.04
Task 4 100 0.04
Task 9 200 0.045
GW 0
-------------
070
-------------
GW 0.495
Task 174 800 0.2175
Task 14 200 0.07
Task 45 800 0.05625
Task 43 800 0.05375
Task 39 800 0.04875
Task 39 800 0.04875
GW 0.48375
Task 19 100 0.19
Task 37 400 0.0925
Task 5 100 0.05
Task 44 800 0.055
Task 39 800 0.04875
Task 19 400 0.0475
GW 0
-------------
071
-------------
GW 0.48625
Task 37 200 0.185
Task 74 800 0.0925
Task 55 800 0.06875
Task 10 200 0.05
Task 40 800 0.05
Task 4 100 0.04
GW 0.49
Task 24 200 0.12
Task 86 800 0.1075
Task 9 100 0.09
Task 14 200 0.07
Task 21 400 0.0525
Task 40 800 0.05
GW 0
-------------
072
-------------
GW 0.4925
Task 203 800 0.25375
Task 19 400 0.0475
Task 39 800 0.04875
Task 39 800 0.04875
Task 9 200 0.045
Task 39 800 0.04875
GW 0.485
Task 91 400 0.2275
Task 50 800 0.0625
Task 5 100 0.05
Task 20 400 0.05
Task 40 800 0.05
Task 9 200 0.045
GW 0
-------------
073
-------------
GW 0.48875
Task 34 200 0.17
Task 22 200 0.11
Task 6 100 0.06
Task 5 100 0.05
Task 10 200 0.05
Task 39 800 0.04875
GW 0.49
Task 30 200 0.15
Task 9 100 0.09
Task 32 400 0.08
Task 7 100 0.07
Task 20 400 0.05
Task 5 100 0.05
GW 0
-------------
074
-------------
GW 0.48875
Task 71 400 0.1775
Task 49 400 0.1225
Task 9 200 0.045
Task 19 400 0.0475
Task 19 400 0.0475
Task 39 800 0.04875
GW 0.48875
Task 140 800 0.175
Task 87 800 0.10875
Task 5 100 0.05
Task 21 400 0.0525
Task 21 400 0.0525
Task 5 100 0.05
GW 0
-------------
075
-------------
GW 0.48
Task 20 100 0.2
Task 14 200 0.07
Task 26 400 0.065
Task 10 200 0.05
Task 5 100 0.05
Task 9 200 0.045
GW 0.47625
Task 153 800 0.19125
Task 16 200 0.08
Task 14 200 0.07
Task 5 100 0.05
Task 9 200 0.045
Task 4 100 0.04
GW 0
-------------
076
-------------
GW 0.49375
Task 120 800 0.15
Task 118 800 0.1475
Task 20 400 0.05
Task 20 400 0.05
Task 39 800 0.04875
Task 19 400 0.0475
GW 0.49375
Task 87 400 0.2175
Task 7 100 0.07
Task 23 400 0.0575
Task 20 400 0.05
Task 10 200 0.05
Task 39 800 0.04875
GW 0
-------------
077
-------------
GW 0.49125
Task 131 800 0.16375
Task 18 200 0.09
Task 31 400 0.0775
Task 6 100 0.06
Task 10 200 0.05
Task 5 100 0.05
GW 0.4875
Task 13 100 0.13
Task 91 800 0.11375
Task 8 100 0.08
Task 47 800 0.05875
Task 11 200 0.055
Task 10 200 0.05
GW 0
-------------
078
-------------
GW 0.49
Task 180 800 0.225
Task 25 400 0.0625
Task 21 400 0.0525
Task 10 200 0.05
Task 20 400 0.05
Task 20 400 0.05
GW 0.49375
Task 177 800 0.22125
Task 6 100 0.06
Task 45 800 0.05625
Task 22 400 0.055
Task 41 800 0.05125
Task 20 400 0.05
GW 0
-------------
079
-------------
GW 0.4625
Task 99 400 0.2475
Task 22 400 0.055
Task 4 100 0.04
Task 4 100 0.04
Task 4 100 0.04
Task 4 100 0.04
GW 0.4875
Task 180 800 0.225
Task 27 400 0.0675
Task 21 400 0.0525
Task 21 400 0.0525
Task 40 800 0.05
Task 4 100 0.04
GW 0
-------------
080
-------------
GW 0.49125
Task 80 400 0.2
Task 35 400 0.0875
Task 23 400 0.0575
Task 20 400 0.05
Task 19 400 0.0475
Task 39 800 0.04875
GW 0.48625
Task 53 400 0.1325
Task 11 100 0.11
Task 76 800 0.095
Task 21 400 0.0525
Task 39 800 0.04875
Task 19 400 0.0475
GW 0
-------------
081
-------------
GW 0.48625
Task 25 100 0.25
Task 5 100 0.05
Task 40 800 0.05
Task 19 400 0.0475
Task 39 800 0.04875
Task 4 100 0.04
GW 0.49125
Task 64 400 0.16
Task 10 100 0.1
Task 56 800 0.07
Task 11 200 0.055
Task 45 800 0.05625
Task 40 800 0.05
GW 0
-------------
082
-------------
GW 0.49
Task 45 400 0.1125
Task 37 400 0.0925
Task 18 200 0.09
Task 34 400 0.085
Task 12 200 0.06
Task 20 400 0.05
GW 0.46875
Task 159 800 0.19875
Task 8 100 0.08
Task 28 400 0.07
Task 4 100 0.04
Task 4 100 0.04
Task 4 100 0.04
GW 0
-------------
083
-------------
GW 0.4925
Task 128 800 0.16
Task 10 100 0.1
Task 8 100 0.08
Task 41 800 0.05125
Task 41 800 0.05125
Task 10 200 0.05
GW 0.48
Task 30 200 0.15
Task 22 200 0.11
Task 6 100 0.06
Task 12 200 0.06
Task 5 100 0.05
Task 10 200 0.05
GW 0
-------------
084
-------------
GW 0.4825
Task 110 800 0.1375
Task 10 100 0.1
Task 13 200 0.065
Task 13 200 0.065
Task 52 800 0.065
Task 5 100 0.05
GW 0.47125
Task 17 100 0.17
Task 8 100 0.08
Task 17 200 0.085
Task 4 100 0.04
Task 39 800 0.04875
Task 19 400 0.0475
GW 0
-------------
085
-------------
GW 0.48125
Task 15 100 0.15
Task 12 100 0.12
Task 52 800 0.065
Task 10 200 0.05
Task 41 800 0.05125
Task 9 200 0.045
GW 0.49
Task 13 100 0.13
Task 88 800 0.11
Task 75 800 0.09375
Task 46 800 0.0575
Task 5 100 0.05
Task 39 800 0.04875
GW 0
-------------
086
-------------
GW 0.48625
Task 101 400 0.2525
Task 5 100 0.05
Task 4 100 0.04
Task 19 400 0.0475
Task 39 800 0.04875
Task 19 400 0.0475
GW 0.485
Task 24 100 0.24
Task 22 400 0.055
Task 40 800 0.05
Task 19 400 0.0475
Task 9 200 0.045
Task 19 400 0.0475
GW 0
-------------
087
-------------
GW 0.48875
Task 118 800 0.1475
Task 21 200 0.105
Task 15 200 0.075
Task 23 400 0.0575
Task 11 200 0.055
Task 39 800 0.04875
GW 0.4925
Task 78 400 0.195
Task 21 200 0.105
Task 10 200 0.05
Task 39 800 0.04875
Task 9 200 0.045
Task 39 800 0.04875
GW 0
-------------
088
-------------
GW 0.4775
Task 47 200 0.235
Task 11 200 0.055
Task 5 100 0.05
Task 4 100 0.04
Task 39 800 0.04875
Task 39 800 0.04875
GW 0.48125
Task 19 100 0.19
Task 17 200 0.085
Task 53 800 0.06625
Task 20 400 0.05
Task 9 200 0.045
Task 9 200 0.045
GW 0
-------------
089
-------------
GW 0.49
Task 140 800 0.175
Task 9 100 0.09
Task 52 800 0.065
Task 24 400 0.06
Task 10 200 0.05
Task 10 200 0.05
GW 0.4725
Task 18 100 0.18
Task 18 200 0.09
Task 5 100 0.05
Task 5 100 0.05
Task 21 400 0.0525
Task 40 800 0.05
GW 0
-------------
090
-------------
GW 0.48625
Task 28 200 0.14
Task 88 800 0.11
Task 67 800 0.08375
Task 5 100 0.05
Task 21 400 0.0525
Task 40 800 0.05
GW 0.47375
Task 14 100 0.14
Task 9 100 0.09
Task 61 800 0.07625
Task 24 400 0.06
Task 46 800 0.0575
Task 5 100 0.05
GW 0
-------------
091
-------------
GW 0.49625
Task 55 400 0.1375
Task 40 400 0.1
Task 39 400 0.0975
Task 12 200 0.06
Task 41 800 0.05125
Task 40 800 0.05
GW 0.475
Task 21 100 0.21
Task 13 200 0.065
Task 5 100 0.05
Task 5 100 0.05
Task 10 200 0.05
Task 10 200 0.05
GW 0
-------------
092
-------------
GW 0.48
Task 15 100 0.15
Task 42 400 0.105
Task 28 400 0.07
Task 12 200 0.06
Task 44 800 0.055
Task 4 100 0.04
GW 0.495
Task 165 800 0.20625
Task 59 800 0.07375
Task 47 800 0.05875
Task 22 400 0.055
Task 41 800 0.05125
Task 10 200 0.05
GW 0
-------------
093
-------------
GW 0.49125
Task 44 200 0.22
Task 26 400 0.065
Task 22 400 0.055
Task 22 400 0.055
Task 19 400 0.0475
Task 39 800 0.04875
GW 0.48875
Task 164 800 0.205
Task 17 200 0.085
Task 5 100 0.05
Task 5 100 0.05
Task 20 400 0.05
Task 39 800 0.04875
GW 0
-------------
094
-------------
GW 0.48875
Task 14 100 0.14
Task 44 400 0.11
Task 63 800 0.07875
Task 23 400 0.0575
Task 42 800 0.0525
Task 5 100 0.05
GW 0.49125
Task 145 800 0.18125
Task 83 800 0.10375
Task 24 400 0.06
Task 10 200 0.05
Task 39 800 0.04875
Task 19 400 0.0475
GW 0
-------------
095
-------------
GW 0.48875
Task 16 100 0.16
Task 8 100 0.08
Task 30 400 0.075
Task 51 800 0.06375
Task 12 200 0.06
Task 5 100 0.05
GW 0.49
Task 78 400 0.195
Task 27 400 0.0675
Task 24 400 0.06
Task 48 800 0.06
Task 23 400 0.0575
Task 10 200 0.05
GW 0
-------------
096
-------------
GW 0.465
Task 17 100 0.17
Task 12 100 0.12
Task 5 100 0.05
Task 4 100 0.04
Task 9 200 0.045
Task 4 100 0.04
GW 0.4875
Task 194 800 0.2425
Task 47 800 0.05875
Task 9 200 0.045
Task 19 400 0.0475
Task 9 200 0.045
Task 39 800 0.04875
GW 0
-------------
097
-------------
GW 0.48875
Task 12 100 0.12
Task 20 200 0.1
Task 16 200 0.08
Task 55 800 0.06875
Task 6 100 0.06
Task 12 200 0.06
GW 0.4725
Task 18 100 0.18
Task 40 400 0.1
Task 12 200 0.06
Task 42 800 0.0525
Task 4 100 0.04
Task 4 100 0.04
GW 0
-------------
098
-------------
GW 0.475
Task 13 100 0.13
Task 18 200 0.09
Task 8 100 0.08
Task 6 100 0.06
Task 23 400 0.0575
Task 23 400 0.0575
GW 0.4875
Task 46 400 0.115
Task 82 800 0.1025
Task 30 400 0.075
Task 29 400 0.0725
Task 6 100 0.06
Task 25 400 0.0625
GW 0
-------------
099
-------------
GW 0.48375
Task 179 800 0.22375
Task 48 800 0.06
Task 5 100 0.05
Task 11 200 0.055
Task 5 100 0.05
Task 9 200 0.045
GW 0.49625
Task 81 400 0.2025
Task 31 400 0.0775
Task 49 800 0.06125
Task 44 800 0.055
Task 5 100 0.05
Task 10 200 0.05
GW 0
-------------
100
-------------
