Meet_R
NOFLD	myOFLD	AOFLDC	SeGW
1	1	0.330443	0.964682	
1	0.96743	0.385484	0.888155	
0.629517	0.849369	0.354201	0.741257	
0.509829	0.768747	0.401768	0.661238	
1	1	0.211456	0.939216	
1	0.990237	0.241901	0.84702	
0.711705	0.897626	0.276806	0.734371	
0.585643	0.785521	0.232889	0.616512	
1	1	0.128774	0.926078	
1	0.989791	0.108878	0.832089	
0.76936	0.905646	0.140081	0.705199	
0.654532	0.791993	0.124626	0.58503	
1	1	0.0905965	0.912485	
1	0.990566	0.0855421	0.803073	
0.79954	0.923034	0.0643067	0.691051	
0.710735	0.82469	0.0672871	0.559745	
1	1	0.038274	0.905464	
1	0.99074	0.042379	0.758996	
0.829817	0.943023	0.0386551	0.656925	
0.767373	0.855952	0.0340625	0.543564	
1	1	0.0239336	0.912209	
1	0.996027	0.0259899	0.732367	
0.857101	0.94972	0.0242334	0.634744	
0.786726	0.866907	0.0224517	0.480606	


Energy
NOFLD	myOFLD	AOFLDC	SeGW
12334.2	9662.77	9657.79	11060.1	
17535.2	10497.5	9617.96	12142.9	
17608.8	11133.5	9634.53	12508.7	
17608.8	11059.8	9588.07	11605.1	
12310.1	9863.24	9772.42	11265.8	
17515.4	10798.7	9753.79	12350.5	
17608.8	11649.9	9779.39	12904.2	
17608.8	11848.5	9773.42	12479.3	
12284.1	10263.8	9845.28	11494.4	
17487	10961.4	9843.4	12489.5	
17608.8	11832	9839.53	13157.1	
17608.8	12728.9	9851.34	12978.7	
12252.9	10473.2	9868.12	11659.5	
17460.7	11311	9869.93	12935	
17608.8	12246.8	9879.79	13507	
17608.8	12803	9872.89	13126	
12174.2	10873.4	9891.66	11867.3	
17395.8	11919.3	9895.77	13508.7	
17608.8	12626.1	9891.97	13654	
17608.8	13388.3	9899.17	13693.8	
12069.5	11071.8	9906.72	11885.6	
17331.8	12347.2	9905.76	13855.3	
17608.8	13126.7	9901.89	13906.4	
17608.8	13689.7	9900.84	13619.1	


Resp
NOFLD	myOFLD	AOFLDC	SeGW
573860	607861	482133	659312	
1433970	1058383	578556	929223	
749450	1198184	572702	996220	
639355	1189360	669001	1026559	
661040	694710	443113	802454	
1686440	1263710	495293	1070817	
1071110	1522957	594906	1223078	
891925	1541130	515899	1302659	
745100	768683	400729	959534	
1843965	1385590	324747	1277038	
1342905	1769268	394500	1395221	
1243230	1823351	346052	1454236	
842050	881766	383793	1092364	
2086245	1705290	327320	1529291	
1575090	2014574	244942	1635046	
1505935	2128980	251052	1655194	
1033565	1090315	290819	1416073	
2501300	2149772	266300	1866622	
2058425	2588552	231328	2047869	
2095065	2666729	195077	2066042	
1256175	1342936	245250	1700036	
2895315	2653977	220512	2308839	
2572145	3129723	190907	2487093	
2663530	3263118	172914	2446763	


CloudEng
NOFLD	myOFLD	AOFLDC	SeGW
0	63618	113382	41519	
0	193393	215073	163364	
0	291132	313823	282037	
0	378557	426156	440621	
0	53470	99512	32522	
0	177317	177961	147577	
0	281939	251908	261896	
0	362130	313066	394803	
0	40664	86814	22438	
0	168170	131900	142406	
0	267891	190780	244232	
0	335665	235542	360702	
0	30801	74681	14453	
0	158534	119784	122902	
0	250941	159384	226051	
0	320631	195810	341148	
0	10782	58517	3956	
0	131313	100574	92901	
0	242079	132021	213633	
0	304266	166479	306394	
0	0	44161	0	
0	114190	82645	75605	
0	216006	111014	194046	
0	280410	132803	294006	


FogEng
NOFLD	myOFLD	AOFLDC	SeGW
3601	4805	3601	3601	
3601	4994	3601	3601	
3601	4689	3601	3601	
3601	4237	3601	3601	
3601	4867	3601	3601	
3601	5366	3601	3601	
3601	4963	3601	3601	
3601	4809	3601	3601	
3601	4751	3601	3601	
3601	5443	3601	3601	
3601	5295	3601	3601	
3601	4895	3601	3601	
3601	4806	3601	3601	
3601	5530	3601	3601	
3601	5498	3601	3601	
3601	5099	3601	3601	
3601	4865	3601	3601	
3601	5756	3601	3601	
3601	5619	3601	3601	
3601	5221	3601	3601	
3601	4836	3601	3601	
3601	5804	3601	3601	
3601	5856	3601	3601	
3601	5466	3601	3601	


GW_Eng
GW1	GW2	GW3
9595.45	9730.08	9611.82
10430.2	10564.8	9990.36
10939.4	11327.6	9378.84
10916	11203.7	8476.46
9762.67	9963.81	9735.84
10963.6	10633.7	10734.3
11338	11961.8	9927.21
11898.2	11798.8	9619.53
10249.2	10278.4	9502.73
10924.8	10998	10887.7
11754.5	11909.5	10591.6
12857.8	12600.1	9792.1
10485.4	10460.9	9613.18
11417.4	11204.6	11061.5
12054.9	12438.7	10998.1
12657.7	12948.3	10200.2
10828.1	10918.7	9731.01
11898.3	11940.3	11514.3
12583.1	12669	11240.1
13394.7	13381.8	10444.2
11037.2	11106.4	9672.85
12454.7	12239.8	11608.9
13324.2	12929.1	11714.4
13676.2	13703.2	10933.9


