GW 0.99375
Task 40 100 0.4
Task 47 200 0.235
Task 51 400 0.1275
Task 41 400 0.1025
Task 31 400 0.0775
Task 41 800 0.05125
GW 0.99
Task 36 100 0.36
Task 43 200 0.215
Task 59 400 0.1475
Task 85 800 0.10625
Task 83 800 0.10375
Task 46 800 0.0575
GW 0
-------------
001
-------------
GW 0.9925
Task 73 200 0.365
Task 88 400 0.22
Task 62 400 0.155
Task 56 400 0.14
Task 23 400 0.0575
Task 44 800 0.055
GW 0.9875
Task 34 100 0.34
Task 51 200 0.255
Task 48 200 0.24
Task 21 400 0.0525
Task 20 400 0.05
Task 40 800 0.05
GW 0
-------------
002
-------------
GW 0.995
Task 74 100 0.74
Task 11 200 0.055
Task 40 800 0.05
Task 40 800 0.05
Task 40 800 0.05
Task 40 800 0.05
GW 0.9775
Task 58 100 0.58
Task 14 100 0.14
Task 15 200 0.075
Task 13 200 0.065
Task 49 800 0.06125
Task 45 800 0.05625
GW 0
-------------
003
-------------
GW 0.995
Task 74 100 0.74
Task 11 200 0.055
Task 10 200 0.05
Task 20 400 0.05
Task 20 400 0.05
Task 40 800 0.05
GW 0.98
Task 73 100 0.73
Task 5 100 0.05
Task 5 100 0.05
Task 10 200 0.05
Task 20 400 0.05
Task 40 800 0.05
GW 0
-------------
004
-------------
GW 0.99
Task 47 100 0.47
Task 32 200 0.16
Task 115 800 0.14375
Task 71 800 0.08875
Task 54 800 0.0675
Task 48 800 0.06
GW 0.98375
Task 54 100 0.54
Task 20 100 0.2
Task 16 200 0.08
Task 23 400 0.0575
Task 22 400 0.055
Task 41 800 0.05125
GW 0
-------------
005
-------------
GW 0.99125
Task 54 200 0.27
Task 52 200 0.26
Task 63 400 0.1575
Task 119 800 0.14875
Task 68 800 0.085
Task 56 800 0.07
GW 0.9825
Task 63 100 0.63
Task 23 200 0.115
Task 16 200 0.08
Task 22 400 0.055
Task 21 400 0.0525
Task 20 400 0.05
GW 0
-------------
006
-------------
GW 0.98125
Task 63 100 0.63
Task 15 100 0.15
Task 20 400 0.05
Task 20 400 0.05
Task 20 400 0.05
Task 41 800 0.05125
GW 0.98625
Task 56 200 0.28
Task 51 200 0.255
Task 73 400 0.1825
Task 64 400 0.16
Task 22 400 0.055
Task 43 800 0.05375
GW 0
-------------
007
-------------
GW 0.98625
Task 49 100 0.49
Task 22 100 0.22
Task 9 100 0.09
Task 15 200 0.075
Task 24 400 0.06
Task 41 800 0.05125
GW 0.9875
Task 110 200 0.55
Task 38 200 0.19
Task 19 200 0.095
Task 21 400 0.0525
Task 20 400 0.05
Task 40 800 0.05
GW 0
-------------
008
-------------
GW 0.9925
Task 35 100 0.35
Task 60 200 0.3
Task 44 400 0.11
Task 34 400 0.085
Task 60 800 0.075
Task 58 800 0.0725
GW 0.99
Task 68 100 0.68
Task 9 100 0.09
Task 7 100 0.07
Task 10 200 0.05
Task 10 200 0.05
Task 20 400 0.05
GW 0
-------------
009
-------------
GW 0.98625
Task 42 100 0.42
Task 16 100 0.16
Task 52 400 0.13
Task 95 800 0.11875
Task 77 800 0.09625
Task 49 800 0.06125
GW 0.9825
Task 52 100 0.52
Task 20 100 0.2
Task 7 100 0.07
Task 30 400 0.075
Task 51 800 0.06375
Task 43 800 0.05375
GW 0
-------------
010
-------------
GW 0.985
Task 62 100 0.62
Task 14 100 0.14
Task 15 200 0.075
Task 10 200 0.05
Task 20 400 0.05
Task 40 800 0.05
GW 0.9875
Task 64 100 0.64
Task 27 200 0.135
Task 12 200 0.06
Task 10 200 0.05
Task 21 400 0.0525
Task 40 800 0.05
GW 0
-------------
011
-------------
GW 0.98875
Task 40 100 0.4
Task 43 200 0.215
Task 48 400 0.12
Task 46 400 0.115
Task 33 400 0.0825
Task 45 800 0.05625
GW 0.98875
Task 40 100 0.4
Task 61 200 0.305
Task 42 400 0.105
Task 29 400 0.0725
Task 44 800 0.055
Task 41 800 0.05125
GW 0
-------------
012
-------------
GW 0.9825
Task 43 100 0.43
Task 32 100 0.32
Task 14 200 0.07
Task 24 400 0.06
Task 42 800 0.0525
Task 40 800 0.05
GW 0.98
Task 55 100 0.55
Task 15 100 0.15
Task 23 200 0.115
Task 26 400 0.065
Task 40 800 0.05
Task 40 800 0.05
GW 0
-------------
013
-------------
GW 0.99375
Task 61 200 0.305
Task 118 400 0.295
Task 77 400 0.1925
Task 35 400 0.0875
Task 46 800 0.0575
Task 45 800 0.05625
GW 0.985
Task 43 100 0.43
Task 69 200 0.345
Task 12 200 0.06
Task 20 400 0.05
Task 40 800 0.05
Task 40 800 0.05
GW 0
-------------
014
-------------
GW 0.9875
Task 34 100 0.34
Task 31 100 0.31
Task 36 200 0.18
Task 22 400 0.055
Task 42 800 0.0525
Task 40 800 0.05
GW 0.98
Task 41 100 0.41
Task 34 100 0.34
Task 14 200 0.07
Task 11 200 0.055
Task 43 800 0.05375
Task 41 800 0.05125
GW 0
-------------
015
-------------
GW 0.99
Task 73 100 0.73
Task 12 200 0.06
Task 10 200 0.05
Task 20 400 0.05
Task 20 400 0.05
Task 40 800 0.05
GW 0.985
Task 65 100 0.65
Task 8 100 0.08
Task 16 200 0.08
Task 27 400 0.0675
Task 46 800 0.0575
Task 40 800 0.05
GW 0
-------------
016
-------------
GW 0.9825
Task 38 100 0.38
Task 21 100 0.21
Task 20 100 0.2
Task 17 200 0.085
Task 11 200 0.055
Task 21 400 0.0525
GW 0.99
Task 45 100 0.45
Task 61 200 0.305
Task 29 400 0.0725
Task 23 400 0.0575
Task 22 400 0.055
Task 40 800 0.05
GW 0
-------------
017
-------------
GW 0.98
Task 41 100 0.41
Task 37 100 0.37
Task 10 200 0.05
Task 10 200 0.05
Task 20 400 0.05
Task 40 800 0.05
GW 0.98875
Task 93 200 0.465
Task 61 200 0.305
Task 25 400 0.0625
Task 21 400 0.0525
Task 42 800 0.0525
Task 41 800 0.05125
GW 0
-------------
018
-------------
GW 0.9925
Task 36 100 0.36
Task 34 100 0.34
Task 28 200 0.14
Task 21 400 0.0525
Task 40 800 0.05
Task 40 800 0.05
GW 0.98
Task 46 100 0.46
Task 25 100 0.25
Task 20 200 0.1
Task 28 400 0.07
Task 20 400 0.05
Task 40 800 0.05
GW 0
-------------
019
-------------
GW 0.99
Task 114 200 0.57
Task 28 200 0.14
Task 21 200 0.105
Task 30 400 0.075
Task 40 800 0.05
Task 40 800 0.05
GW 0.985
Task 66 100 0.66
Task 20 200 0.1
Task 12 200 0.06
Task 23 400 0.0575
Task 22 400 0.055
Task 21 400 0.0525
GW 0
-------------
020
-------------
GW 0.98625
Task 40 100 0.4
Task 25 100 0.25
Task 29 200 0.145
Task 27 400 0.0675
Task 27 400 0.0675
Task 45 800 0.05625
GW 0.97
Task 38 100 0.38
Task 20 100 0.2
Task 13 100 0.13
Task 9 100 0.09
Task 18 200 0.09
Task 64 800 0.08
GW 0
-------------
021
-------------
GW 0.99375
Task 96 200 0.48
Task 38 200 0.19
Task 57 400 0.1425
Task 55 800 0.06875
Task 47 800 0.05875
Task 43 800 0.05375
GW 0.985
Task 54 100 0.54
Task 17 100 0.17
Task 32 400 0.08
Task 55 800 0.06875
Task 52 800 0.065
Task 49 800 0.06125
GW 0
-------------
022
-------------
GW 0.98875
Task 55 100 0.55
Task 31 200 0.155
Task 34 400 0.085
Task 33 400 0.0825
Task 24 400 0.06
Task 45 800 0.05625
GW 0.99
Task 34 100 0.34
Task 26 100 0.26
Task 28 200 0.14
Task 27 200 0.135
Task 24 400 0.06
Task 44 800 0.055
GW 0
-------------
023
-------------
GW 0.9925
Task 86 200 0.43
Task 46 200 0.23
Task 86 800 0.1075
Task 82 800 0.1025
Task 52 800 0.065
Task 46 800 0.0575
GW 0.985
Task 49 100 0.49
Task 23 100 0.23
Task 22 200 0.11
Task 42 800 0.0525
Task 42 800 0.0525
Task 40 800 0.05
GW 0
-------------
024
-------------
GW 0.985
Task 73 100 0.73
Task 5 100 0.05
Task 10 200 0.05
Task 21 400 0.0525
Task 21 400 0.0525
Task 40 800 0.05
GW 0.99
Task 44 100 0.44
Task 35 100 0.35
Task 5 100 0.05
Task 10 200 0.05
Task 20 400 0.05
Task 40 800 0.05
GW 0
-------------
025
-------------
GW 0.9725
Task 45 100 0.45
Task 19 100 0.19
Task 15 100 0.15
Task 33 400 0.0825
Task 20 400 0.05
Task 20 400 0.05
GW 0.98625
Task 45 100 0.45
Task 38 200 0.19
Task 23 200 0.115
Task 70 800 0.0875
Task 64 800 0.08
Task 51 800 0.06375
GW 0
-------------
026
-------------
GW 0.98875
Task 30 100 0.3
Task 24 100 0.24
Task 45 200 0.225
Task 22 200 0.11
Task 25 400 0.0625
Task 41 800 0.05125
GW 0.99125
Task 27 100 0.27
Task 46 200 0.23
Task 64 400 0.16
Task 55 400 0.1375
Task 82 800 0.1025
Task 73 800 0.09125
GW 0
-------------
027
-------------
GW 0.99
Task 71 100 0.71
Task 16 200 0.08
Task 10 200 0.05
Task 10 200 0.05
Task 10 200 0.05
Task 40 800 0.05
GW 0.9925
Task 28 100 0.28
Task 52 200 0.26
Task 50 200 0.25
Task 75 800 0.09375
Task 44 800 0.055
Task 43 800 0.05375
GW 0
-------------
028
-------------
GW 0.9775
Task 28 100 0.28
Task 39 200 0.195
Task 28 200 0.14
Task 26 200 0.13
Task 47 400 0.1175
Task 46 400 0.115
GW 0.985
Task 39 100 0.39
Task 18 100 0.18
Task 27 200 0.135
Task 23 200 0.115
Task 75 800 0.09375
Task 57 800 0.07125
GW 0
-------------
029
-------------
GW 0.985
Task 52 100 0.52
Task 26 200 0.13
Task 44 400 0.11
Task 77 800 0.09625
Task 60 800 0.075
Task 43 800 0.05375
GW 0.9875
Task 44 100 0.44
Task 24 100 0.24
Task 49 400 0.1225
Task 59 800 0.07375
Task 48 800 0.06
Task 41 800 0.05125
GW 0
-------------
030
-------------
GW 0.9875
Task 44 100 0.44
Task 49 200 0.245
Task 21 200 0.105
Task 29 400 0.0725
Task 55 800 0.06875
Task 45 800 0.05625
GW 0.98
Task 50 100 0.5
Task 15 100 0.15
Task 28 200 0.14
Task 14 200 0.07
Task 26 400 0.065
Task 44 800 0.055
GW 0
-------------
031
-------------
GW 0.9875
Task 42 100 0.42
Task 52 200 0.26
Task 56 400 0.14
Task 25 400 0.0625
Task 21 400 0.0525
Task 42 800 0.0525
GW 0.9875
Task 71 100 0.71
Task 6 100 0.06
Task 11 200 0.055
Task 11 200 0.055
Task 45 800 0.05625
Task 41 800 0.05125
GW 0
-------------
032
-------------
GW 0.98625
Task 38 100 0.38
Task 64 200 0.32
Task 48 400 0.12
Task 23 400 0.0575
Task 23 400 0.0575
Task 41 800 0.05125
GW 0.98875
Task 30 100 0.3
Task 86 400 0.215
Task 73 400 0.1825
Task 53 400 0.1325
Task 40 400 0.1
Task 47 800 0.05875
GW 0
-------------
033
-------------
GW 0.98
Task 48 100 0.48
Task 25 100 0.25
Task 9 100 0.09
Task 11 200 0.055
Task 44 800 0.055
Task 40 800 0.05
GW 0.98625
Task 67 100 0.67
Task 10 100 0.1
Task 12 200 0.06
Task 22 400 0.055
Task 41 800 0.05125
Task 40 800 0.05
GW 0
-------------
034
-------------
GW 0.9675
Task 30 100 0.3
Task 20 100 0.2
Task 17 100 0.17
Task 27 200 0.135
Task 45 400 0.1125
Task 40 800 0.05
GW 0.98375
Task 45 100 0.45
Task 29 100 0.29
Task 14 200 0.07
Task 51 800 0.06375
Task 45 800 0.05625
Task 43 800 0.05375
GW 0
-------------
035
-------------
GW 0.98
Task 47 100 0.47
Task 17 100 0.17
Task 27 200 0.135
Task 21 200 0.105
Task 10 200 0.05
Task 10 200 0.05
GW 0.995
Task 102 200 0.51
Task 125 800 0.15625
Task 96 800 0.12
Task 79 800 0.09875
Task 45 800 0.05625
Task 43 800 0.05375
GW 0
-------------
036
-------------
GW 0.99
Task 64 100 0.64
Task 11 100 0.11
Task 18 200 0.09
Task 10 200 0.05
Task 10 200 0.05
Task 40 800 0.05
GW 0.97
Task 46 100 0.46
Task 19 100 0.19
Task 16 100 0.16
Task 6 100 0.06
Task 10 200 0.05
Task 40 800 0.05
GW 0
-------------
037
-------------
GW 0.98375
Task 67 100 0.67
Task 8 100 0.08
Task 13 200 0.065
Task 11 200 0.055
Task 23 400 0.0575
Task 45 800 0.05625
GW 0.99
Task 50 100 0.5
Task 26 100 0.26
Task 8 100 0.08
Task 10 200 0.05
Task 20 400 0.05
Task 40 800 0.05
GW 0
-------------
038
-------------
GW 0.99
Task 39 100 0.39
Task 63 200 0.315
Task 38 400 0.095
Task 32 400 0.08
Task 44 800 0.055
Task 44 800 0.055
GW 0.98375
Task 67 100 0.67
Task 8 100 0.08
Task 15 200 0.075
Task 22 400 0.055
Task 21 400 0.0525
Task 41 800 0.05125
GW 0
-------------
039
-------------
GW 0.98375
Task 32 100 0.32
Task 31 100 0.31
Task 10 100 0.1
Task 38 400 0.095
Task 32 400 0.08
Task 63 800 0.07875
GW 0.98
Task 68 100 0.68
Task 7 100 0.07
Task 13 200 0.065
Task 13 200 0.065
Task 10 200 0.05
Task 40 800 0.05
GW 0
-------------
040
-------------
GW 0.99
Task 66 100 0.66
Task 11 100 0.11
Task 12 200 0.06
Task 23 400 0.0575
Task 21 400 0.0525
Task 40 800 0.05
GW 0.985
Task 60 100 0.6
Task 12 100 0.12
Task 18 200 0.09
Task 25 400 0.0625
Task 49 800 0.06125
Task 41 800 0.05125
GW 0
-------------
041
-------------
GW 0.9875
Task 58 100 0.58
Task 26 200 0.13
Task 42 400 0.105
Task 51 800 0.06375
Task 46 800 0.0575
Task 41 800 0.05125
GW 0.9925
Task 49 100 0.49
Task 112 400 0.28
Task 49 800 0.06125
Task 44 800 0.055
Task 43 800 0.05375
Task 42 800 0.0525
GW 0
-------------
042
-------------
GW 0.99
Task 30 100 0.3
Task 58 200 0.29
Task 49 200 0.245
Task 21 400 0.0525
Task 42 800 0.0525
Task 40 800 0.05
GW 0.9925
Task 35 100 0.35
Task 38 200 0.19
Task 72 400 0.18
Task 44 400 0.11
Task 80 800 0.1
Task 50 800 0.0625
GW 0
-------------
043
-------------
GW 0.9875
Task 25 100 0.25
Task 24 100 0.24
Task 75 400 0.1875
Task 151 800 0.18875
Task 50 800 0.0625
Task 47 800 0.05875
GW 0.9925
Task 123 200 0.615
Task 52 400 0.13
Task 30 400 0.075
Task 54 800 0.0675
Task 43 800 0.05375
Task 41 800 0.05125
GW 0
-------------
044
-------------
GW 0.99375
Task 92 200 0.46
Task 42 200 0.21
Task 24 200 0.12
Task 37 400 0.0925
Task 23 400 0.0575
Task 43 800 0.05375
GW 0.98875
Task 62 100 0.62
Task 23 200 0.115
Task 39 400 0.0975
Task 22 400 0.055
Task 20 400 0.05
Task 41 800 0.05125
GW 0
-------------
045
-------------
GW 0.99
Task 25 100 0.25
Task 49 200 0.245
Task 57 400 0.1425
Task 50 400 0.125
Task 48 400 0.12
Task 43 400 0.1075
GW 0.96
Task 38 100 0.38
Task 24 100 0.24
Task 11 100 0.11
Task 9 100 0.09
Task 9 100 0.09
Task 10 200 0.05
GW 0
-------------
046
-------------
GW 0.98875
Task 51 100 0.51
Task 37 200 0.185
Task 46 400 0.115
Task 26 400 0.065
Task 48 800 0.06
Task 43 800 0.05375
GW 0.98
Task 36 100 0.36
Task 33 100 0.33
Task 20 200 0.1
Task 27 400 0.0675
Task 52 800 0.065
Task 46 800 0.0575
GW 0
-------------
047
-------------
GW 0.99125
Task 75 200 0.375
Task 47 200 0.235
Task 41 200 0.205
Task 25 400 0.0625
Task 50 800 0.0625
Task 41 800 0.05125
GW 0.995
Task 50 200 0.25
Task 42 200 0.21
Task 75 400 0.1875
Task 65 400 0.1625
Task 50 400 0.125
Task 24 400 0.06
GW 0
-------------
048
-------------
GW 0.985
Task 43 100 0.43
Task 27 100 0.27
Task 15 200 0.075
Task 15 200 0.075
Task 14 200 0.07
Task 26 400 0.065
GW 0.9825
Task 37 100 0.37
Task 37 200 0.185
Task 34 200 0.17
Task 56 400 0.14
Task 54 800 0.0675
Task 40 800 0.05
GW 0
-------------
049
-------------
GW 0.99
Task 59 100 0.59
Task 39 200 0.195
Task 21 400 0.0525
Task 21 400 0.0525
Task 20 400 0.05
Task 40 800 0.05
GW 0.97875
Task 24 100 0.24
Task 22 100 0.22
Task 40 200 0.2
Task 32 200 0.16
Task 87 800 0.10875
Task 40 800 0.05
GW 0
-------------
050
-------------
GW 0.98875
Task 53 100 0.53
Task 21 100 0.21
Task 8 100 0.08
Task 26 400 0.065
Task 42 800 0.0525
Task 41 800 0.05125
GW 0.995
Task 114 200 0.57
Task 52 400 0.13
Task 38 400 0.095
Task 36 400 0.09
Task 46 800 0.0575
Task 42 800 0.0525
GW 0
-------------
051
-------------
GW 0.98
Task 29 100 0.29
Task 20 100 0.2
Task 32 200 0.16
Task 53 400 0.1325
Task 43 400 0.1075
Task 72 800 0.09
GW 0.98
Task 45 100 0.45
Task 22 100 0.22
Task 31 200 0.155
Task 21 400 0.0525
Task 21 400 0.0525
Task 40 800 0.05
GW 0
-------------
052
-------------
GW 0.98
Task 35 100 0.35
Task 18 100 0.18
Task 15 100 0.15
Task 15 100 0.15
Task 20 200 0.1
Task 10 200 0.05
GW 0.9775
Task 66 100 0.66
Task 7 100 0.07
Task 7 100 0.07
Task 13 200 0.065
Task 23 400 0.0575
Task 44 800 0.055
GW 0
-------------
053
-------------
GW 0.98
Task 61 100 0.61
Task 11 100 0.11
Task 8 100 0.08
Task 29 400 0.0725
Task 23 400 0.0575
Task 40 800 0.05
GW 0.9825
Task 40 100 0.4
Task 20 100 0.2
Task 21 200 0.105
Task 42 400 0.105
Task 35 400 0.0875
Task 68 800 0.085
GW 0
-------------
054
-------------
GW 0.98875
Task 49 100 0.49
Task 58 200 0.29
Task 11 200 0.055
Task 21 400 0.0525
Task 41 800 0.05125
Task 40 800 0.05
GW 0.99
Task 42 100 0.42
Task 113 400 0.2825
Task 33 400 0.0825
Task 31 400 0.0775
Task 52 800 0.065
Task 50 800 0.0625
GW 0
-------------
055
-------------
GW 0.99375
Task 111 200 0.555
Task 34 200 0.17
Task 40 400 0.1
Task 26 400 0.065
Task 43 800 0.05375
Task 40 800 0.05
GW 0.9925
Task 55 100 0.55
Task 13 100 0.13
Task 19 200 0.095
Task 17 200 0.085
Task 53 800 0.06625
Task 53 800 0.06625
GW 0
-------------
056
-------------
GW 0.98625
Task 38 100 0.38
Task 64 200 0.32
Task 19 200 0.095
Task 29 400 0.0725
Task 55 800 0.06875
Task 40 800 0.05
GW 0.985
Task 115 200 0.575
Task 38 200 0.19
Task 12 200 0.06
Task 22 400 0.055
Task 22 400 0.055
Task 40 800 0.05
GW 0
-------------
057
-------------
GW 0.9725
Task 42 100 0.42
Task 18 100 0.18
Task 12 100 0.12
Task 10 100 0.1
Task 33 400 0.0825
Task 28 400 0.07
GW 0.99
Task 118 200 0.59
Task 18 200 0.09
Task 17 200 0.085
Task 66 800 0.0825
Task 58 800 0.0725
Task 56 800 0.07
GW 0
-------------
058
-------------
GW 0.98125
Task 31 100 0.31
Task 23 100 0.23
Task 38 200 0.19
Task 42 400 0.105
Task 31 400 0.0775
Task 55 800 0.06875
GW 0.98875
Task 64 200 0.32
Task 44 200 0.22
Task 65 400 0.1625
Task 52 400 0.13
Task 64 800 0.08
Task 61 800 0.07625
GW 0
-------------
059
-------------
GW 0.98875
Task 55 100 0.55
Task 24 200 0.12
Task 44 400 0.11
Task 40 400 0.1
Task 47 800 0.05875
Task 40 800 0.05
GW 0.98375
Task 30 100 0.3
Task 60 200 0.3
Task 59 400 0.1475
Task 39 400 0.0975
Task 29 400 0.0725
Task 53 800 0.06625
GW 0
-------------
060
-------------
GW 0.9925
Task 33 100 0.33
Task 91 400 0.2275
Task 70 400 0.175
Task 117 800 0.14625
Task 49 800 0.06125
Task 42 800 0.0525
GW 0.985
Task 24 100 0.24
Task 23 100 0.23
Task 40 200 0.2
Task 74 400 0.185
Task 60 800 0.075
Task 44 800 0.055
GW 0
-------------
061
-------------
GW 0.99
Task 41 100 0.41
Task 31 100 0.31
Task 17 200 0.085
Task 13 200 0.065
Task 25 400 0.0625
Task 46 800 0.0575
GW 0.98875
Task 32 100 0.32
Task 82 400 0.205
Task 64 400 0.16
Task 103 800 0.12875
Task 93 800 0.11625
Task 47 800 0.05875
GW 0
-------------
062
-------------
GW 0.9825
Task 30 100 0.3
Task 59 200 0.295
Task 44 400 0.11
Task 42 400 0.105
Task 36 400 0.09
Task 66 800 0.0825
GW 0.99
Task 65 200 0.325
Task 51 200 0.255
Task 43 200 0.215
Task 29 400 0.0725
Task 26 400 0.065
Task 46 800 0.0575
GW 0
-------------
063
-------------
GW 0.99125
Task 42 100 0.42
Task 49 200 0.245
Task 34 200 0.17
Task 21 400 0.0525
Task 43 800 0.05375
Task 40 800 0.05
GW 0.99
Task 72 100 0.72
Task 7 100 0.07
Task 5 100 0.05
Task 10 200 0.05
Task 10 200 0.05
Task 40 800 0.05
GW 0
-------------
064
-------------
GW 0.98
Task 52 100 0.52
Task 25 100 0.25
Task 6 100 0.06
Task 10 200 0.05
Task 20 400 0.05
Task 40 800 0.05
GW 0.99
Task 67 100 0.67
Task 9 100 0.09
Task 12 200 0.06
Task 24 400 0.06
Task 47 800 0.05875
Task 41 800 0.05125
GW 0
-------------
065
-------------
GW 0.985
Task 66 100 0.66
Task 8 100 0.08
Task 15 200 0.075
Task 13 200 0.065
Task 22 400 0.055
Task 40 800 0.05
GW 0.98375
Task 56 100 0.56
Task 42 200 0.21
Task 22 400 0.055
Task 44 800 0.055
Task 42 800 0.0525
Task 41 800 0.05125
GW 0
-------------
066
-------------
GW 0.99125
Task 53 100 0.53
Task 16 100 0.16
Task 26 200 0.13
Task 27 400 0.0675
Task 21 400 0.0525
Task 41 800 0.05125
GW 0.98125
Task 25 100 0.25
Task 49 200 0.245
Task 43 200 0.215
Task 29 200 0.145
Task 14 200 0.07
Task 45 800 0.05625
GW 0
-------------
067
-------------
GW 0.99
Task 65 100 0.65
Task 14 100 0.14
Task 5 100 0.05
Task 10 200 0.05
Task 20 400 0.05
Task 20 400 0.05
GW 0.98625
Task 46 100 0.46
Task 96 400 0.24
Task 42 400 0.105
Task 59 800 0.07375
Task 44 800 0.055
Task 42 800 0.0525
GW 0
-------------
068
-------------
GW 0.99
Task 38 100 0.38
Task 24 100 0.24
Task 12 100 0.12
Task 21 200 0.105
Task 31 400 0.0775
Task 27 400 0.0675
GW 0.9825
Task 60 100 0.6
Task 10 100 0.1
Task 9 100 0.09
Task 13 200 0.065
Task 26 400 0.065
Task 25 400 0.0625
GW 0
-------------
069
-------------
GW 0.98875
Task 55 100 0.55
Task 46 200 0.23
Task 11 200 0.055
Task 21 400 0.0525
Task 41 800 0.05125
Task 40 800 0.05
GW 0.99
Task 58 100 0.58
Task 28 200 0.14
Task 17 200 0.085
Task 28 400 0.07
Task 25 400 0.0625
Task 21 400 0.0525
GW 0
-------------
070
-------------
GW 0.98
Task 48 100 0.48
Task 18 100 0.18
Task 21 200 0.105
Task 20 200 0.1
Task 12 200 0.06
Task 11 200 0.055
GW 0.9825
Task 56 100 0.56
Task 11 100 0.11
Task 21 200 0.105
Task 75 800 0.09375
Task 46 800 0.0575
Task 45 800 0.05625
GW 0
-------------
071
-------------
GW 0.99
Task 53 100 0.53
Task 52 200 0.26
Task 20 400 0.05
Task 20 400 0.05
Task 20 400 0.05
Task 40 800 0.05
GW 0.9875
Task 40 100 0.4
Task 17 100 0.17
Task 50 400 0.125
Task 49 400 0.1225
Task 47 400 0.1175
Task 42 800 0.0525
GW 0
-------------
072
-------------
GW 0.99375
Task 81 200 0.405
Task 71 400 0.1775
Task 53 400 0.1325
Task 47 400 0.1175
Task 82 800 0.1025
Task 47 800 0.05875
GW 0.99
Task 73 100 0.73
Task 6 100 0.06
Task 5 100 0.05
Task 10 200 0.05
Task 20 400 0.05
Task 40 800 0.05
GW 0
-------------
073
-------------
GW 0.98
Task 70 100 0.7
Task 6 100 0.06
Task 12 200 0.06
Task 11 200 0.055
Task 22 400 0.055
Task 20 400 0.05
GW 0.9925
Task 46 100 0.46
Task 58 200 0.29
Task 18 200 0.09
Task 21 400 0.0525
Task 40 800 0.05
Task 40 800 0.05
GW 0
-------------
074
-------------
GW 0.98875
Task 127 200 0.635
Task 42 400 0.105
Task 27 400 0.0675
Task 49 800 0.06125
Task 49 800 0.06125
Task 47 800 0.05875
GW 0.99
Task 39 100 0.39
Task 186 800 0.2325
Task 108 800 0.135
Task 104 800 0.13
Task 41 800 0.05125
Task 41 800 0.05125
GW 0
-------------
075
-------------
GW 0.99125
Task 71 100 0.71
Task 29 400 0.0725
Task 45 800 0.05625
Task 42 800 0.0525
Task 40 800 0.05
Task 40 800 0.05
GW 0.9875
Task 52 100 0.52
Task 22 100 0.22
Task 15 200 0.075
Task 29 400 0.0725
Task 20 400 0.05
Task 40 800 0.05
GW 0
-------------
076
-------------
GW 0.98
Task 60 100 0.6
Task 18 100 0.18
Task 10 200 0.05
Task 10 200 0.05
Task 40 800 0.05
Task 40 800 0.05
GW 0.99
Task 55 100 0.55
Task 46 200 0.23
Task 12 200 0.06
Task 40 800 0.05
Task 40 800 0.05
Task 40 800 0.05
GW 0
-------------
077
-------------
GW 0.98375
Task 39 100 0.39
Task 19 100 0.19
Task 24 200 0.12
Task 22 200 0.11
Task 37 400 0.0925
Task 65 800 0.08125
GW 0.97
Task 66 100 0.66
Task 10 100 0.1
Task 6 100 0.06
Task 5 100 0.05
Task 10 200 0.05
Task 40 800 0.05
GW 0
-------------
078
-------------
GW 0.9825
Task 36 100 0.36
Task 33 100 0.33
Task 20 200 0.1
Task 35 400 0.0875
Task 21 400 0.0525
Task 42 800 0.0525
GW 0.9925
Task 33 100 0.33
Task 46 200 0.23
Task 40 200 0.2
Task 102 800 0.1275
Task 43 800 0.05375
Task 41 800 0.05125
GW 0
-------------
079
-------------
GW 0.995
Task 60 100 0.6
Task 39 200 0.195
Task 10 200 0.05
Task 40 800 0.05
Task 40 800 0.05
Task 40 800 0.05
GW 0.98
Task 55 100 0.55
Task 11 100 0.11
Task 21 200 0.105
Task 17 200 0.085
Task 30 400 0.075
Task 22 400 0.055
GW 0
-------------
080
-------------
GW 0.98625
Task 66 100 0.66
Task 10 100 0.1
Task 27 400 0.0675
Task 23 400 0.0575
Task 41 800 0.05125
Task 40 800 0.05
GW 0.9825
Task 31 100 0.31
Task 44 200 0.22
Task 65 400 0.1625
Task 52 400 0.13
Task 37 400 0.0925
Task 27 400 0.0675
GW 0
-------------
081
-------------
GW 0.985
Task 34 100 0.34
Task 50 200 0.25
Task 77 400 0.1925
Task 65 800 0.08125
Task 51 800 0.06375
Task 46 800 0.0575
GW 0.98375
Task 70 100 0.7
Task 15 200 0.075
Task 11 200 0.055
Task 10 200 0.05
Task 21 400 0.0525
Task 41 800 0.05125
GW 0
-------------
082
-------------
GW 0.9825
Task 50 100 0.5
Task 21 100 0.21
Task 17 200 0.085
Task 15 200 0.075
Task 25 400 0.0625
Task 40 800 0.05
GW 0.98375
Task 34 100 0.34
Task 20 100 0.2
Task 17 100 0.17
Task 14 100 0.14
Task 30 400 0.075
Task 47 800 0.05875
GW 0
-------------
083
-------------
GW 0.98875
Task 68 100 0.68
Task 9 100 0.09
Task 12 200 0.06
Task 11 200 0.055
Task 42 800 0.0525
Task 41 800 0.05125
GW 0.9825
Task 48 100 0.48
Task 23 100 0.23
Task 17 200 0.085
Task 16 200 0.08
Task 22 400 0.055
Task 42 800 0.0525
GW 0
-------------
084
-------------
GW 0.99125
Task 74 100 0.74
Task 10 200 0.05
Task 10 200 0.05
Task 10 200 0.05
Task 41 800 0.05125
Task 40 800 0.05
GW 0.99125
Task 48 100 0.48
Task 29 200 0.145
Task 50 400 0.125
Task 99 800 0.12375
Task 54 800 0.0675
Task 40 800 0.05
GW 0
-------------
085
-------------
GW 0.99
Task 70 100 0.7
Task 15 200 0.075
Task 13 200 0.065
Task 20 400 0.05
Task 40 800 0.05
Task 40 800 0.05
GW 0.99
Task 56 100 0.56
Task 23 100 0.23
Task 5 100 0.05
Task 20 400 0.05
Task 20 400 0.05
Task 40 800 0.05
GW 0
-------------
086
-------------
GW 0.99
Task 42 100 0.42
Task 37 100 0.37
Task 5 100 0.05
Task 5 100 0.05
Task 10 200 0.05
Task 20 400 0.05
GW 0.98
Task 24 100 0.24
Task 20 100 0.2
Task 32 200 0.16
Task 32 200 0.16
Task 25 200 0.125
Task 38 400 0.095
GW 0
-------------
087
-------------
GW 0.99375
Task 100 200 0.5
Task 45 200 0.225
Task 47 400 0.1175
Task 20 400 0.05
Task 41 800 0.05125
Task 40 800 0.05
GW 0.98125
Task 61 100 0.61
Task 12 100 0.12
Task 17 200 0.085
Task 47 800 0.05875
Task 44 800 0.055
Task 42 800 0.0525
GW 0
-------------
088
-------------
GW 0.9875
Task 59 200 0.295
Task 47 200 0.235
Task 43 200 0.215
Task 50 400 0.125
Task 27 400 0.0675
Task 20 400 0.05
GW 0.975
Task 61 100 0.61
Task 13 100 0.13
Task 8 100 0.08
Task 22 400 0.055
Task 20 400 0.05
Task 40 800 0.05
GW 0
-------------
089
-------------
GW 0.985
Task 73 100 0.73
Task 11 200 0.055
Task 10 200 0.05
Task 10 200 0.05
Task 10 200 0.05
Task 20 400 0.05
GW 0.98
Task 73 100 0.73
Task 5 100 0.05
Task 10 200 0.05
Task 10 200 0.05
Task 20 400 0.05
Task 40 800 0.05
GW 0
-------------
090
-------------
GW 0.9875
Task 36 100 0.36
Task 51 200 0.255
Task 59 400 0.1475
Task 43 400 0.1075
Task 49 800 0.06125
Task 45 800 0.05625
GW 0.98125
Task 58 100 0.58
Task 12 100 0.12
Task 16 200 0.08
Task 30 400 0.075
Task 52 800 0.065
Task 49 800 0.06125
GW 0
-------------
091
-------------
GW 0.99
Task 72 100 0.72
Task 6 100 0.06
Task 6 100 0.06
Task 10 200 0.05
Task 20 400 0.05
Task 40 800 0.05
GW 0.98875
Task 90 200 0.45
Task 46 200 0.23
Task 43 400 0.1075
Task 31 400 0.0775
Task 50 800 0.0625
Task 49 800 0.06125
GW 0
-------------
092
-------------
GW 0.975
Task 33 100 0.33
Task 31 100 0.31
Task 12 100 0.12
Task 22 200 0.11
Task 11 200 0.055
Task 20 400 0.05
GW 0.99
Task 30 100 0.3
Task 47 200 0.235
Task 32 200 0.16
Task 59 400 0.1475
Task 74 800 0.0925
Task 44 800 0.055
GW 0
-------------
093
-------------
GW 0.9925
Task 74 200 0.37
Task 54 200 0.27
Task 62 400 0.155
Task 33 400 0.0825
Task 24 400 0.06
Task 44 800 0.055
GW 0.99
Task 52 100 0.52
Task 19 100 0.19
Task 17 200 0.085
Task 14 200 0.07
Task 27 400 0.0675
Task 46 800 0.0575
GW 0
-------------
094
-------------
GW 0.9875
Task 93 200 0.465
Task 37 200 0.185
Task 28 200 0.14
Task 35 400 0.0875
Task 22 400 0.055
Task 44 800 0.055
GW 0.9875
Task 57 100 0.57
Task 59 400 0.1475
Task 46 400 0.115
Task 21 400 0.0525
Task 41 800 0.05125
Task 41 800 0.05125
GW 0
-------------
095
-------------
GW 0.9875
Task 41 100 0.41
Task 134 400 0.335
Task 36 400 0.09
Task 20 400 0.05
Task 41 800 0.05125
Task 41 800 0.05125
GW 0.99125
Task 59 100 0.59
Task 35 200 0.175
Task 29 400 0.0725
Task 21 400 0.0525
Task 41 800 0.05125
Task 40 800 0.05
GW 0
-------------
096
-------------
GW 0.99375
Task 52 100 0.52
Task 29 200 0.145
Task 43 400 0.1075
Task 84 800 0.105
Task 53 800 0.06625
Task 40 800 0.05
GW 0.98875
Task 117 200 0.585
Task 57 400 0.1425
Task 34 400 0.085
Task 26 400 0.065
Task 49 800 0.06125
Task 40 800 0.05
GW 0
-------------
097
-------------
GW 0.97
Task 65 100 0.65
Task 12 100 0.12
Task 5 100 0.05
Task 5 100 0.05
Task 20 400 0.05
Task 20 400 0.05
GW 0.99375
Task 139 200 0.695
Task 32 400 0.08
Task 25 400 0.0625
Task 43 800 0.05375
Task 41 800 0.05125
Task 41 800 0.05125
GW 0
-------------
098
-------------
GW 0.985
Task 44 100 0.44
Task 53 200 0.265
Task 22 200 0.11
Task 13 200 0.065
Task 22 400 0.055
Task 20 400 0.05
GW 0.98625
Task 24 100 0.24
Task 22 100 0.22
Task 43 200 0.215
Task 75 400 0.1875
Task 28 400 0.07
Task 43 800 0.05375
GW 0
-------------
099
-------------
GW 0.9875
Task 32 100 0.32
Task 45 200 0.225
Task 31 200 0.155
Task 31 200 0.155
Task 28 400 0.07
Task 50 800 0.0625
GW 0.985
Task 29 100 0.29
Task 25 100 0.25
Task 30 200 0.15
Task 30 200 0.15
Task 31 400 0.0775
Task 27 400 0.0675
GW 0
-------------
100
-------------
