GW 1.98
Task 115 200 0.575
Task 104 200 0.52
Task 389 800 0.48625
Task 43 400 0.1075
Task 5 100 0.05
Task 20 400 0.05
Task 40 800 0.05
Task 19 400 0.0475
Task 9 200 0.045
Task 39 800 0.04875
GW 1.975
Task 224 400 0.56
Task 429 800 0.53625
Task 29 100 0.29
Task 99 400 0.2475
Task 72 800 0.09
Task 6 100 0.06
Task 21 400 0.0525
Task 5 100 0.05
Task 4 100 0.04
Task 39 800 0.04875
GW 0
-------------
001
-------------
GW 1.9775
Task 133 200 0.665
Task 120 200 0.6
Task 33 100 0.33
Task 14 200 0.07
Task 47 800 0.05875
Task 45 800 0.05625
Task 5 100 0.05
Task 10 200 0.05
Task 39 800 0.04875
Task 39 800 0.04875
GW 1.99125
Task 95 100 0.95
Task 103 400 0.2575
Task 38 200 0.19
Task 69 400 0.1725
Task 98 800 0.1225
Task 39 400 0.0975
Task 42 800 0.0525
Task 5 100 0.05
Task 20 400 0.05
Task 39 800 0.04875
GW 0
-------------
002
-------------
GW 1.9825
Task 267 400 0.6675
Task 73 200 0.365
Task 109 400 0.2725
Task 25 100 0.25
Task 76 800 0.095
Task 36 400 0.09
Task 56 800 0.07
Task 28 400 0.07
Task 42 800 0.0525
Task 5 100 0.05
GW 1.98375
Task 67 100 0.67
Task 39 100 0.39
Task 135 400 0.3375
Task 102 800 0.1275
Task 49 400 0.1225
Task 36 400 0.09
Task 17 200 0.085
Task 50 800 0.0625
Task 5 100 0.05
Task 39 800 0.04875
GW 0
-------------
003
-------------
GW 1.96625
Task 80 100 0.8
Task 134 200 0.67
Task 10 100 0.1
Task 64 800 0.08
Task 12 200 0.06
Task 24 400 0.06
Task 48 800 0.06
Task 4 100 0.04
Task 19 400 0.0475
Task 39 800 0.04875
GW 1.975
Task 664 800 0.83
Task 220 400 0.55
Task 13 100 0.13
Task 46 400 0.115
Task 18 200 0.09
Task 29 400 0.0725
Task 10 200 0.05
Task 9 200 0.045
Task 9 200 0.045
Task 19 400 0.0475
GW 0
-------------
004
-------------
GW 1.9825
Task 144 200 0.72
Task 454 800 0.5675
Task 89 400 0.2225
Task 41 400 0.1025
Task 18 200 0.09
Task 27 400 0.0675
Task 50 800 0.0625
Task 22 400 0.055
Task 10 200 0.05
Task 9 200 0.045
GW 1.985
Task 356 400 0.89
Task 159 400 0.3975
Task 134 800 0.1675
Task 47 400 0.1175
Task 82 800 0.1025
Task 17 200 0.085
Task 49 800 0.06125
Task 47 800 0.05875
Task 11 200 0.055
Task 10 200 0.05
GW 0
-------------
005
-------------
GW 1.9575
Task 79 100 0.79
Task 194 400 0.485
Task 65 200 0.325
Task 34 400 0.085
Task 5 100 0.05
Task 5 100 0.05
Task 9 200 0.045
Task 4 100 0.04
Task 4 100 0.04
Task 19 400 0.0475
GW 1.98875
Task 130 200 0.65
Task 188 400 0.47
Task 88 200 0.44
Task 67 800 0.08375
Task 14 200 0.07
Task 13 200 0.065
Task 22 400 0.055
Task 42 800 0.0525
Task 42 800 0.0525
Task 20 400 0.05
GW 0
-------------
006
-------------
GW 1.96625
Task 262 400 0.655
Task 276 800 0.345
Task 261 800 0.32625
Task 24 100 0.24
Task 9 100 0.09
Task 19 200 0.095
Task 60 800 0.075
Task 5 100 0.05
Task 20 400 0.05
Task 4 100 0.04
GW 1.965
Task 222 400 0.555
Task 65 200 0.325
Task 234 800 0.2925
Task 28 100 0.28
Task 20 100 0.2
Task 13 100 0.13
Task 5 100 0.05
Task 19 400 0.0475
Task 4 100 0.04
Task 9 200 0.045
GW 0
-------------
007
-------------
GW 1.9725
Task 61 100 0.61
Task 185 400 0.4625
Task 32 100 0.32
Task 55 400 0.1375
Task 98 800 0.1225
Task 34 400 0.085
Task 15 200 0.075
Task 13 200 0.065
Task 5 100 0.05
Task 9 200 0.045
GW 1.9775
Task 315 400 0.7875
Task 533 800 0.66625
Task 65 400 0.1625
Task 27 400 0.0675
Task 50 800 0.0625
Task 10 200 0.05
Task 39 800 0.04875
Task 19 400 0.0475
Task 4 100 0.04
Task 9 200 0.045
GW 0
-------------
008
-------------
GW 1.98375
Task 75 100 0.75
Task 42 100 0.42
Task 30 100 0.3
Task 161 800 0.20125
Task 53 800 0.06625
Task 20 400 0.05
Task 5 100 0.05
Task 40 800 0.05
Task 19 400 0.0475
Task 39 800 0.04875
GW 1.97
Task 364 400 0.91
Task 201 400 0.5025
Task 29 200 0.145
Task 10 100 0.1
Task 8 100 0.08
Task 39 800 0.04875
Task 39 800 0.04875
Task 4 100 0.04
Task 19 400 0.0475
Task 19 400 0.0475
GW 0
-------------
009
-------------
GW 1.975
Task 68 100 0.68
Task 195 400 0.4875
Task 55 200 0.275
Task 13 100 0.13
Task 40 400 0.1
Task 8 100 0.08
Task 7 100 0.07
Task 21 400 0.0525
Task 10 200 0.05
Task 20 400 0.05
GW 1.98625
Task 243 400 0.6075
Task 113 200 0.565
Task 120 400 0.3
Task 50 400 0.125
Task 38 400 0.095
Task 28 400 0.07
Task 51 800 0.06375
Task 24 400 0.06
Task 10 200 0.05
Task 10 200 0.05
GW 0
-------------
010
-------------
GW 1.98
Task 136 200 0.68
Task 122 400 0.305
Task 216 800 0.27
Task 42 200 0.21
Task 82 400 0.205
Task 9 100 0.09
Task 6 100 0.06
Task 48 800 0.06
Task 5 100 0.05
Task 10 200 0.05
GW 1.98125
Task 396 400 0.99
Task 179 400 0.4475
Task 70 400 0.175
Task 13 200 0.065
Task 24 400 0.06
Task 22 400 0.055
Task 40 800 0.05
Task 5 100 0.05
Task 4 100 0.04
Task 39 800 0.04875
GW 0
-------------
011
-------------
GW 1.97625
Task 347 400 0.8675
Task 249 800 0.31125
Task 24 100 0.24
Task 56 400 0.14
Task 52 400 0.13
Task 8 100 0.08
Task 23 400 0.0575
Task 22 400 0.055
Task 40 800 0.05
Task 9 200 0.045
GW 1.9825
Task 386 400 0.965
Task 33 100 0.33
Task 55 200 0.275
Task 94 800 0.1175
Task 12 200 0.06
Task 39 800 0.04875
Task 39 800 0.04875
Task 9 200 0.045
Task 19 400 0.0475
Task 9 200 0.045
GW 0
-------------
012
-------------
GW 1.97625
Task 248 400 0.62
Task 89 200 0.445
Task 40 200 0.2
Task 66 400 0.165
Task 27 200 0.135
Task 101 800 0.12625
Task 38 400 0.095
Task 14 200 0.07
Task 56 800 0.07
Task 5 100 0.05
GW 1.96875
Task 73 100 0.73
Task 85 200 0.425
Task 223 800 0.27875
Task 167 800 0.20875
Task 33 400 0.0825
Task 22 400 0.055
Task 10 200 0.05
Task 40 800 0.05
Task 4 100 0.04
Task 39 800 0.04875
GW 0
-------------
013
-------------
GW 1.9775
Task 294 400 0.735
Task 109 200 0.545
Task 46 200 0.23
Task 41 400 0.1025
Task 18 200 0.09
Task 60 800 0.075
Task 5 100 0.05
Task 21 400 0.0525
Task 10 200 0.05
Task 19 400 0.0475
GW 1.9725
Task 140 200 0.7
Task 64 100 0.64
Task 95 400 0.2375
Task 7 100 0.07
Task 29 400 0.0725
Task 22 400 0.055
Task 22 400 0.055
Task 10 200 0.05
Task 9 200 0.045
Task 19 400 0.0475
GW 0
-------------
014
-------------
GW 1.97125
Task 71 100 0.71
Task 51 200 0.255
Task 100 400 0.25
Task 93 400 0.2325
Task 123 800 0.15375
Task 30 200 0.15
Task 13 200 0.065
Task 22 400 0.055
Task 10 200 0.05
Task 10 200 0.05
GW 1.9575
Task 69 100 0.69
Task 185 400 0.4625
Task 224 800 0.28
Task 69 400 0.1725
Task 54 400 0.135
Task 4 100 0.04
Task 4 100 0.04
Task 4 100 0.04
Task 39 800 0.04875
Task 39 800 0.04875
GW 0
-------------
015
-------------
GW 1.96125
Task 60 100 0.6
Task 103 200 0.515
Task 50 100 0.5
Task 12 200 0.06
Task 11 200 0.055
Task 21 400 0.0525
Task 39 800 0.04875
Task 9 200 0.045
Task 9 200 0.045
Task 4 100 0.04
GW 1.9775
Task 169 200 0.845
Task 43 100 0.43
Task 69 200 0.345
Task 24 400 0.06
Task 45 800 0.05625
Task 20 400 0.05
Task 19 400 0.0475
Task 39 800 0.04875
Task 19 400 0.0475
Task 19 400 0.0475
GW 0
-------------
016
-------------
GW 1.98
Task 127 200 0.635
Task 400 800 0.5
Task 43 100 0.43
Task 17 200 0.085
Task 52 800 0.065
Task 25 400 0.0625
Task 5 100 0.05
Task 43 800 0.05375
Task 20 400 0.05
Task 39 800 0.04875
GW 1.96875
Task 185 200 0.925
Task 68 200 0.34
Task 203 800 0.25375
Task 19 200 0.095
Task 68 800 0.085
Task 8 100 0.08
Task 5 100 0.05
Task 5 100 0.05
Task 9 200 0.045
Task 9 200 0.045
GW 0
-------------
017
-------------
GW 1.975
Task 171 200 0.855
Task 61 200 0.305
Task 43 200 0.215
Task 158 800 0.1975
Task 34 200 0.17
Task 10 200 0.05
Task 5 100 0.05
Task 9 200 0.045
Task 4 100 0.04
Task 19 400 0.0475
GW 1.96375
Task 281 400 0.7025
Task 273 800 0.34125
Task 26 100 0.26
Task 187 800 0.23375
Task 11 100 0.11
Task 17 200 0.085
Task 61 800 0.07625
Task 7 100 0.07
Task 4 100 0.04
Task 9 200 0.045
GW 0
-------------
018
-------------
GW 1.9775
Task 196 200 0.98
Task 146 800 0.1825
Task 62 400 0.155
Task 120 800 0.15
Task 112 800 0.14
Task 25 200 0.125
Task 32 400 0.08
Task 12 200 0.06
Task 24 400 0.06
Task 9 200 0.045
GW 1.9775
Task 306 400 0.765
Task 146 200 0.73
Task 10 100 0.1
Task 28 400 0.07
Task 5 100 0.05
Task 11 200 0.055
Task 21 400 0.0525
Task 21 400 0.0525
Task 21 400 0.0525
Task 5 100 0.05
GW 0
-------------
019
-------------
GW 1.96375
Task 307 400 0.7675
Task 75 100 0.75
Task 34 400 0.085
Task 28 400 0.07
Task 13 200 0.065
Task 45 800 0.05625
Task 4 100 0.04
Task 9 200 0.045
Task 9 200 0.045
Task 4 100 0.04
GW 1.96875
Task 96 100 0.96
Task 106 200 0.53
Task 117 800 0.14625
Task 46 800 0.0575
Task 10 200 0.05
Task 4 100 0.04
Task 39 800 0.04875
Task 4 100 0.04
Task 19 400 0.0475
Task 39 800 0.04875
GW 0
-------------
020
-------------
GW 1.97625
Task 177 200 0.885
Task 194 400 0.485
Task 183 800 0.22875
Task 16 200 0.08
Task 54 800 0.0675
Task 19 400 0.0475
Task 39 800 0.04875
Task 4 100 0.04
Task 9 200 0.045
Task 39 800 0.04875
GW 1.96
Task 726 800 0.9075
Task 118 200 0.59
Task 9 100 0.09
Task 15 200 0.075
Task 29 400 0.0725
Task 4 100 0.04
Task 39 800 0.04875
Task 19 400 0.0475
Task 39 800 0.04875
Task 4 100 0.04
GW 0
-------------
021
-------------
GW 1.965
Task 733 800 0.91625
Task 274 400 0.685
Task 5 100 0.05
Task 20 400 0.05
Task 9 200 0.045
Task 9 200 0.045
Task 4 100 0.04
Task 9 200 0.045
Task 4 100 0.04
Task 39 800 0.04875
GW 1.95875
Task 244 400 0.61
Task 119 200 0.595
Task 177 400 0.4425
Task 20 400 0.05
Task 39 800 0.04875
Task 4 100 0.04
Task 4 100 0.04
Task 9 200 0.045
Task 4 100 0.04
Task 19 400 0.0475
GW 0
-------------
022
-------------
GW 1.975
Task 78 100 0.78
Task 53 100 0.53
Task 32 200 0.16
Task 52 400 0.13
Task 90 800 0.1125
Task 6 100 0.06
Task 24 400 0.06
Task 22 400 0.055
Task 4 100 0.04
Task 19 400 0.0475
GW 1.97375
Task 61 100 0.61
Task 340 800 0.425
Task 166 400 0.415
Task 147 800 0.18375
Task 32 400 0.08
Task 6 100 0.06
Task 5 100 0.05
Task 10 200 0.05
Task 20 400 0.05
Task 20 400 0.05
GW 0
-------------
023
-------------
GW 1.97
Task 202 400 0.505
Task 75 200 0.375
Task 115 400 0.2875
Task 103 400 0.2575
Task 46 200 0.23
Task 50 400 0.125
Task 26 400 0.065
Task 4 100 0.04
Task 9 200 0.045
Task 4 100 0.04
GW 1.98125
Task 76 100 0.76
Task 46 100 0.46
Task 109 400 0.2725
Task 10 100 0.1
Task 75 800 0.09375
Task 30 400 0.075
Task 50 800 0.0625
Task 22 400 0.055
Task 21 400 0.0525
Task 10 200 0.05
GW 0
-------------
024
-------------
GW 1.97125
Task 84 200 0.42
Task 123 400 0.3075
Task 118 400 0.295
Task 25 100 0.25
Task 46 200 0.23
Task 66 400 0.165
Task 12 100 0.12
Task 16 200 0.08
Task 5 100 0.05
Task 43 800 0.05375
GW 1.96625
Task 75 100 0.75
Task 24 100 0.24
Task 41 200 0.205
Task 129 800 0.16125
Task 110 800 0.1375
Task 11 100 0.11
Task 11 100 0.11
Task 10 100 0.1
Task 8 100 0.08
Task 29 400 0.0725
GW 0
-------------
025
-------------
GW 1.97125
Task 580 800 0.725
Task 40 100 0.4
Task 250 800 0.3125
Task 21 100 0.21
Task 7 100 0.07
Task 47 800 0.05875
Task 20 400 0.05
Task 10 200 0.05
Task 40 800 0.05
Task 9 200 0.045
GW 1.985
Task 208 400 0.52
Task 99 200 0.495
Task 41 100 0.41
Task 36 200 0.18
Task 56 400 0.14
Task 20 400 0.05
Task 39 800 0.04875
Task 19 400 0.0475
Task 9 200 0.045
Task 39 800 0.04875
GW 0
-------------
026
-------------
GW 1.9825
Task 309 400 0.7725
Task 189 400 0.4725
Task 50 200 0.25
Task 23 200 0.115
Task 19 200 0.095
Task 15 200 0.075
Task 12 200 0.06
Task 9 200 0.045
Task 39 800 0.04875
Task 39 800 0.04875
GW 1.9475
Task 59 100 0.59
Task 221 400 0.5525
Task 31 100 0.31
Task 196 800 0.245
Task 4 100 0.04
Task 4 100 0.04
Task 9 200 0.045
Task 4 100 0.04
Task 9 200 0.045
Task 4 100 0.04
GW 0
-------------
027
-------------
GW 1.99
Task 182 200 0.91
Task 61 200 0.305
Task 27 100 0.27
Task 78 400 0.195
Task 23 400 0.0575
Task 43 800 0.05375
Task 10 200 0.05
Task 20 400 0.05
Task 40 800 0.05
Task 39 800 0.04875
GW 1.9725
Task 144 200 0.72
Task 183 400 0.4575
Task 23 100 0.23
Task 31 200 0.155
Task 121 800 0.15125
Task 6 100 0.06
Task 22 400 0.055
Task 5 100 0.05
Task 39 800 0.04875
Task 9 200 0.045
GW 0
-------------
028
-------------
GW 1.96625
Task 639 800 0.79875
Task 30 100 0.3
Task 55 200 0.275
Task 46 200 0.23
Task 49 400 0.1225
Task 21 400 0.0525
Task 5 100 0.05
Task 5 100 0.05
Task 19 400 0.0475
Task 4 100 0.04
GW 1.97875
Task 521 800 0.65125
Task 435 800 0.54375
Task 23 100 0.23
Task 101 800 0.12625
Task 12 100 0.12
Task 91 800 0.11375
Task 45 800 0.05625
Task 9 200 0.045
Task 9 200 0.045
Task 19 400 0.0475
GW 0
-------------
029
-------------
GW 1.97375
Task 174 200 0.87
Task 141 400 0.3525
Task 92 400 0.23
Task 28 200 0.14
Task 41 400 0.1025
Task 63 800 0.07875
Task 11 200 0.055
Task 10 200 0.05
Task 5 100 0.05
Task 9 200 0.045
GW 1.9775
Task 598 800 0.7475
Task 470 800 0.5875
Task 18 100 0.18
Task 52 400 0.13
Task 8 100 0.08
Task 10 200 0.05
Task 5 100 0.05
Task 42 800 0.0525
Task 40 800 0.05
Task 20 400 0.05
GW 0
-------------
030
-------------
GW 1.97875
Task 162 200 0.81
Task 265 800 0.33125
Task 54 200 0.27
Task 50 200 0.25
Task 8 100 0.08
Task 23 400 0.0575
Task 4 100 0.04
Task 19 400 0.0475
Task 9 200 0.045
Task 19 400 0.0475
GW 1.9625
Task 169 200 0.845
Task 291 400 0.7275
Task 56 800 0.07
Task 5 100 0.05
Task 10 200 0.05
Task 40 800 0.05
Task 9 200 0.045
Task 4 100 0.04
Task 9 200 0.045
Task 4 100 0.04
GW 0
-------------
031
-------------
GW 1.9725
Task 182 200 0.91
Task 152 400 0.38
Task 40 200 0.2
Task 102 800 0.1275
Task 42 400 0.105
Task 24 400 0.06
Task 11 200 0.055
Task 40 800 0.05
Task 4 100 0.04
Task 9 200 0.045
GW 1.9675
Task 190 400 0.475
Task 91 200 0.455
Task 62 200 0.31
Task 25 100 0.25
Task 20 200 0.1
Task 9 100 0.09
Task 18 200 0.09
Task 7 100 0.07
Task 30 400 0.075
Task 21 400 0.0525
GW 0
-------------
032
-------------
GW 1.955
Task 89 100 0.89
Task 333 800 0.41625
Task 42 200 0.21
Task 12 100 0.12
Task 9 100 0.09
Task 41 800 0.05125
Task 40 800 0.05
Task 4 100 0.04
Task 19 400 0.0475
Task 4 100 0.04
GW 1.97
Task 464 800 0.58
Task 104 200 0.52
Task 121 400 0.3025
Task 23 100 0.23
Task 35 400 0.0875
Task 48 800 0.06
Task 22 400 0.055
Task 20 400 0.05
Task 9 200 0.045
Task 4 100 0.04
GW 0
-------------
033
-------------
GW 1.97625
Task 221 400 0.5525
Task 285 800 0.35625
Task 23 100 0.23
Task 22 100 0.22
Task 36 200 0.18
Task 113 800 0.14125
Task 81 800 0.10125
Task 78 800 0.0975
Task 10 200 0.05
Task 19 400 0.0475
GW 1.94875
Task 653 800 0.81625
Task 146 200 0.73
Task 7 100 0.07
Task 46 800 0.0575
Task 5 100 0.05
Task 5 100 0.05
Task 10 200 0.05
Task 4 100 0.04
Task 4 100 0.04
Task 9 200 0.045
GW 0
-------------
034
-------------
GW 1.95625
Task 86 100 0.86
Task 27 100 0.27
Task 182 800 0.2275
Task 16 100 0.16
Task 113 800 0.14125
Task 17 200 0.085
Task 25 400 0.0625
Task 5 100 0.05
Task 10 200 0.05
Task 5 100 0.05
GW 1.96625
Task 168 200 0.84
Task 46 100 0.46
Task 18 100 0.18
Task 139 800 0.17375
Task 30 400 0.075
Task 47 800 0.05875
Task 10 200 0.05
Task 4 100 0.04
Task 39 800 0.04875
Task 4 100 0.04
GW 0
-------------
035
-------------
GW 1.9875
Task 269 400 0.6725
Task 264 400 0.66
Task 209 800 0.26125
Task 35 400 0.0875
Task 23 400 0.0575
Task 44 800 0.055
Task 5 100 0.05
Task 40 800 0.05
Task 39 800 0.04875
Task 9 200 0.045
GW 1.9725
Task 140 200 0.7
Task 137 200 0.685
Task 43 400 0.1075
Task 75 800 0.09375
Task 15 200 0.075
Task 7 100 0.07
Task 6 100 0.06
Task 53 800 0.06625
Task 12 200 0.06
Task 44 800 0.055
GW 0
-------------
036
-------------
GW 1.9875
Task 289 400 0.7225
Task 243 400 0.6075
Task 22 100 0.22
Task 33 400 0.0825
Task 6 100 0.06
Task 50 800 0.0625
Task 12 200 0.06
Task 12 200 0.06
Task 48 800 0.06
Task 42 800 0.0525
GW 1.9775
Task 42 100 0.42
Task 147 400 0.3675
Task 123 400 0.3075
Task 58 200 0.29
Task 29 200 0.145
Task 95 800 0.11875
Task 9 100 0.09
Task 75 800 0.09375
Task 30 400 0.075
Task 14 200 0.07
GW 0
-------------
037
-------------
GW 1.97125
Task 57 100 0.57
Task 223 400 0.5575
Task 73 200 0.365
Task 11 100 0.11
Task 38 400 0.095
Task 75 800 0.09375
Task 19 400 0.0475
Task 19 400 0.0475
Task 9 200 0.045
Task 4 100 0.04
GW 1.99
Task 206 400 0.515
Task 88 200 0.44
Task 220 800 0.275
Task 27 100 0.27
Task 101 800 0.12625
Task 79 800 0.09875
Task 19 200 0.095
Task 13 200 0.065
Task 44 800 0.055
Task 20 400 0.05
GW 0
-------------
038
-------------
GW 1.98625
Task 360 400 0.9
Task 526 800 0.6575
Task 63 800 0.07875
Task 5 100 0.05
Task 44 800 0.055
Task 41 800 0.05125
Task 19 400 0.0475
Task 39 800 0.04875
Task 39 800 0.04875
Task 39 800 0.04875
GW 1.96875
Task 195 200 0.975
Task 162 400 0.405
Task 21 100 0.21
Task 18 200 0.09
Task 44 800 0.055
Task 21 400 0.0525
Task 4 100 0.04
Task 9 200 0.045
Task 39 800 0.04875
Task 19 400 0.0475
GW 0
-------------
039
-------------
GW 1.97125
Task 483 800 0.60375
Task 38 100 0.38
Task 47 200 0.235
Task 23 100 0.23
Task 127 800 0.15875
Task 12 100 0.12
Task 32 400 0.08
Task 47 800 0.05875
Task 11 200 0.055
Task 10 200 0.05
GW 1.97125
Task 631 800 0.78875
Task 45 100 0.45
Task 24 100 0.24
Task 35 200 0.175
Task 13 200 0.065
Task 24 400 0.06
Task 5 100 0.05
Task 9 200 0.045
Task 39 800 0.04875
Task 39 800 0.04875
GW 0
-------------
040
-------------
GW 1.97875
Task 689 800 0.86125
Task 116 400 0.29
Task 46 200 0.23
Task 136 800 0.17
Task 12 100 0.12
Task 11 100 0.11
Task 22 400 0.055
Task 5 100 0.05
Task 19 400 0.0475
Task 9 200 0.045
GW 1.975
Task 130 200 0.65
Task 97 200 0.485
Task 30 100 0.3
Task 155 800 0.19375
Task 75 800 0.09375
Task 27 400 0.0675
Task 5 100 0.05
Task 40 800 0.05
Task 4 100 0.04
Task 9 200 0.045
GW 0
-------------
041
-------------
GW 1.97125
Task 635 800 0.79375
Task 53 100 0.53
Task 22 100 0.22
Task 71 800 0.08875
Task 8 100 0.08
Task 6 100 0.06
Task 5 100 0.05
Task 20 400 0.05
Task 20 400 0.05
Task 39 800 0.04875
GW 1.9625
Task 364 400 0.91
Task 67 100 0.67
Task 46 800 0.0575
Task 5 100 0.05
Task 10 200 0.05
Task 4 100 0.04
Task 4 100 0.04
Task 19 400 0.0475
Task 39 800 0.04875
Task 39 800 0.04875
GW 0
-------------
042
-------------
GW 1.96875
Task 313 400 0.7825
Task 58 200 0.29
Task 18 100 0.18
Task 17 100 0.17
Task 30 200 0.15
Task 13 100 0.13
Task 51 400 0.1275
Task 40 800 0.05
Task 4 100 0.04
Task 39 800 0.04875
GW 1.96625
Task 90 100 0.9
Task 65 200 0.325
Task 109 400 0.2725
Task 29 200 0.145
Task 10 100 0.1
Task 20 400 0.05
Task 4 100 0.04
Task 39 800 0.04875
Task 9 200 0.045
Task 4 100 0.04
GW 0
-------------
043
-------------
GW 1.985
Task 60 100 0.6
Task 116 200 0.58
Task 204 800 0.255
Task 130 800 0.1625
Task 34 400 0.085
Task 62 800 0.0775
Task 60 800 0.075
Task 11 200 0.055
Task 10 200 0.05
Task 9 200 0.045
GW 1.97875
Task 497 800 0.62125
Task 96 200 0.48
Task 161 400 0.4025
Task 73 400 0.1825
Task 21 400 0.0525
Task 10 200 0.05
Task 20 400 0.05
Task 20 400 0.05
Task 5 100 0.05
Task 4 100 0.04
GW 0
-------------
044
-------------
GW 1.9775
Task 262 400 0.655
Task 307 800 0.38375
Task 50 200 0.25
Task 16 100 0.16
Task 15 100 0.15
Task 15 100 0.15
Task 6 100 0.06
Task 23 400 0.0575
Task 45 800 0.05625
Task 11 200 0.055
GW 1.98625
Task 498 800 0.6225
Task 150 400 0.375
Task 219 800 0.27375
Task 97 400 0.2425
Task 99 800 0.12375
Task 36 400 0.09
Task 71 800 0.08875
Task 7 100 0.07
Task 5 100 0.05
Task 40 800 0.05
GW 0
-------------
045
-------------
GW 1.97125
Task 733 800 0.91625
Task 244 400 0.61
Task 41 400 0.1025
Task 24 400 0.06
Task 5 100 0.05
Task 20 400 0.05
Task 20 400 0.05
Task 9 200 0.045
Task 19 400 0.0475
Task 4 100 0.04
GW 1.9825
Task 68 100 0.68
Task 362 800 0.4525
Task 77 400 0.1925
Task 150 800 0.1875
Task 17 100 0.17
Task 81 800 0.10125
Task 46 800 0.0575
Task 39 800 0.04875
Task 19 400 0.0475
Task 9 200 0.045
GW 0
-------------
046
-------------
GW 1.975
Task 334 400 0.835
Task 324 800 0.405
Task 48 200 0.24
Task 12 100 0.12
Task 36 400 0.09
Task 9 100 0.09
Task 5 100 0.05
Task 20 400 0.05
Task 10 200 0.05
Task 9 200 0.045
GW 1.97375
Task 564 800 0.705
Task 118 400 0.295
Task 29 100 0.29
Task 25 100 0.25
Task 19 100 0.19
Task 22 400 0.055
Task 10 200 0.05
Task 40 800 0.05
Task 4 100 0.04
Task 39 800 0.04875
GW 0
-------------
047
-------------
GW 1.9625
Task 352 400 0.88
Task 47 100 0.47
Task 70 400 0.175
Task 28 200 0.14
Task 54 800 0.0675
Task 5 100 0.05
Task 4 100 0.04
Task 9 200 0.045
Task 19 400 0.0475
Task 19 400 0.0475
GW 1.97875
Task 357 400 0.8925
Task 63 200 0.315
Task 97 400 0.2425
Task 40 200 0.2
Task 7 100 0.07
Task 6 100 0.06
Task 5 100 0.05
Task 5 100 0.05
Task 5 100 0.05
Task 39 800 0.04875
GW 0
-------------
048
-------------
GW 1.9775
Task 165 200 0.825
Task 497 800 0.62125
Task 21 200 0.105
Task 20 200 0.1
Task 37 400 0.0925
Task 10 200 0.05
Task 10 200 0.05
Task 4 100 0.04
Task 39 800 0.04875
Task 9 200 0.045
GW 1.9625
Task 299 400 0.7475
Task 65 100 0.65
Task 172 800 0.215
Task 16 200 0.08
Task 10 200 0.05
Task 5 100 0.05
Task 40 800 0.05
Task 4 100 0.04
Task 4 100 0.04
Task 4 100 0.04
GW 0
-------------
049
-------------
GW 1.955
Task 174 200 0.87
Task 80 200 0.4
Task 85 400 0.2125
Task 13 100 0.13
Task 12 100 0.12
Task 11 200 0.055
Task 4 100 0.04
Task 19 400 0.0475
Task 4 100 0.04
Task 4 100 0.04
GW 1.98
Task 367 800 0.45875
Task 85 200 0.425
Task 324 800 0.405
Task 90 400 0.225
Task 88 800 0.11
Task 83 800 0.10375
Task 83 800 0.10375
Task 5 100 0.05
Task 40 800 0.05
Task 39 800 0.04875
GW 0
-------------
050
-------------
GW 1.98625
Task 269 400 0.6725
Task 215 400 0.5375
Task 35 100 0.35
Task 15 200 0.075
Task 15 200 0.075
Task 57 800 0.07125
Task 11 200 0.055
Task 5 100 0.05
Task 20 400 0.05
Task 20 400 0.05
GW 1.98625
Task 309 400 0.7725
Task 59 100 0.59
Task 144 800 0.18
Task 12 100 0.12
Task 6 100 0.06
Task 47 800 0.05875
Task 11 200 0.055
Task 10 200 0.05
Task 40 800 0.05
Task 5 100 0.05
GW 0
-------------
051
-------------
GW 1.9775
Task 180 200 0.9
Task 97 400 0.2425
Task 80 400 0.2
Task 77 400 0.1925
Task 63 400 0.1575
Task 18 200 0.09
Task 5 100 0.05
Task 20 400 0.05
Task 10 200 0.05
Task 9 200 0.045
GW 1.98
Task 678 800 0.8475
Task 285 800 0.35625
Task 131 400 0.3275
Task 9 100 0.09
Task 34 400 0.085
Task 67 800 0.08375
Task 5 100 0.05
Task 20 400 0.05
Task 10 200 0.05
Task 4 100 0.04
GW 0
-------------
052
-------------
GW 1.98875
Task 628 800 0.785
Task 108 200 0.54
Task 18 100 0.18
Task 77 800 0.09625
Task 17 200 0.085
Task 64 800 0.08
Task 59 800 0.07375
Task 10 200 0.05
Task 10 200 0.05
Task 39 800 0.04875
GW 1.975
Task 157 200 0.785
Task 128 200 0.64
Task 39 200 0.195
Task 53 800 0.06625
Task 6 100 0.06
Task 39 800 0.04875
Task 19 400 0.0475
Task 19 400 0.0475
Task 4 100 0.04
Task 9 200 0.045
GW 0
-------------
053
-------------
GW 1.97625
Task 62 100 0.62
Task 219 400 0.5475
Task 45 100 0.45
Task 21 400 0.0525
Task 42 800 0.0525
Task 5 100 0.05
Task 42 800 0.0525
Task 5 100 0.05
Task 41 800 0.05125
Task 20 400 0.05
GW 1.9775
Task 183 200 0.915
Task 137 400 0.3425
Task 75 400 0.1875
Task 140 800 0.175
Task 15 200 0.075
Task 29 400 0.0725
Task 5 100 0.05
Task 22 400 0.055
Task 42 800 0.0525
Task 21 400 0.0525
GW 0
-------------
054
-------------
GW 1.98125
Task 153 400 0.3825
Task 293 800 0.36625
Task 143 400 0.3575
Task 135 400 0.3375
Task 20 100 0.2
Task 41 400 0.1025
Task 13 200 0.065
Task 26 400 0.065
Task 11 200 0.055
Task 10 200 0.05
GW 1.98375
Task 53 100 0.53
Task 353 800 0.44125
Task 57 200 0.285
Task 91 400 0.2275
Task 62 400 0.155
Task 26 200 0.13
Task 27 400 0.0675
Task 10 200 0.05
Task 20 400 0.05
Task 19 400 0.0475
GW 0
-------------
055
-------------
GW 1.97875
Task 300 400 0.75
Task 96 200 0.48
Task 273 800 0.34125
Task 8 100 0.08
Task 12 200 0.06
Task 12 200 0.06
Task 23 400 0.0575
Task 10 200 0.05
Task 10 200 0.05
Task 40 800 0.05
GW 1.97
Task 67 100 0.67
Task 401 800 0.50125
Task 372 800 0.465
Task 21 400 0.0525
Task 5 100 0.05
Task 5 100 0.05
Task 9 200 0.045
Task 4 100 0.04
Task 19 400 0.0475
Task 39 800 0.04875
GW 0
-------------
056
-------------
GW 1.98125
Task 162 200 0.81
Task 141 400 0.3525
Task 33 100 0.33
Task 25 200 0.125
Task 74 800 0.0925
Task 52 800 0.065
Task 11 200 0.055
Task 43 800 0.05375
Task 10 200 0.05
Task 19 400 0.0475
GW 1.96875
Task 147 200 0.735
Task 140 200 0.7
Task 20 100 0.2
Task 6 100 0.06
Task 9 200 0.045
Task 39 800 0.04875
Task 19 400 0.0475
Task 19 400 0.0475
Task 9 200 0.045
Task 4 100 0.04
GW 0
-------------
057
-------------
GW 1.94875
Task 713 800 0.89125
Task 90 200 0.45
Task 15 100 0.15
Task 29 200 0.145
Task 9 100 0.09
Task 5 100 0.05
Task 19 400 0.0475
Task 4 100 0.04
Task 4 100 0.04
Task 9 200 0.045
GW 1.975
Task 78 100 0.78
Task 186 400 0.465
Task 114 400 0.285
Task 12 100 0.12
Task 29 400 0.0725
Task 11 200 0.055
Task 5 100 0.05
Task 10 200 0.05
Task 21 400 0.0525
Task 9 200 0.045
GW 0
-------------
058
-------------
GW 1.98
Task 68 100 0.68
Task 118 200 0.59
Task 142 400 0.355
Task 45 800 0.05625
Task 11 200 0.055
Task 43 800 0.05375
Task 5 100 0.05
Task 10 200 0.05
Task 40 800 0.05
Task 4 100 0.04
GW 1.97375
Task 118 200 0.59
Task 105 200 0.525
Task 195 400 0.4875
Task 55 800 0.06875
Task 50 800 0.0625
Task 45 800 0.05625
Task 41 800 0.05125
Task 9 200 0.045
Task 19 400 0.0475
Task 4 100 0.04
GW 0
-------------
059
-------------
GW 1.97875
Task 641 800 0.80125
Task 605 800 0.75625
Task 15 200 0.075
Task 26 400 0.065
Task 5 100 0.05
Task 5 100 0.05
Task 9 200 0.045
Task 19 400 0.0475
Task 39 800 0.04875
Task 4 100 0.04
GW 1.97375
Task 82 100 0.82
Task 58 100 0.58
Task 42 200 0.21
Task 56 800 0.07
Task 5 100 0.05
Task 22 400 0.055
Task 40 800 0.05
Task 20 400 0.05
Task 39 800 0.04875
Task 4 100 0.04
GW 0
-------------
060
-------------
GW 1.96125
Task 169 200 0.845
Task 61 100 0.61
Task 62 400 0.155
Task 31 400 0.0775
Task 11 200 0.055
Task 10 200 0.05
Task 4 100 0.04
Task 4 100 0.04
Task 4 100 0.04
Task 39 800 0.04875
GW 1.97125
Task 91 100 0.91
Task 33 100 0.33
Task 199 800 0.24875
Task 70 400 0.175
Task 13 200 0.065
Task 12 200 0.06
Task 5 100 0.05
Task 4 100 0.04
Task 9 200 0.045
Task 19 400 0.0475
GW 0
-------------
061
-------------
GW 1.98375
Task 198 400 0.495
Task 47 100 0.47
Task 119 400 0.2975
Task 112 400 0.28
Task 68 400 0.17
Task 55 800 0.06875
Task 42 800 0.0525
Task 10 200 0.05
Task 41 800 0.05125
Task 39 800 0.04875
GW 1.9725
Task 65 100 0.65
Task 44 100 0.44
Task 72 200 0.36
Task 136 800 0.17
Task 89 800 0.11125
Task 11 200 0.055
Task 5 100 0.05
Task 4 100 0.04
Task 39 800 0.04875
Task 19 400 0.0475
GW 0
-------------
062
-------------
GW 1.97
Task 566 800 0.7075
Task 132 200 0.66
Task 21 100 0.21
Task 10 100 0.1
Task 25 400 0.0625
Task 4 100 0.04
Task 19 400 0.0475
Task 39 800 0.04875
Task 39 800 0.04875
Task 9 200 0.045
GW 1.9825
Task 99 100 0.99
Task 425 800 0.53125
Task 36 400 0.09
Task 32 400 0.08
Task 23 400 0.0575
Task 39 800 0.04875
Task 4 100 0.04
Task 39 800 0.04875
Task 39 800 0.04875
Task 19 400 0.0475
GW 0
-------------
063
-------------
GW 1.955
Task 165 200 0.825
Task 545 800 0.68125
Task 14 100 0.14
Task 9 200 0.045
Task 4 100 0.04
Task 4 100 0.04
Task 19 400 0.0475
Task 4 100 0.04
Task 39 800 0.04875
Task 19 400 0.0475
GW 1.965
Task 139 200 0.695
Task 50 100 0.5
Task 228 800 0.285
Task 51 400 0.1275
Task 23 200 0.115
Task 6 100 0.06
Task 20 400 0.05
Task 19 400 0.0475
Task 9 200 0.045
Task 4 100 0.04
GW 0
-------------
064
-------------
GW 1.99
Task 789 800 0.98625
Task 314 800 0.3925
Task 31 200 0.155
Task 55 400 0.1375
Task 60 800 0.075
Task 10 200 0.05
Task 39 800 0.04875
Task 39 800 0.04875
Task 39 800 0.04875
Task 19 400 0.0475
GW 1.975
Task 416 800 0.52
Task 78 200 0.39
Task 129 400 0.3225
Task 213 800 0.26625
Task 93 400 0.2325
Task 49 800 0.06125
Task 9 200 0.045
Task 4 100 0.04
Task 39 800 0.04875
Task 39 800 0.04875
GW 0
-------------
065
-------------
GW 1.965
Task 94 200 0.47
Task 40 100 0.4
Task 141 400 0.3525
Task 243 800 0.30375
Task 99 800 0.12375
Task 7 100 0.07
Task 29 400 0.0725
Task 6 100 0.06
Task 6 100 0.06
Task 21 400 0.0525
GW 1.9775
Task 156 200 0.78
Task 380 800 0.475
Task 235 800 0.29375
Task 41 400 0.1025
Task 14 200 0.07
Task 23 400 0.0575
Task 5 100 0.05
Task 42 800 0.0525
Task 41 800 0.05125
Task 9 200 0.045
GW 0
-------------
066
-------------
GW 1.95875
Task 181 200 0.905
Task 29 100 0.29
Task 51 200 0.255
Task 18 100 0.18
Task 10 100 0.1
Task 9 200 0.045
Task 39 800 0.04875
Task 4 100 0.04
Task 19 400 0.0475
Task 19 400 0.0475
GW 1.98
Task 78 100 0.78
Task 346 800 0.4325
Task 259 800 0.32375
Task 114 800 0.1425
Task 49 800 0.06125
Task 5 100 0.05
Task 20 400 0.05
Task 40 800 0.05
Task 9 200 0.045
Task 9 200 0.045
GW 0
-------------
067
-------------
GW 1.9775
Task 47 100 0.47
Task 86 200 0.43
Task 327 800 0.40875
Task 45 200 0.225
Task 54 400 0.135
Task 88 800 0.11
Task 44 800 0.055
Task 5 100 0.05
Task 9 200 0.045
Task 39 800 0.04875
GW 1.97125
Task 191 200 0.955
Task 494 800 0.6175
Task 6 100 0.06
Task 5 100 0.05
Task 41 800 0.05125
Task 40 800 0.05
Task 10 200 0.05
Task 19 400 0.0475
Task 9 200 0.045
Task 9 200 0.045
GW 0
-------------
068
-------------
GW 1.97375
Task 297 400 0.7425
Task 381 800 0.47625
Task 74 200 0.37
Task 43 400 0.1075
Task 40 800 0.05
Task 10 200 0.05
Task 4 100 0.04
Task 9 200 0.045
Task 19 400 0.0475
Task 9 200 0.045
GW 1.98125
Task 145 200 0.725
Task 84 200 0.42
Task 29 100 0.29
Task 73 400 0.1825
Task 7 100 0.07
Task 55 800 0.06875
Task 50 800 0.0625
Task 50 800 0.0625
Task 5 100 0.05
Task 20 400 0.05
GW 0
-------------
069
-------------
GW 1.96375
Task 94 100 0.94
Task 499 800 0.62375
Task 6 100 0.06
Task 24 400 0.06
Task 21 400 0.0525
Task 10 200 0.05
Task 19 400 0.0475
Task 4 100 0.04
Task 9 200 0.045
Task 9 200 0.045
GW 1.9775
Task 42 100 0.42
Task 42 100 0.42
Task 56 200 0.28
Task 23 100 0.23
Task 15 100 0.15
Task 59 400 0.1475
Task 11 100 0.11
Task 36 400 0.09
Task 15 200 0.075
Task 11 200 0.055
GW 0
-------------
070
-------------
GW 1.95625
Task 773 800 0.96625
Task 22 100 0.22
Task 20 100 0.2
Task 15 100 0.15
Task 10 100 0.1
Task 8 100 0.08
Task 8 100 0.08
Task 28 400 0.07
Task 5 100 0.05
Task 4 100 0.04
GW 1.9725
Task 79 100 0.79
Task 102 200 0.51
Task 102 400 0.255
Task 8 100 0.08
Task 32 400 0.08
Task 50 800 0.0625
Task 23 400 0.0575
Task 21 400 0.0525
Task 4 100 0.04
Task 9 200 0.045
GW 0
-------------
071
-------------
GW 1.9575
Task 613 800 0.76625
Task 193 400 0.4825
Task 50 200 0.25
Task 37 200 0.185
Task 47 800 0.05875
Task 10 200 0.05
Task 4 100 0.04
Task 9 200 0.045
Task 4 100 0.04
Task 4 100 0.04
GW 1.97375
Task 237 400 0.5925
Task 224 400 0.56
Task 144 400 0.36
Task 65 400 0.1625
Task 50 800 0.0625
Task 11 200 0.055
Task 41 800 0.05125
Task 40 800 0.05
Task 4 100 0.04
Task 4 100 0.04
GW 0
-------------
072
-------------
GW 1.98875
Task 629 800 0.78625
Task 292 800 0.365
Task 82 400 0.205
Task 73 400 0.1825
Task 28 200 0.14
Task 20 200 0.1
Task 46 800 0.0575
Task 22 400 0.055
Task 39 800 0.04875
Task 39 800 0.04875
GW 1.9775
Task 71 100 0.71
Task 129 400 0.3225
Task 63 200 0.315
Task 162 800 0.2025
Task 48 400 0.12
Task 15 200 0.075
Task 7 100 0.07
Task 11 200 0.055
Task 44 800 0.055
Task 42 800 0.0525
GW 0
-------------
073
-------------
GW 1.9675
Task 61 100 0.61
Task 188 400 0.47
Task 40 100 0.4
Task 21 200 0.105
Task 9 100 0.09
Task 8 100 0.08
Task 26 400 0.065
Task 21 400 0.0525
Task 40 800 0.05
Task 9 200 0.045
GW 1.97
Task 64 100 0.64
Task 424 800 0.53
Task 99 400 0.2475
Task 17 100 0.17
Task 13 100 0.13
Task 25 400 0.0625
Task 5 100 0.05
Task 41 800 0.05125
Task 4 100 0.04
Task 39 800 0.04875
GW 0
-------------
074
-------------
GW 1.9725
Task 346 400 0.865
Task 138 400 0.345
Task 84 400 0.21
Task 64 400 0.16
Task 11 100 0.11
Task 18 200 0.09
Task 20 400 0.05
Task 5 100 0.05
Task 19 400 0.0475
Task 9 200 0.045
GW 1.97625
Task 286 400 0.715
Task 58 200 0.29
Task 101 400 0.2525
Task 19 100 0.19
Task 13 100 0.13
Task 107 800 0.13375
Task 37 400 0.0925
Task 25 400 0.0625
Task 6 100 0.06
Task 10 200 0.05
GW 0
-------------
075
-------------
GW 1.95
Task 299 400 0.7475
Task 54 100 0.54
Task 45 200 0.225
Task 9 100 0.09
Task 16 200 0.08
Task 6 100 0.06
Task 50 800 0.0625
Task 6 100 0.06
Task 4 100 0.04
Task 9 200 0.045
GW 1.9825
Task 548 800 0.685
Task 120 400 0.3
Task 94 400 0.235
Task 181 800 0.22625
Task 121 800 0.15125
Task 106 800 0.1325
Task 16 200 0.08
Task 7 100 0.07
Task 11 200 0.055
Task 19 400 0.0475
GW 0
-------------
076
-------------
GW 1.98375
Task 68 100 0.68
Task 400 800 0.5
Task 57 200 0.285
Task 12 100 0.12
Task 93 800 0.11625
Task 16 200 0.08
Task 22 400 0.055
Task 5 100 0.05
Task 20 400 0.05
Task 19 400 0.0475
GW 1.975
Task 678 800 0.8475
Task 163 400 0.4075
Task 24 100 0.24
Task 140 800 0.175
Task 6 100 0.06
Task 46 800 0.0575
Task 20 400 0.05
Task 20 400 0.05
Task 19 400 0.0475
Task 4 100 0.04
GW 0
-------------
077
-------------
GW 1.97875
Task 97 100 0.97
Task 25 100 0.25
Task 87 400 0.2175
Task 137 800 0.17125
Task 19 200 0.095
Task 14 200 0.07
Task 43 800 0.05375
Task 41 800 0.05125
Task 5 100 0.05
Task 20 400 0.05
GW 1.97625
Task 309 400 0.7725
Task 147 400 0.3675
Task 44 200 0.22
Task 30 200 0.15
Task 59 400 0.1475
Task 8 100 0.08
Task 61 800 0.07625
Task 48 800 0.06
Task 21 400 0.0525
Task 40 800 0.05
GW 0
-------------
078
-------------
GW 1.98125
Task 584 800 0.73
Task 533 800 0.66625
Task 38 200 0.19
Task 42 400 0.105
Task 20 400 0.05
Task 41 800 0.05125
Task 40 800 0.05
Task 10 200 0.05
Task 4 100 0.04
Task 39 800 0.04875
GW 1.985
Task 786 800 0.9825
Task 380 800 0.475
Task 12 100 0.12
Task 20 200 0.1
Task 44 800 0.055
Task 44 800 0.055
Task 10 200 0.05
Task 5 100 0.05
Task 40 800 0.05
Task 19 400 0.0475
GW 0
-------------
079
-------------
GW 1.9675
Task 254 400 0.635
Task 61 200 0.305
Task 21 100 0.21
Task 21 100 0.21
Task 20 100 0.2
Task 49 400 0.1225
Task 21 200 0.105
Task 7 100 0.07
Task 12 200 0.06
Task 5 100 0.05
GW 1.965
Task 68 100 0.68
Task 40 100 0.4
Task 133 400 0.3325
Task 12 100 0.12
Task 100 800 0.125
Task 59 800 0.07375
Task 27 400 0.0675
Task 13 200 0.065
Task 10 200 0.05
Task 41 800 0.05125
GW 0
-------------
080
-------------
GW 1.975
Task 132 200 0.66
Task 487 800 0.60875
Task 147 400 0.3675
Task 5 100 0.05
Task 42 800 0.0525
Task 39 800 0.04875
Task 39 800 0.04875
Task 39 800 0.04875
Task 9 200 0.045
Task 9 200 0.045
GW 1.98375
Task 173 200 0.865
Task 35 100 0.35
Task 137 400 0.3425
Task 81 800 0.10125
Task 14 200 0.07
Task 11 200 0.055
Task 21 400 0.0525
Task 20 400 0.05
Task 20 400 0.05
Task 19 400 0.0475
GW 0
-------------
081
-------------
GW 1.98125
Task 62 100 0.62
Task 44 100 0.44
Task 163 800 0.20375
Task 69 400 0.1725
Task 15 100 0.15
Task 92 800 0.115
Task 9 100 0.09
Task 29 400 0.0725
Task 25 400 0.0625
Task 11 200 0.055
GW 1.9775
Task 98 100 0.98
Task 130 400 0.325
Task 159 800 0.19875
Task 30 200 0.15
Task 8 100 0.08
Task 20 400 0.05
Task 5 100 0.05
Task 20 400 0.05
Task 9 200 0.045
Task 39 800 0.04875
GW 0
-------------
082
-------------
GW 1.9625
Task 165 200 0.825
Task 41 100 0.41
Task 21 100 0.21
Task 12 100 0.12
Task 95 800 0.11875
Task 67 800 0.08375
Task 23 400 0.0575
Task 4 100 0.04
Task 39 800 0.04875
Task 39 800 0.04875
GW 1.97375
Task 96 100 0.96
Task 52 100 0.52
Task 56 400 0.14
Task 12 200 0.06
Task 5 100 0.05
Task 5 100 0.05
Task 20 400 0.05
Task 5 100 0.05
Task 39 800 0.04875
Task 9 200 0.045
GW 0
-------------
083
-------------
GW 1.9675
Task 364 400 0.91
Task 243 800 0.30375
Task 104 400 0.26
Task 23 200 0.115
Task 8 100 0.08
Task 8 100 0.08
Task 7 100 0.07
Task 5 100 0.05
Task 10 200 0.05
Task 39 800 0.04875
GW 1.97625
Task 164 200 0.82
Task 38 100 0.38
Task 209 800 0.26125
Task 33 200 0.165
Task 16 200 0.08
Task 50 800 0.0625
Task 11 200 0.055
Task 21 400 0.0525
Task 5 100 0.05
Task 20 400 0.05
GW 0
-------------
084
-------------
GW 1.9875
Task 482 800 0.6025
Task 193 400 0.4825
Task 51 200 0.255
Task 49 200 0.245
Task 126 800 0.1575
Task 20 400 0.05
Task 39 800 0.04875
Task 39 800 0.04875
Task 39 800 0.04875
Task 39 800 0.04875
GW 1.975
Task 325 400 0.8125
Task 103 200 0.515
Task 76 400 0.19
Task 80 800 0.1
Task 32 400 0.08
Task 7 100 0.07
Task 5 100 0.05
Task 23 400 0.0575
Task 10 200 0.05
Task 10 200 0.05
GW 0
-------------
085
-------------
GW 1.9725
Task 96 100 0.96
Task 45 100 0.45
Task 54 400 0.135
Task 20 200 0.1
Task 6 100 0.06
Task 46 800 0.0575
Task 45 800 0.05625
Task 43 800 0.05375
Task 10 200 0.05
Task 10 200 0.05
GW 1.9675
Task 509 800 0.63625
Task 38 100 0.38
Task 64 200 0.32
Task 31 100 0.31
Task 62 800 0.0775
Task 24 400 0.06
Task 45 800 0.05625
Task 4 100 0.04
Task 4 100 0.04
Task 19 400 0.0475
GW 0
-------------
086
-------------
GW 1.96875
Task 315 400 0.7875
Task 84 200 0.42
Task 312 800 0.39
Task 7 100 0.07
Task 54 800 0.0675
Task 5 100 0.05
Task 40 800 0.05
Task 39 800 0.04875
Task 9 200 0.045
Task 4 100 0.04
GW 1.97
Task 459 800 0.57375
Task 103 200 0.515
Task 67 200 0.335
Task 104 400 0.26
Task 11 200 0.055
Task 42 800 0.0525
Task 20 400 0.05
Task 4 100 0.04
Task 4 100 0.04
Task 39 800 0.04875
GW 0
-------------
087
-------------
GW 1.965
Task 135 200 0.675
Task 71 200 0.355
Task 56 200 0.28
Task 161 800 0.20125
Task 151 800 0.18875
Task 9 100 0.09
Task 19 400 0.0475
Task 4 100 0.04
Task 19 400 0.0475
Task 4 100 0.04
GW 1.975
Task 303 400 0.7575
Task 398 800 0.4975
Task 38 200 0.19
Task 47 400 0.1175
Task 11 100 0.11
Task 22 200 0.11
Task 11 200 0.055
Task 20 400 0.05
Task 19 400 0.0475
Task 4 100 0.04
GW 0
-------------
088
-------------
GW 1.97375
Task 492 800 0.615
Task 405 800 0.50625
Task 289 800 0.36125
Task 75 400 0.1875
Task 15 200 0.075
Task 5 100 0.05
Task 39 800 0.04875
Task 9 200 0.045
Task 4 100 0.04
Task 9 200 0.045
GW 1.9575
Task 83 100 0.83
Task 55 100 0.55
Task 48 200 0.24
Task 13 200 0.065
Task 10 200 0.05
Task 20 400 0.05
Task 4 100 0.04
Task 9 200 0.045
Task 4 100 0.04
Task 19 400 0.0475
GW 0
-------------
089
-------------
GW 1.985
Task 543 800 0.67875
Task 176 400 0.44
Task 135 400 0.3375
Task 85 800 0.10625
Task 42 400 0.105
Task 39 400 0.0975
Task 12 200 0.06
Task 24 400 0.06
Task 10 200 0.05
Task 20 400 0.05
GW 1.9775
Task 105 200 0.525
Task 416 800 0.52
Task 189 400 0.4725
Task 54 400 0.135
Task 18 200 0.09
Task 10 200 0.05
Task 20 400 0.05
Task 19 400 0.0475
Task 19 400 0.0475
Task 4 100 0.04
GW 0
-------------
090
-------------
GW 1.965
Task 175 200 0.875
Task 302 800 0.3775
Task 116 400 0.29
Task 39 400 0.0975
Task 7 100 0.07
Task 13 200 0.065
Task 5 100 0.05
Task 41 800 0.05125
Task 4 100 0.04
Task 39 800 0.04875
GW 1.97125
Task 152 200 0.76
Task 103 200 0.515
Task 264 800 0.33
Task 7 100 0.07
Task 46 800 0.0575
Task 21 400 0.0525
Task 19 400 0.0475
Task 39 800 0.04875
Task 9 200 0.045
Task 9 200 0.045
GW 0
-------------
091
-------------
GW 1.98875
Task 313 400 0.7825
Task 329 800 0.41125
Task 270 800 0.3375
Task 20 200 0.1
Task 9 100 0.09
Task 55 800 0.06875
Task 5 100 0.05
Task 41 800 0.05125
Task 39 800 0.04875
Task 39 800 0.04875
GW 1.99
Task 56 100 0.56
Task 104 200 0.52
Task 351 800 0.43875
Task 33 200 0.165
Task 44 800 0.055
Task 42 800 0.0525
Task 21 400 0.0525
Task 20 400 0.05
Task 19 400 0.0475
Task 39 800 0.04875
GW 0
-------------
092
-------------
GW 1.98875
Task 191 200 0.955
Task 71 200 0.355
Task 93 400 0.2325
Task 43 400 0.1075
Task 71 800 0.08875
Task 42 800 0.0525
Task 10 200 0.05
Task 10 200 0.05
Task 5 100 0.05
Task 19 400 0.0475
GW 1.9725
Task 141 200 0.705
Task 110 200 0.55
Task 28 100 0.28
Task 10 100 0.1
Task 6 100 0.06
Task 52 800 0.065
Task 6 100 0.06
Task 43 800 0.05375
Task 40 800 0.05
Task 39 800 0.04875
GW 0
-------------
093
-------------
GW 1.97625
Task 61 100 0.61
Task 59 100 0.59
Task 82 200 0.41
Task 28 400 0.07
Task 44 800 0.055
Task 21 400 0.0525
Task 10 200 0.05
Task 9 200 0.045
Task 9 200 0.045
Task 39 800 0.04875
GW 1.96875
Task 87 200 0.435
Task 68 200 0.34
Task 136 400 0.34
Task 46 200 0.23
Task 20 100 0.2
Task 17 100 0.17
Task 65 800 0.08125
Task 62 800 0.0775
Task 10 200 0.05
Task 9 200 0.045
GW 0
-------------
094
-------------
GW 1.97
Task 329 400 0.8225
Task 90 200 0.45
Task 178 800 0.2225
Task 35 200 0.175
Task 16 200 0.08
Task 9 200 0.045
Task 4 100 0.04
Task 9 200 0.045
Task 9 200 0.045
Task 9 200 0.045
GW 1.98625
Task 356 400 0.89
Task 28 100 0.28
Task 90 400 0.225
Task 66 400 0.165
Task 48 400 0.12
Task 18 200 0.09
Task 13 200 0.065
Task 10 200 0.05
Task 41 800 0.05125
Task 10 200 0.05
GW 0
-------------
095
-------------
GW 1.965
Task 540 800 0.675
Task 42 100 0.42
Task 38 100 0.38
Task 124 800 0.155
Task 81 800 0.10125
Task 10 200 0.05
Task 10 200 0.05
Task 9 200 0.045
Task 39 800 0.04875
Task 4 100 0.04
GW 1.97125
Task 298 400 0.745
Task 221 400 0.5525
Task 17 100 0.17
Task 105 800 0.13125
Task 17 200 0.085
Task 58 800 0.0725
Task 6 100 0.06
Task 11 200 0.055
Task 10 200 0.05
Task 10 200 0.05
GW 0
-------------
096
-------------
GW 1.965
Task 757 800 0.94625
Task 41 100 0.41
Task 45 200 0.225
Task 60 800 0.075
Task 6 100 0.06
Task 24 400 0.06
Task 10 200 0.05
Task 10 200 0.05
Task 4 100 0.04
Task 39 800 0.04875
GW 1.97625
Task 111 200 0.555
Task 177 400 0.4425
Task 72 200 0.36
Task 86 400 0.215
Task 12 100 0.12
Task 9 100 0.09
Task 21 400 0.0525
Task 9 200 0.045
Task 19 400 0.0475
Task 39 800 0.04875
GW 0
-------------
097
-------------
GW 1.97125
Task 82 100 0.82
Task 289 400 0.7225
Task 6 100 0.06
Task 25 400 0.0625
Task 6 100 0.06
Task 44 800 0.055
Task 10 200 0.05
Task 19 400 0.0475
Task 9 200 0.045
Task 39 800 0.04875
GW 1.97625
Task 84 100 0.84
Task 207 800 0.25875
Task 161 800 0.20125
Task 157 800 0.19625
Task 74 400 0.185
Task 20 200 0.1
Task 10 200 0.05
Task 20 400 0.05
Task 5 100 0.05
Task 9 200 0.045
GW 0
-------------
098
-------------
GW 1.975
Task 120 200 0.6
Task 82 200 0.41
Task 100 400 0.25
Task 140 800 0.175
Task 35 200 0.175
Task 51 400 0.1275
Task 7 100 0.07
Task 6 100 0.06
Task 46 800 0.0575
Task 5 100 0.05
GW 1.98
Task 180 200 0.9
Task 143 400 0.3575
Task 223 800 0.27875
Task 43 400 0.1075
Task 80 800 0.1
Task 10 200 0.05
Task 40 800 0.05
Task 19 400 0.0475
Task 39 800 0.04875
Task 4 100 0.04
GW 0
-------------
099
-------------
GW 1.9475
Task 124 200 0.62
Task 149 400 0.3725
Task 36 100 0.36
Task 22 100 0.22
Task 121 800 0.15125
Task 22 400 0.055
Task 4 100 0.04
Task 4 100 0.04
Task 4 100 0.04
Task 39 800 0.04875
GW 1.99
Task 174 400 0.435
Task 169 400 0.4225
Task 304 800 0.38
Task 150 800 0.1875
Task 74 400 0.185
Task 66 400 0.165
Task 53 800 0.06625
Task 42 800 0.0525
Task 41 800 0.05125
Task 9 200 0.045
GW 0
-------------
100
-------------
