GW 1.99125
Task 93 200 0.465
Task 178 400 0.445
Task 163 400 0.4075
Task 143 400 0.3575
Task 117 400 0.2925
Task 19 800 0.02375
GW 1.97
Task 67 100 0.67
Task 56 100 0.56
Task 29 100 0.29
Task 21 100 0.21
Task 27 200 0.135
Task 84 800 0.105
GW 0
-------------
001
-------------
GW 1.98
Task 83 100 0.83
Task 66 100 0.66
Task 31 100 0.31
Task 13 100 0.13
Task 5 200 0.025
Task 10 400 0.025
GW 1.98375
Task 85 100 0.85
Task 51 100 0.51
Task 93 200 0.465
Task 41 400 0.1025
Task 13 400 0.0325
Task 19 800 0.02375
GW 0
-------------
002
-------------
GW 1.99
Task 52 100 0.52
Task 101 200 0.505
Task 152 400 0.38
Task 208 800 0.26
Task 160 800 0.2
Task 100 800 0.125
GW 1.98125
Task 62 100 0.62
Task 51 100 0.51
Task 39 100 0.39
Task 30 100 0.3
Task 103 800 0.12875
Task 26 800 0.0325
GW 0
-------------
003
-------------
GW 1.9875
Task 66 100 0.66
Task 46 100 0.46
Task 171 400 0.4275
Task 97 400 0.2425
Task 81 800 0.10125
Task 77 800 0.09625
GW 1.9825
Task 63 100 0.63
Task 56 100 0.56
Task 31 100 0.31
Task 27 100 0.27
Task 23 200 0.115
Task 39 400 0.0975
GW 0
-------------
004
-------------
GW 1.99
Task 151 200 0.755
Task 93 200 0.465
Task 124 400 0.31
Task 97 400 0.2425
Task 161 800 0.20125
Task 13 800 0.01625
GW 1.98
Task 61 100 0.61
Task 60 100 0.6
Task 42 100 0.42
Task 30 200 0.15
Task 20 200 0.1
Task 80 800 0.1
GW 0
-------------
005
-------------
GW 1.99125
Task 164 200 0.82
Task 103 200 0.515
Task 68 200 0.34
Task 87 400 0.2175
Task 26 400 0.065
Task 27 800 0.03375
GW 1.995
Task 113 200 0.565
Task 217 400 0.5425
Task 188 400 0.47
Task 303 800 0.37875
Task 21 800 0.02625
Task 10 800 0.0125
GW 0
-------------
006
-------------
GW 1.9775
Task 70 100 0.7
Task 68 100 0.68
Task 64 200 0.32
Task 44 200 0.22
Task 7 200 0.035
Task 9 400 0.0225
GW 1.98625
Task 67 100 0.67
Task 51 100 0.51
Task 83 200 0.415
Task 239 800 0.29875
Task 48 800 0.06
Task 26 800 0.0325
GW 0
-------------
007
-------------
GW 1.98
Task 57 100 0.57
Task 47 100 0.47
Task 88 200 0.44
Task 59 200 0.295
Task 68 400 0.17
Task 28 800 0.035
GW 1.99625
Task 139 200 0.695
Task 233 400 0.5825
Task 322 800 0.4025
Task 124 800 0.155
Task 113 800 0.14125
Task 16 800 0.02
GW 0
-------------
008
-------------
GW 1.9925
Task 113 200 0.565
Task 198 400 0.495
Task 155 400 0.3875
Task 109 400 0.2725
Task 85 400 0.2125
Task 24 400 0.06
GW 1.99
Task 71 100 0.71
Task 99 200 0.495
Task 150 400 0.375
Task 100 400 0.25
Task 35 400 0.0875
Task 58 800 0.0725
GW 0
-------------
009
-------------
GW 1.98625
Task 89 100 0.89
Task 89 200 0.445
Task 76 200 0.38
Task 30 200 0.15
Task 34 400 0.085
Task 29 800 0.03625
GW 1.98
Task 75 100 0.75
Task 58 100 0.58
Task 52 100 0.52
Task 8 100 0.08
Task 6 200 0.03
Task 16 800 0.02
GW 0
-------------
010
-------------
GW 1.9825
Task 89 100 0.89
Task 113 200 0.565
Task 50 200 0.25
Task 25 200 0.125
Task 18 200 0.09
Task 25 400 0.0625
GW 1.98
Task 44 100 0.44
Task 43 100 0.43
Task 85 200 0.425
Task 73 200 0.365
Task 115 400 0.2875
Task 26 800 0.0325
GW 0
-------------
011
-------------
GW 1.9825
Task 71 100 0.71
Task 88 200 0.44
Task 160 400 0.4
Task 102 400 0.255
Task 38 400 0.095
Task 33 400 0.0825
GW 1.98875
Task 70 100 0.7
Task 162 400 0.405
Task 128 400 0.32
Task 121 400 0.3025
Task 120 800 0.15
Task 89 800 0.11125
GW 0
-------------
012
-------------
GW 1.9725
Task 66 100 0.66
Task 45 100 0.45
Task 29 100 0.29
Task 46 200 0.23
Task 175 800 0.21875
Task 99 800 0.12375
GW 1.99
Task 76 100 0.76
Task 123 200 0.615
Task 84 400 0.21
Task 84 400 0.21
Task 58 400 0.145
Task 40 800 0.05
GW 0
-------------
013
-------------
GW 1.9775
Task 87 100 0.87
Task 56 100 0.56
Task 31 100 0.31
Task 35 200 0.175
Task 18 400 0.045
Task 7 400 0.0175
GW 1.99
Task 85 100 0.85
Task 63 200 0.315
Task 105 400 0.2625
Task 83 400 0.2075
Task 143 800 0.17875
Task 141 800 0.17625
GW 0
-------------
014
-------------
GW 1.9875
Task 92 100 0.92
Task 130 200 0.65
Task 55 200 0.275
Task 31 400 0.0775
Task 20 400 0.05
Task 6 400 0.015
GW 1.99375
Task 336 400 0.84
Task 263 400 0.6575
Task 113 400 0.2825
Task 47 400 0.1175
Task 40 800 0.05
Task 37 800 0.04625
GW 0
-------------
015
-------------
GW 1.98
Task 78 100 0.78
Task 80 200 0.4
Task 71 200 0.355
Task 102 400 0.255
Task 50 400 0.125
Task 52 800 0.065
GW 1.98375
Task 85 100 0.85
Task 105 200 0.525
Task 88 200 0.44
Task 45 400 0.1125
Task 13 400 0.0325
Task 19 800 0.02375
GW 0
-------------
016
-------------
GW 1.98625
Task 78 100 0.78
Task 28 100 0.28
Task 54 200 0.27
Task 104 400 0.26
Task 92 400 0.23
Task 133 800 0.16625
GW 1.99
Task 59 100 0.59
Task 94 200 0.47
Task 150 400 0.375
Task 145 400 0.3625
Task 45 400 0.1125
Task 64 800 0.08
GW 0
-------------
017
-------------
GW 1.9875
Task 165 200 0.825
Task 151 200 0.755
Task 53 200 0.265
Task 15 200 0.075
Task 7 200 0.035
Task 13 400 0.0325
GW 1.98
Task 82 100 0.82
Task 67 100 0.67
Task 80 200 0.4
Task 24 400 0.06
Task 8 400 0.02
Task 4 400 0.01
GW 0
-------------
018
-------------
GW 1.99
Task 94 100 0.94
Task 132 200 0.66
Task 120 400 0.3
Task 23 400 0.0575
Task 7 400 0.0175
Task 12 800 0.015
GW 1.995
Task 56 100 0.56
Task 86 200 0.43
Task 56 200 0.28
Task 197 800 0.24625
Task 197 800 0.24625
Task 186 800 0.2325
GW 0
-------------
019
-------------
GW 1.98125
Task 88 100 0.88
Task 82 100 0.82
Task 26 200 0.13
Task 25 200 0.125
Task 6 400 0.015
Task 9 800 0.01125
GW 1.98375
Task 87 100 0.87
Task 79 100 0.79
Task 96 400 0.24
Task 16 400 0.04
Task 9 400 0.0225
Task 17 800 0.02125
GW 0
-------------
020
-------------
GW 1.9925
Task 80 100 0.8
Task 54 100 0.54
Task 100 200 0.5
Task 43 400 0.1075
Task 14 400 0.035
Task 8 800 0.01
GW 1.98875
Task 78 100 0.78
Task 109 200 0.545
Task 169 400 0.4225
Task 48 400 0.12
Task 32 400 0.08
Task 33 800 0.04125
GW 0
-------------
021
-------------
GW 1.9925
Task 45 100 0.45
Task 44 100 0.44
Task 84 200 0.42
Task 149 400 0.3725
Task 166 800 0.2075
Task 82 800 0.1025
GW 1.99125
Task 92 100 0.92
Task 111 200 0.555
Task 48 200 0.24
Task 154 800 0.1925
Task 50 800 0.0625
Task 17 800 0.02125
GW 0
-------------
022
-------------
GW 1.97875
Task 85 100 0.85
Task 71 100 0.71
Task 48 200 0.24
Task 29 200 0.145
Task 9 400 0.0225
Task 9 800 0.01125
GW 1.9875
Task 77 100 0.77
Task 52 100 0.52
Task 45 100 0.45
Task 37 200 0.185
Task 17 400 0.0425
Task 16 800 0.02
GW 0
-------------
023
-------------
GW 1.99125
Task 69 100 0.69
Task 267 400 0.6675
Task 120 400 0.3
Task 66 400 0.165
Task 78 800 0.0975
Task 57 800 0.07125
GW 1.99375
Task 193 200 0.965
Task 135 400 0.3375
Task 104 400 0.26
Task 60 400 0.15
Task 121 800 0.15125
Task 104 800 0.13
GW 0
-------------
024
-------------
GW 1.98875
Task 91 100 0.91
Task 164 200 0.82
Task 36 200 0.18
Task 14 400 0.035
Task 20 800 0.025
Task 15 800 0.01875
GW 1.97625
Task 89 100 0.89
Task 73 100 0.73
Task 20 100 0.2
Task 11 200 0.055
Task 11 200 0.055
Task 37 800 0.04625
GW 0
-------------
025
-------------
GW 1.99125
Task 181 200 0.905
Task 345 400 0.8625
Task 39 400 0.0975
Task 70 800 0.0875
Task 21 800 0.02625
Task 10 800 0.0125
GW 1.9775
Task 72 100 0.72
Task 55 100 0.55
Task 47 100 0.47
Task 61 400 0.1525
Task 26 400 0.065
Task 16 800 0.02
GW 0
-------------
026
-------------
GW 1.98125
Task 74 100 0.74
Task 40 100 0.4
Task 31 100 0.31
Task 112 400 0.28
Task 117 800 0.14625
Task 84 800 0.105
GW 1.99125
Task 95 100 0.95
Task 135 200 0.675
Task 43 200 0.215
Task 47 400 0.1175
Task 19 800 0.02375
Task 8 800 0.01
GW 0
-------------
027
-------------
GW 1.99125
Task 174 200 0.87
Task 85 200 0.425
Task 165 400 0.4125
Task 77 400 0.1925
Task 40 800 0.05
Task 33 800 0.04125
GW 1.98125
Task 90 100 0.9
Task 59 100 0.59
Task 41 100 0.41
Task 14 400 0.035
Task 11 400 0.0275
Task 15 800 0.01875
GW 0
-------------
028
-------------
GW 1.98375
Task 79 100 0.79
Task 110 200 0.55
Task 176 400 0.44
Task 51 400 0.1275
Task 16 400 0.04
Task 29 800 0.03625
GW 1.99
Task 90 100 0.9
Task 120 200 0.6
Task 52 200 0.26
Task 46 400 0.115
Task 74 800 0.0925
Task 18 800 0.0225
GW 0
-------------
029
-------------
GW 1.995
Task 118 200 0.59
Task 110 200 0.55
Task 194 400 0.485
Task 113 400 0.2825
Task 54 800 0.0675
Task 16 800 0.02
GW 1.98375
Task 53 100 0.53
Task 38 100 0.38
Task 33 100 0.33
Task 60 200 0.3
Task 97 400 0.2425
Task 161 800 0.20125
GW 0
-------------
030
-------------
GW 1.98625
Task 93 100 0.93
Task 164 200 0.82
Task 30 200 0.15
Task 7 200 0.035
Task 28 800 0.035
Task 13 800 0.01625
GW 1.98375
Task 55 100 0.55
Task 52 100 0.52
Task 67 200 0.335
Task 49 200 0.245
Task 134 800 0.1675
Task 133 800 0.16625
GW 0
-------------
031
-------------
GW 1.9925
Task 148 200 0.74
Task 136 200 0.68
Task 84 200 0.42
Task 31 400 0.0775
Task 15 400 0.0375
Task 30 800 0.0375
GW 1.975
Task 66 100 0.66
Task 50 100 0.5
Task 89 200 0.445
Task 55 200 0.275
Task 51 800 0.06375
Task 25 800 0.03125
GW 0
-------------
032
-------------
GW 1.98875
Task 82 100 0.82
Task 73 100 0.73
Task 50 200 0.25
Task 70 800 0.0875
Task 43 800 0.05375
Task 38 800 0.0475
GW 1.985
Task 92 100 0.92
Task 63 100 0.63
Task 40 200 0.2
Task 35 400 0.0875
Task 30 400 0.075
Task 58 800 0.0725
GW 0
-------------
033
-------------
GW 1.9925
Task 81 100 0.81
Task 35 100 0.35
Task 60 200 0.3
Task 79 400 0.1975
Task 134 800 0.1675
Task 134 800 0.1675
GW 1.9925
Task 87 100 0.87
Task 66 100 0.66
Task 82 200 0.41
Task 6 200 0.03
Task 5 400 0.0125
Task 8 800 0.01
GW 0
-------------
034
-------------
GW 1.98875
Task 75 100 0.75
Task 139 200 0.695
Task 58 200 0.29
Task 79 400 0.1975
Task 17 400 0.0425
Task 11 800 0.01375
GW 1.99
Task 94 100 0.94
Task 173 200 0.865
Task 29 200 0.145
Task 3 200 0.015
Task 3 200 0.015
Task 4 400 0.01
GW 0
-------------
035
-------------
GW 1.9925
Task 82 100 0.82
Task 236 400 0.59
Task 395 800 0.49375
Task 50 800 0.0625
Task 11 800 0.01375
Task 10 800 0.0125
GW 1.98
Task 138 200 0.69
Task 122 200 0.61
Task 79 200 0.395
Task 23 200 0.115
Task 20 200 0.1
Task 14 200 0.07
GW 0
-------------
036
-------------
GW 1.98
Task 92 100 0.92
Task 52 100 0.52
Task 38 200 0.19
Task 72 400 0.18
Task 62 400 0.155
Task 12 800 0.015
GW 1.98875
Task 83 100 0.83
Task 139 200 0.695
Task 59 200 0.295
Task 40 400 0.1
Task 23 400 0.0575
Task 9 800 0.01125
GW 0
-------------
037
-------------
GW 1.98625
Task 43 100 0.43
Task 40 100 0.4
Task 68 200 0.34
Task 62 200 0.31
Task 104 400 0.26
Task 197 800 0.24625
GW 1.975
Task 90 100 0.9
Task 76 100 0.76
Task 23 200 0.115
Task 19 200 0.095
Task 23 400 0.0575
Task 19 400 0.0475
GW 0
-------------
038
-------------
GW 1.9825
Task 68 100 0.68
Task 130 200 0.65
Task 82 200 0.41
Task 73 400 0.1825
Task 14 400 0.035
Task 10 400 0.025
GW 1.9775
Task 81 100 0.81
Task 49 100 0.49
Task 73 200 0.365
Task 38 200 0.19
Task 45 400 0.1125
Task 4 400 0.01
GW 0
-------------
039
-------------
GW 1.99125
Task 59 100 0.59
Task 55 100 0.55
Task 64 200 0.32
Task 103 400 0.2575
Task 85 400 0.2125
Task 49 800 0.06125
GW 1.98875
Task 61 100 0.61
Task 96 200 0.48
Task 91 200 0.455
Task 94 400 0.235
Task 156 800 0.195
Task 11 800 0.01375
GW 0
-------------
040
-------------
GW 1.97875
Task 76 100 0.76
Task 41 100 0.41
Task 32 100 0.32
Task 60 200 0.3
Task 103 800 0.12875
Task 48 800 0.06
GW 1.99375
Task 78 100 0.78
Task 106 200 0.53
Task 143 400 0.3575
Task 69 400 0.1725
Task 36 400 0.09
Task 51 800 0.06375
GW 0
-------------
041
-------------
GW 1.9775
Task 77 100 0.77
Task 65 100 0.65
Task 37 200 0.185
Task 31 200 0.155
Task 24 200 0.12
Task 39 400 0.0975
GW 1.985
Task 62 100 0.62
Task 104 200 0.52
Task 111 400 0.2775
Task 110 400 0.275
Task 141 800 0.17625
Task 93 800 0.11625
GW 0
-------------
042
-------------
GW 1.97875
Task 88 100 0.88
Task 42 100 0.42
Task 37 100 0.37
Task 31 200 0.155
Task 45 400 0.1125
Task 33 800 0.04125
GW 1.99125
Task 71 100 0.71
Task 51 100 0.51
Task 56 200 0.28
Task 103 400 0.2575
Task 76 400 0.19
Task 35 800 0.04375
GW 0
-------------
043
-------------
GW 1.97625
Task 96 100 0.96
Task 47 100 0.47
Task 44 200 0.22
Task 67 400 0.1675
Task 32 400 0.08
Task 63 800 0.07875
GW 1.99625
Task 131 200 0.655
Task 241 400 0.6025
Task 428 800 0.535
Task 133 800 0.16625
Task 15 800 0.01875
Task 15 800 0.01875
GW 0
-------------
044
-------------
GW 1.9775
Task 92 100 0.92
Task 39 100 0.39
Task 31 100 0.31
Task 61 200 0.305
Task 17 400 0.0425
Task 4 400 0.01
GW 1.98
Task 79 100 0.79
Task 46 100 0.46
Task 69 200 0.345
Task 64 200 0.32
Task 17 400 0.0425
Task 9 400 0.0225
GW 0
-------------
045
-------------
GW 1.98375
Task 66 100 0.66
Task 66 100 0.66
Task 93 200 0.465
Task 63 400 0.1575
Task 10 400 0.025
Task 13 800 0.01625
GW 1.995
Task 192 200 0.96
Task 371 400 0.9275
Task 21 400 0.0525
Task 16 800 0.02
Task 16 800 0.02
Task 12 800 0.015
GW 0
-------------
046
-------------
GW 1.98
Task 86 100 0.86
Task 43 100 0.43
Task 31 100 0.31
Task 59 400 0.1475
Task 49 400 0.1225
Task 44 400 0.11
GW 1.9875
Task 82 100 0.82
Task 93 200 0.465
Task 78 200 0.39
Task 79 400 0.1975
Task 41 400 0.1025
Task 10 800 0.0125
GW 0
-------------
047
-------------
GW 1.99125
Task 81 100 0.81
Task 93 200 0.465
Task 163 400 0.4075
Task 178 800 0.2225
Task 40 800 0.05
Task 29 800 0.03625
GW 1.9825
Task 64 100 0.64
Task 60 100 0.6
Task 55 100 0.55
Task 18 200 0.09
Task 21 400 0.0525
Task 20 400 0.05
GW 0
-------------
048
-------------
GW 1.96875
Task 72 100 0.72
Task 36 100 0.36
Task 32 100 0.32
Task 49 200 0.245
Task 96 400 0.24
Task 67 800 0.08375
GW 1.995
Task 293 400 0.7325
Task 285 400 0.7125
Task 142 400 0.355
Task 63 800 0.07875
Task 48 800 0.06
Task 45 800 0.05625
GW 0
-------------
049
-------------
GW 1.9825
Task 62 100 0.62
Task 48 100 0.48
Task 156 400 0.39
Task 252 800 0.315
Task 134 800 0.1675
Task 8 800 0.01
GW 1.9825
Task 63 100 0.63
Task 47 100 0.47
Task 70 200 0.35
Task 210 800 0.2625
Task 169 800 0.21125
Task 47 800 0.05875
GW 0
-------------
050
-------------
GW 1.9875
Task 183 200 0.915
Task 139 200 0.695
Task 103 400 0.2575
Task 33 400 0.0825
Task 10 400 0.025
Task 10 800 0.0125
GW 1.9825
Task 68 100 0.68
Task 56 100 0.56
Task 101 200 0.505
Task 55 400 0.1375
Task 49 800 0.06125
Task 31 800 0.03875
GW 0
-------------
051
-------------
GW 1.98625
Task 70 100 0.7
Task 108 200 0.54
Task 173 400 0.4325
Task 85 400 0.2125
Task 48 800 0.06
Task 33 800 0.04125
GW 1.99125
Task 142 200 0.71
Task 100 200 0.5
Task 194 400 0.485
Task 204 800 0.255
Task 23 800 0.02875
Task 10 800 0.0125
GW 0
-------------
052
-------------
GW 1.9825
Task 63 100 0.63
Task 58 100 0.58
Task 67 200 0.335
Task 176 800 0.22
Task 123 800 0.15375
Task 51 800 0.06375
GW 1.97875
Task 85 100 0.85
Task 79 100 0.79
Task 25 100 0.25
Task 10 200 0.05
Task 4 200 0.02
Task 15 800 0.01875
GW 0
-------------
053
-------------
GW 1.9775
Task 60 100 0.6
Task 75 200 0.375
Task 73 200 0.365
Task 142 400 0.355
Task 66 400 0.165
Task 47 400 0.1175
GW 1.9775
Task 82 100 0.82
Task 165 200 0.825
Task 37 200 0.185
Task 41 400 0.1025
Task 13 400 0.0325
Task 10 800 0.0125
GW 0
-------------
054
-------------
GW 1.98625
Task 94 100 0.94
Task 44 100 0.44
Task 99 400 0.2475
Task 164 800 0.205
Task 83 800 0.10375
Task 40 800 0.05
GW 1.985
Task 79 100 0.79
Task 83 200 0.415
Task 77 200 0.385
Task 75 200 0.375
Task 2 200 0.01
Task 4 400 0.01
GW 0
-------------
055
-------------
GW 1.98375
Task 77 100 0.77
Task 61 100 0.61
Task 47 100 0.47
Task 66 800 0.0825
Task 23 800 0.02875
Task 18 800 0.0225
GW 1.98875
Task 78 100 0.78
Task 39 100 0.39
Task 59 200 0.295
Task 41 200 0.205
Task 40 200 0.2
Task 95 800 0.11875
GW 0
-------------
056
-------------
GW 1.98875
Task 59 100 0.59
Task 171 400 0.4275
Task 162 400 0.405
Task 294 800 0.3675
Task 150 800 0.1875
Task 9 800 0.01125
GW 1.985
Task 81 100 0.81
Task 44 100 0.44
Task 21 100 0.21
Task 80 400 0.2
Task 155 800 0.19375
Task 105 800 0.13125
GW 0
-------------
057
-------------
GW 1.97875
Task 71 100 0.71
Task 55 100 0.55
Task 56 200 0.28
Task 40 200 0.2
Task 56 400 0.14
Task 79 800 0.09875
GW 1.985
Task 92 100 0.92
Task 34 100 0.34
Task 64 200 0.32
Task 40 200 0.2
Task 67 400 0.1675
Task 30 800 0.0375
GW 0
-------------
058
-------------
GW 1.9925
Task 159 200 0.795
Task 139 200 0.695
Task 36 200 0.18
Task 65 400 0.1625
Task 83 800 0.10375
Task 45 800 0.05625
GW 1.985
Task 91 100 0.91
Task 138 200 0.69
Task 41 200 0.205
Task 41 400 0.1025
Task 18 400 0.045
Task 26 800 0.0325
GW 0
-------------
059
-------------
GW 1.9875
Task 73 100 0.73
Task 58 100 0.58
Task 87 200 0.435
Task 70 400 0.175
Task 42 800 0.0525
Task 12 800 0.015
GW 1.99375
Task 72 100 0.72
Task 234 400 0.585
Task 208 400 0.52
Task 93 800 0.11625
Task 25 800 0.03125
Task 17 800 0.02125
GW 0
-------------
060
-------------
GW 1.99125
Task 82 100 0.82
Task 96 200 0.48
Task 83 200 0.415
Task 134 800 0.1675
Task 79 800 0.09875
Task 8 800 0.01
GW 1.9875
Task 90 100 0.9
Task 172 200 0.86
Task 34 200 0.17
Task 15 400 0.0375
Task 4 400 0.01
Task 8 800 0.01
GW 0
-------------
061
-------------
GW 1.99625
Task 53 100 0.53
Task 197 400 0.4925
Task 144 400 0.36
Task 233 800 0.29125
Task 144 800 0.18
Task 114 800 0.1425
GW 1.97
Task 82 100 0.82
Task 53 100 0.53
Task 46 100 0.46
Task 24 200 0.12
Task 8 400 0.02
Task 8 400 0.02
GW 0
-------------
062
-------------
GW 1.97375
Task 76 100 0.76
Task 71 100 0.71
Task 29 100 0.29
Task 48 400 0.12
Task 22 400 0.055
Task 31 800 0.03875
GW 1.9825
Task 87 100 0.87
Task 69 100 0.69
Task 64 200 0.32
Task 25 400 0.0625
Task 11 400 0.0275
Task 10 800 0.0125
GW 0
-------------
063
-------------
GW 1.99125
Task 92 100 0.92
Task 64 200 0.32
Task 106 400 0.265
Task 95 400 0.2375
Task 113 800 0.14125
Task 86 800 0.1075
GW 1.975
Task 84 100 0.84
Task 55 100 0.55
Task 40 100 0.4
Task 16 200 0.08
Task 31 400 0.0775
Task 22 800 0.0275
GW 0
-------------
064
-------------
GW 1.985
Task 88 100 0.88
Task 75 100 0.75
Task 38 200 0.19
Task 108 800 0.135
Task 13 800 0.01625
Task 11 800 0.01375
GW 1.995
Task 168 200 0.84
Task 291 400 0.7275
Task 176 800 0.22
Task 89 800 0.11125
Task 57 800 0.07125
Task 20 800 0.025
GW 0
-------------
065
-------------
GW 1.99125
Task 77 100 0.77
Task 290 400 0.725
Task 89 400 0.2225
Task 127 800 0.15875
Task 82 800 0.1025
Task 10 800 0.0125
GW 1.9925
Task 81 100 0.81
Task 91 200 0.455
Task 150 400 0.375
Task 78 400 0.195
Task 106 800 0.1325
Task 20 800 0.025
GW 0
-------------
066
-------------
GW 1.985
Task 92 100 0.92
Task 53 100 0.53
Task 58 200 0.29
Task 52 400 0.13
Task 26 400 0.065
Task 40 800 0.05
GW 1.9875
Task 65 100 0.65
Task 93 200 0.465
Task 146 400 0.365
Task 95 400 0.2375
Task 89 400 0.2225
Task 19 400 0.0475
GW 0
-------------
067
-------------
GW 1.9775
Task 64 100 0.64
Task 53 100 0.53
Task 61 200 0.305
Task 79 400 0.1975
Task 61 400 0.1525
Task 122 800 0.1525
GW 1.98625
Task 91 100 0.91
Task 43 100 0.43
Task 25 100 0.25
Task 56 400 0.14
Task 112 800 0.14
Task 93 800 0.11625
GW 0
-------------
068
-------------
GW 1.98625
Task 84 100 0.84
Task 84 100 0.84
Task 13 100 0.13
Task 32 400 0.08
Task 51 800 0.06375
Task 26 800 0.0325
GW 1.985
Task 64 100 0.64
Task 110 200 0.55
Task 62 200 0.31
Task 90 400 0.225
Task 140 800 0.175
Task 68 800 0.085
GW 0
-------------
069
-------------
GW 1.98875
Task 49 100 0.49
Task 79 200 0.395
Task 73 200 0.365
Task 129 400 0.3225
Task 187 800 0.23375
Task 146 800 0.1825
GW 1.9975
Task 157 200 0.785
Task 102 200 0.51
Task 176 400 0.44
Task 50 400 0.125
Task 56 800 0.07
Task 54 800 0.0675
GW 0
-------------
070
-------------
GW 1.9875
Task 74 100 0.74
Task 139 200 0.695
Task 69 200 0.345
Task 21 200 0.105
Task 26 400 0.065
Task 15 400 0.0375
GW 1.98
Task 90 100 0.9
Task 72 100 0.72
Task 22 100 0.22
Task 14 200 0.07
Task 9 200 0.045
Task 5 200 0.025
GW 0
-------------
071
-------------
GW 1.99
Task 88 100 0.88
Task 160 200 0.8
Task 41 200 0.205
Task 18 400 0.045
Task 29 800 0.03625
Task 19 800 0.02375
GW 1.98
Task 77 100 0.77
Task 52 100 0.52
Task 31 100 0.31
Task 20 100 0.2
Task 20 200 0.1
Task 32 400 0.08
GW 0
-------------
072
-------------
GW 1.98375
Task 88 100 0.88
Task 106 200 0.53
Task 53 200 0.265
Task 80 400 0.2
Task 44 800 0.055
Task 43 800 0.05375
GW 1.9875
Task 78 100 0.78
Task 66 100 0.66
Task 70 200 0.35
Task 50 400 0.125
Task 40 800 0.05
Task 18 800 0.0225
GW 0
-------------
073
-------------
GW 1.98625
Task 79 100 0.79
Task 49 100 0.49
Task 52 200 0.26
Task 90 400 0.225
Task 121 800 0.15125
Task 56 800 0.07
GW 1.9775
Task 81 100 0.81
Task 51 100 0.51
Task 53 200 0.265
Task 94 400 0.235
Task 55 400 0.1375
Task 8 400 0.02
GW 0
-------------
074
-------------
GW 1.98625
Task 73 100 0.73
Task 283 400 0.7075
Task 119 400 0.2975
Task 58 400 0.145
Task 50 800 0.0625
Task 35 800 0.04375
GW 1.975
Task 61 100 0.61
Task 44 100 0.44
Task 67 200 0.335
Task 55 200 0.275
Task 74 400 0.185
Task 104 800 0.13
GW 0
-------------
075
-------------
GW 1.9825
Task 92 100 0.92
Task 66 100 0.66
Task 63 200 0.315
Task 23 400 0.0575
Task 15 800 0.01875
Task 9 800 0.01125
GW 1.9925
Task 186 200 0.93
Task 121 200 0.605
Task 135 400 0.3375
Task 18 400 0.045
Task 17 400 0.0425
Task 26 800 0.0325
GW 0
-------------
076
-------------
GW 1.99
Task 86 100 0.86
Task 265 400 0.6625
Task 148 400 0.37
Task 23 400 0.0575
Task 19 800 0.02375
Task 13 800 0.01625
GW 1.9725
Task 57 100 0.57
Task 45 100 0.45
Task 28 100 0.28
Task 56 200 0.28
Task 97 400 0.2425
Task 60 400 0.15
GW 0
-------------
077
-------------
GW 1.98
Task 82 100 0.82
Task 51 100 0.51
Task 95 200 0.475
Task 31 200 0.155
Task 4 400 0.01
Task 8 800 0.01
GW 1.9925
Task 158 200 0.79
Task 73 200 0.365
Task 102 400 0.255
Task 92 400 0.23
Task 151 800 0.18875
Task 131 800 0.16375
GW 0
-------------
078
-------------
GW 1.99375
Task 51 100 0.51
Task 47 100 0.47
Task 135 400 0.3375
Task 102 400 0.255
Task 101 400 0.2525
Task 135 800 0.16875
GW 1.9825
Task 90 100 0.9
Task 49 100 0.49
Task 23 100 0.23
Task 31 200 0.155
Task 56 400 0.14
Task 27 400 0.0675
GW 0
-------------
079
-------------
GW 1.985
Task 88 100 0.88
Task 67 100 0.67
Task 55 200 0.275
Task 19 200 0.095
Task 17 400 0.0425
Task 18 800 0.0225
GW 1.98875
Task 167 200 0.835
Task 100 200 0.5
Task 56 200 0.28
Task 72 400 0.18
Task 60 400 0.15
Task 35 800 0.04375
GW 0
-------------
080
-------------
GW 1.985
Task 179 200 0.895
Task 138 200 0.69
Task 46 200 0.23
Task 16 200 0.08
Task 9 200 0.045
Task 18 400 0.045
GW 1.99
Task 65 100 0.65
Task 117 200 0.585
Task 84 200 0.42
Task 100 400 0.25
Task 27 400 0.0675
Task 7 400 0.0175
GW 0
-------------
081
-------------
GW 1.99
Task 153 200 0.765
Task 149 200 0.745
Task 136 400 0.34
Task 50 800 0.0625
Task 41 800 0.05125
Task 21 800 0.02625
GW 1.98
Task 60 100 0.6
Task 43 100 0.43
Task 70 200 0.35
Task 110 400 0.275
Task 86 400 0.215
Task 44 400 0.11
GW 0
-------------
082
-------------
GW 1.985
Task 68 100 0.68
Task 64 100 0.64
Task 87 400 0.2175
Task 72 400 0.18
Task 125 800 0.15625
Task 89 800 0.11125
GW 1.99375
Task 152 200 0.76
Task 135 200 0.675
Task 117 400 0.2925
Task 123 800 0.15375
Task 57 800 0.07125
Task 33 800 0.04125
GW 0
-------------
083
-------------
GW 1.385
Task 74 100 0.74
Task 28 100 0.28
Task 16 100 0.16
Task 24 200 0.12
Task 23 400 0.0575
Task 22 800 0.0275
GW 1.98625
Task 94 100 0.94
Task 48 100 0.48
Task 49 200 0.245
Task 59 400 0.1475
Task 112 800 0.14
Task 27 800 0.03375
GW 0
-------------
084
-------------
GW 1.9875
Task 67 100 0.67
Task 128 200 0.64
Task 120 200 0.6
Task 14 400 0.035
Task 20 800 0.025
Task 14 800 0.0175
GW 1.985
Task 93 100 0.93
Task 164 200 0.82
Task 44 400 0.11
Task 32 400 0.08
Task 14 400 0.035
Task 8 800 0.01
GW 0
-------------
085
-------------
GW 1.995
Task 66 100 0.66
Task 224 400 0.56
Task 238 800 0.2975
Task 162 800 0.2025
Task 119 800 0.14875
Task 101 800 0.12625
GW 1.9875
Task 185 200 0.925
Task 93 200 0.465
Task 78 200 0.39
Task 26 200 0.13
Task 25 400 0.0625
Task 6 400 0.015
GW 0
-------------
086
-------------
GW 1.985
Task 96 100 0.96
Task 38 100 0.38
Task 51 200 0.255
Task 92 400 0.23
Task 87 800 0.10875
Task 41 800 0.05125
GW 1.99125
Task 80 100 0.8
Task 157 200 0.785
Task 74 200 0.37
Task 5 400 0.0125
Task 5 400 0.0125
Task 9 800 0.01125
GW 0
-------------
087
-------------
GW 1.975
Task 91 100 0.91
Task 85 100 0.85
Task 16 100 0.16
Task 6 200 0.03
Task 3 200 0.015
Task 2 200 0.01
GW 1.975
Task 66 100 0.66
Task 47 100 0.47
Task 80 200 0.4
Task 48 200 0.24
Task 62 400 0.155
Task 20 400 0.05
GW 0
-------------
088
-------------
GW 1.99
Task 178 200 0.89
Task 137 200 0.685
Task 94 400 0.235
Task 36 400 0.09
Task 31 400 0.0775
Task 10 800 0.0125
GW 1.975
Task 80 100 0.8
Task 56 100 0.56
Task 112 200 0.56
Task 13 400 0.0325
Task 5 400 0.0125
Task 4 400 0.01
GW 0
-------------
089
-------------
GW 1.99
Task 88 100 0.88
Task 118 200 0.59
Task 56 200 0.28
Task 80 400 0.2
Task 17 800 0.02125
Task 15 800 0.01875
GW 1.9825
Task 92 100 0.92
Task 150 200 0.75
Task 23 200 0.115
Task 20 200 0.1
Task 28 400 0.07
Task 22 800 0.0275
GW 0
-------------
090
-------------
GW 1.98375
Task 83 100 0.83
Task 44 100 0.44
Task 79 200 0.395
Task 34 200 0.17
Task 20 200 0.1
Task 39 800 0.04875
GW 1.98875
Task 174 200 0.87
Task 161 200 0.805
Task 64 400 0.16
Task 53 800 0.06625
Task 43 800 0.05375
Task 27 800 0.03375
GW 0
-------------
091
-------------
GW 1.99
Task 50 100 0.5
Task 47 100 0.47
Task 152 400 0.38
Task 128 400 0.32
Task 161 800 0.20125
Task 95 800 0.11875
GW 1.985
Task 73 100 0.73
Task 36 100 0.36
Task 33 100 0.33
Task 42 200 0.21
Task 72 400 0.18
Task 140 800 0.175
GW 0
-------------
092
-------------
GW 1.98125
Task 71 100 0.71
Task 117 200 0.585
Task 158 400 0.395
Task 107 400 0.2675
Task 5 400 0.0125
Task 9 800 0.01125
GW 1.97625
Task 77 100 0.77
Task 50 100 0.5
Task 41 100 0.41
Task 29 200 0.145
Task 20 200 0.1
Task 41 800 0.05125
GW 0
-------------
093
-------------
GW 1.99
Task 87 100 0.87
Task 82 100 0.82
Task 47 200 0.235
Task 9 200 0.045
Task 4 400 0.01
Task 8 800 0.01
GW 1.98875
Task 89 100 0.89
Task 113 200 0.565
Task 156 400 0.39
Task 29 400 0.0725
Task 43 800 0.05375
Task 14 800 0.0175
GW 0
-------------
094
-------------
GW 1.985
Task 57 100 0.57
Task 42 100 0.42
Task 34 100 0.34
Task 62 200 0.31
Task 41 200 0.205
Task 112 800 0.14
GW 1.99625
Task 74 100 0.74
Task 190 400 0.475
Task 107 400 0.2675
Task 204 800 0.255
Task 132 800 0.165
Task 75 800 0.09375
GW 0
-------------
095
-------------
GW 1.99375
Task 94 100 0.94
Task 89 200 0.445
Task 152 400 0.38
Task 90 800 0.1125
Task 56 800 0.07
Task 37 800 0.04625
GW 1.9825
Task 77 100 0.77
Task 52 100 0.52
Task 82 200 0.41
Task 42 400 0.105
Task 37 400 0.0925
Task 68 800 0.085
GW 0
-------------
096
-------------
GW 1.98375
Task 51 100 0.51
Task 48 100 0.48
Task 63 200 0.315
Task 106 400 0.265
Task 90 400 0.225
Task 151 800 0.18875
GW 1.99
Task 90 100 0.9
Task 95 200 0.475
Task 178 400 0.445
Task 74 800 0.0925
Task 49 800 0.06125
Task 13 800 0.01625
GW 0
-------------
097
-------------
GW 1.985
Task 161 200 0.805
Task 100 200 0.5
Task 77 200 0.385
Task 113 800 0.14125
Task 80 800 0.1
Task 43 800 0.05375
GW 1.8425
Task 91 100 0.91
Task 50 100 0.5
Task 20 100 0.2
Task 21 200 0.105
Task 51 800 0.06375
Task 51 800 0.06375
GW 0
-------------
098
-------------
GW 1.975
Task 77 100 0.77
Task 57 100 0.57
Task 51 100 0.51
Task 15 200 0.075
Task 6 200 0.03
Task 4 200 0.02
GW 1.9875
Task 71 100 0.71
Task 61 100 0.61
Task 51 200 0.255
Task 82 400 0.205
Task 49 400 0.1225
Task 34 400 0.085
GW 0
-------------
099
-------------
GW 1.97125
Task 68 100 0.68
Task 65 100 0.65
Task 53 100 0.53
Task 11 200 0.055
Task 9 200 0.045
Task 9 800 0.01125
GW 1.99125
Task 87 100 0.87
Task 88 200 0.44
Task 109 400 0.2725
Task 70 400 0.175
Task 134 800 0.1675
Task 53 800 0.06625
GW 0
-------------
100
-------------
