GW 1.985
Task 621 800 0.77625
Task 234 400 0.585
Task 19 100 0.19
Task 114 800 0.1425
Task 81 800 0.10125
Task 14 200 0.07
Task 7 100 0.07
Task 10 200 0.05
GW 1.99125
Task 180 200 0.9
Task 204 400 0.51
Task 34 200 0.17
Task 122 800 0.1525
Task 66 800 0.0825
Task 27 400 0.0675
Task 47 800 0.05875
Task 10 200 0.05
GW 0
-------------
001
-------------
GW 1.9875
Task 485 800 0.60625
Task 49 100 0.49
Task 379 800 0.47375
Task 29 200 0.145
Task 14 200 0.07
Task 7 100 0.07
Task 27 400 0.0675
Task 13 200 0.065
GW 1.9775
Task 673 800 0.84125
Task 159 200 0.795
Task 18 200 0.09
Task 49 800 0.06125
Task 5 100 0.05
Task 10 200 0.05
Task 5 100 0.05
Task 4 100 0.04
GW 0
-------------
002
-------------
GW 1.97625
Task 93 100 0.93
Task 374 800 0.4675
Task 24 100 0.24
Task 15 100 0.15
Task 5 100 0.05
Task 40 800 0.05
Task 39 800 0.04875
Task 4 100 0.04
GW 1.97875
Task 388 800 0.485
Task 39 100 0.39
Task 38 100 0.38
Task 258 800 0.3225
Task 14 100 0.14
Task 109 800 0.13625
Task 30 400 0.075
Task 5 100 0.05
GW 0
-------------
003
-------------
GW 1.98375
Task 142 200 0.71
Task 263 400 0.6575
Task 56 200 0.28
Task 59 400 0.1475
Task 20 400 0.05
Task 20 400 0.05
Task 39 800 0.04875
Task 4 100 0.04
GW 1.99125
Task 704 800 0.88
Task 164 400 0.41
Task 79 200 0.395
Task 31 400 0.0775
Task 13 200 0.065
Task 23 400 0.0575
Task 45 800 0.05625
Task 20 400 0.05
GW 0
-------------
004
-------------
GW 1.9775
Task 59 100 0.59
Task 57 100 0.57
Task 46 100 0.46
Task 17 200 0.085
Task 16 200 0.08
Task 56 800 0.07
Task 6 100 0.06
Task 25 400 0.0625
GW 1.975
Task 340 400 0.85
Task 36 100 0.36
Task 52 200 0.26
Task 25 100 0.25
Task 22 200 0.11
Task 20 400 0.05
Task 19 400 0.0475
Task 19 400 0.0475
GW 0
-------------
005
-------------
GW 1.985
Task 390 400 0.975
Task 108 200 0.54
Task 47 200 0.235
Task 9 200 0.045
Task 39 800 0.04875
Task 19 400 0.0475
Task 9 200 0.045
Task 39 800 0.04875
GW 1.9875
Task 278 400 0.695
Task 122 200 0.61
Task 42 100 0.42
Task 12 200 0.06
Task 42 800 0.0525
Task 10 200 0.05
Task 40 800 0.05
Task 10 200 0.05
GW 0
-------------
006
-------------
GW 1.98
Task 54 100 0.54
Task 96 200 0.48
Task 34 100 0.34
Task 52 200 0.26
Task 11 100 0.11
Task 86 800 0.1075
Task 8 100 0.08
Task 25 400 0.0625
GW 1.9925
Task 343 400 0.8575
Task 149 400 0.3725
Task 183 800 0.22875
Task 173 800 0.21625
Task 58 400 0.145
Task 30 400 0.075
Task 10 200 0.05
Task 19 400 0.0475
GW 0
-------------
007
-------------
GW 1.98125
Task 62 100 0.62
Task 386 800 0.4825
Task 96 200 0.48
Task 12 100 0.12
Task 67 800 0.08375
Task 7 100 0.07
Task 7 100 0.07
Task 11 200 0.055
GW 1.99125
Task 370 400 0.925
Task 117 200 0.585
Task 25 200 0.125
Task 75 800 0.09375
Task 66 800 0.0825
Task 58 800 0.0725
Task 45 800 0.05625
Task 41 800 0.05125
GW 0
-------------
008
-------------
GW 1.98875
Task 338 400 0.845
Task 259 400 0.6475
Task 18 100 0.18
Task 41 400 0.1025
Task 24 400 0.06
Task 21 400 0.0525
Task 41 800 0.05125
Task 40 800 0.05
GW 1.975
Task 80 100 0.8
Task 276 400 0.69
Task 64 400 0.16
Task 44 400 0.11
Task 60 800 0.075
Task 5 100 0.05
Task 5 100 0.05
Task 4 100 0.04
GW 0
-------------
009
-------------
GW 1.98375
Task 383 400 0.9575
Task 493 800 0.61625
Task 10 100 0.1
Task 67 800 0.08375
Task 52 800 0.065
Task 49 800 0.06125
Task 5 100 0.05
Task 20 400 0.05
GW 1.98
Task 137 200 0.685
Task 109 200 0.545
Task 207 400 0.5175
Task 9 200 0.045
Task 9 200 0.045
Task 39 800 0.04875
Task 39 800 0.04875
Task 9 200 0.045
GW 0
-------------
010
-------------
GW 1.98125
Task 76 100 0.76
Task 79 200 0.395
Task 76 200 0.38
Task 99 400 0.2475
Task 10 200 0.05
Task 10 200 0.05
Task 40 800 0.05
Task 39 800 0.04875
GW 1.98
Task 528 800 0.66
Task 57 100 0.57
Task 190 400 0.475
Task 8 100 0.08
Task 5 100 0.05
Task 39 800 0.04875
Task 19 400 0.0475
Task 39 800 0.04875
GW 0
-------------
011
-------------
GW 1.9875
Task 279 400 0.6975
Task 43 100 0.43
Task 149 400 0.3725
Task 228 800 0.285
Task 10 200 0.05
Task 10 200 0.05
Task 21 400 0.0525
Task 20 400 0.05
GW 1.98375
Task 718 800 0.8975
Task 576 800 0.72
Task 17 200 0.085
Task 6 100 0.06
Task 50 800 0.0625
Task 49 800 0.06125
Task 21 400 0.0525
Task 9 200 0.045
GW 0
-------------
012
-------------
GW 1.97375
Task 188 200 0.94
Task 329 800 0.41125
Task 74 200 0.37
Task 6 100 0.06
Task 24 400 0.06
Task 4 100 0.04
Task 19 400 0.0475
Task 9 200 0.045
GW 1.9875
Task 168 200 0.84
Task 238 400 0.595
Task 249 800 0.31125
Task 41 800 0.05125
Task 40 800 0.05
Task 5 100 0.05
Task 40 800 0.05
Task 4 100 0.04
GW 0
-------------
013
-------------
GW 1.98375
Task 89 100 0.89
Task 51 100 0.51
Task 37 200 0.185
Task 114 800 0.1425
Task 64 800 0.08
Task 60 800 0.075
Task 41 800 0.05125
Task 10 200 0.05
GW 1.965
Task 175 200 0.875
Task 160 200 0.8
Task 12 200 0.06
Task 44 800 0.055
Task 5 100 0.05
Task 4 100 0.04
Task 4 100 0.04
Task 9 200 0.045
GW 0
-------------
014
-------------
GW 1.97375
Task 70 100 0.7
Task 68 100 0.68
Task 21 100 0.21
Task 28 200 0.14
Task 8 100 0.08
Task 25 400 0.0625
Task 41 800 0.05125
Task 20 400 0.05
GW 1.99
Task 674 800 0.8425
Task 311 400 0.7775
Task 20 200 0.1
Task 25 400 0.0625
Task 11 200 0.055
Task 10 200 0.05
Task 42 800 0.0525
Task 5 100 0.05
GW 0
-------------
015
-------------
GW 1.98625
Task 84 100 0.84
Task 237 400 0.5925
Task 153 800 0.19125
Task 32 200 0.16
Task 24 400 0.06
Task 19 400 0.0475
Task 19 400 0.0475
Task 19 400 0.0475
GW 1.97875
Task 74 100 0.74
Task 110 200 0.55
Task 98 400 0.245
Task 124 800 0.155
Task 115 800 0.14375
Task 10 200 0.05
Task 5 100 0.05
Task 9 200 0.045
GW 0
-------------
016
-------------
GW 1.9675
Task 270 400 0.675
Task 127 200 0.635
Task 27 100 0.27
Task 59 400 0.1475
Task 9 100 0.09
Task 12 200 0.06
Task 10 200 0.05
Task 4 100 0.04
GW 1.9775
Task 58 100 0.58
Task 54 100 0.54
Task 59 200 0.295
Task 94 400 0.235
Task 124 800 0.155
Task 13 200 0.065
Task 23 400 0.0575
Task 40 800 0.05
GW 0
-------------
017
-------------
GW 1.97375
Task 178 200 0.89
Task 620 800 0.775
Task 16 200 0.08
Task 9 200 0.045
Task 19 400 0.0475
Task 19 400 0.0475
Task 39 800 0.04875
Task 4 100 0.04
GW 1.98125
Task 65 100 0.65
Task 57 100 0.57
Task 35 100 0.35
Task 174 800 0.2175
Task 45 800 0.05625
Task 19 400 0.0475
Task 9 200 0.045
Task 9 200 0.045
GW 0
-------------
018
-------------
GW 1.9575
Task 86 100 0.86
Task 474 800 0.5925
Task 57 200 0.285
Task 11 200 0.055
Task 9 200 0.045
Task 4 100 0.04
Task 4 100 0.04
Task 4 100 0.04
GW 1.98
Task 52 100 0.52
Task 100 200 0.5
Task 63 200 0.315
Task 19 100 0.19
Task 36 200 0.18
Task 120 800 0.15
Task 14 200 0.07
Task 22 400 0.055
GW 0
-------------
019
-------------
GW 1.985
Task 63 100 0.63
Task 94 200 0.47
Task 226 800 0.2825
Task 217 800 0.27125
Task 10 100 0.1
Task 81 800 0.10125
Task 32 400 0.08
Task 5 100 0.05
GW 1.985
Task 340 400 0.85
Task 161 400 0.4025
Task 98 400 0.245
Task 81 400 0.2025
Task 9 100 0.09
Task 62 800 0.0775
Task 48 800 0.06
Task 23 400 0.0575
GW 0
-------------
020
-------------
GW 1.98875
Task 129 200 0.645
Task 487 800 0.60875
Task 209 800 0.26125
Task 50 200 0.25
Task 54 800 0.0675
Task 22 400 0.055
Task 45 800 0.05625
Task 9 200 0.045
GW 1.9825
Task 736 800 0.92
Task 387 800 0.48375
Task 139 800 0.17375
Task 28 200 0.14
Task 10 100 0.1
Task 46 800 0.0575
Task 46 800 0.0575
Task 5 100 0.05
GW 0
-------------
021
-------------
GW 1.96625
Task 82 100 0.82
Task 51 100 0.51
Task 29 100 0.29
Task 13 100 0.13
Task 13 200 0.065
Task 10 200 0.05
Task 5 100 0.05
Task 41 800 0.05125
GW 1.98125
Task 379 400 0.9475
Task 63 200 0.315
Task 27 100 0.27
Task 30 200 0.15
Task 9 100 0.09
Task 62 800 0.0775
Task 7 100 0.07
Task 49 800 0.06125
GW 0
-------------
022
-------------
GW 1.96625
Task 93 100 0.93
Task 305 400 0.7625
Task 20 400 0.05
Task 5 100 0.05
Task 4 100 0.04
Task 9 200 0.045
Task 4 100 0.04
Task 39 800 0.04875
GW 1.985
Task 318 400 0.795
Task 47 200 0.235
Task 85 400 0.2125
Task 19 100 0.19
Task 35 200 0.175
Task 120 800 0.15
Task 24 200 0.12
Task 43 400 0.1075
GW 0
-------------
023
-------------
GW 1.9875
Task 445 800 0.55625
Task 207 400 0.5175
Task 133 400 0.3325
Task 24 100 0.24
Task 69 400 0.1725
Task 6 100 0.06
Task 47 800 0.05875
Task 10 200 0.05
GW 1.9875
Task 491 800 0.61375
Task 90 200 0.45
Task 359 800 0.44875
Task 17 100 0.17
Task 20 200 0.1
Task 80 800 0.1
Task 44 800 0.055
Task 20 400 0.05
GW 0
-------------
024
-------------
GW 1.9825
Task 68 200 0.34
Task 67 200 0.335
Task 134 400 0.335
Task 28 100 0.28
Task 94 400 0.235
Task 38 200 0.19
Task 37 200 0.185
Task 33 400 0.0825
GW 1.975
Task 99 100 0.99
Task 77 200 0.385
Task 256 800 0.32
Task 13 200 0.065
Task 13 200 0.065
Task 12 200 0.06
Task 40 800 0.05
Task 4 100 0.04
GW 0
-------------
025
-------------
GW 1.98625
Task 394 400 0.985
Task 42 100 0.42
Task 48 200 0.24
Task 52 400 0.13
Task 49 800 0.06125
Task 10 200 0.05
Task 40 800 0.05
Task 10 200 0.05
GW 1.9775
Task 80 100 0.8
Task 77 100 0.77
Task 12 100 0.12
Task 26 400 0.065
Task 25 400 0.0625
Task 11 200 0.055
Task 44 800 0.055
Task 10 200 0.05
GW 0
-------------
026
-------------
GW 1.98125
Task 335 400 0.8375
Task 269 400 0.6725
Task 22 100 0.22
Task 24 400 0.06
Task 21 400 0.0525
Task 40 800 0.05
Task 4 100 0.04
Task 39 800 0.04875
GW 1.985
Task 714 800 0.8925
Task 71 100 0.71
Task 25 200 0.125
Task 44 800 0.055
Task 5 100 0.05
Task 21 400 0.0525
Task 20 400 0.05
Task 40 800 0.05
GW 0
-------------
027
-------------
GW 1.9875
Task 170 400 0.425
Task 41 100 0.41
Task 147 400 0.3675
Task 260 800 0.325
Task 115 400 0.2875
Task 25 400 0.0625
Task 24 400 0.06
Task 5 100 0.05
GW 1.97625
Task 372 400 0.93
Task 295 400 0.7375
Task 59 800 0.07375
Task 5 100 0.05
Task 40 800 0.05
Task 40 800 0.05
Task 4 100 0.04
Task 9 200 0.045
GW 0
-------------
028
-------------
GW 1.98125
Task 77 100 0.77
Task 160 400 0.4
Task 71 200 0.355
Task 90 400 0.225
Task 7 100 0.07
Task 44 800 0.055
Task 11 200 0.055
Task 41 800 0.05125
GW 1.98125
Task 65 100 0.65
Task 391 800 0.48875
Task 253 800 0.31625
Task 73 400 0.1825
Task 34 200 0.17
Task 53 800 0.06625
Task 23 400 0.0575
Task 5 100 0.05
GW 0
-------------
029
-------------
GW 1.97
Task 86 100 0.86
Task 155 400 0.3875
Task 23 100 0.23
Task 12 100 0.12
Task 46 400 0.115
Task 10 100 0.1
Task 70 800 0.0875
Task 7 100 0.07
GW 1.9775
Task 351 400 0.8775
Task 126 200 0.63
Task 168 800 0.21
Task 28 400 0.07
Task 10 200 0.05
Task 5 100 0.05
Task 5 100 0.05
Task 4 100 0.04
GW 0
-------------
030
-------------
GW 1.985
Task 743 800 0.92875
Task 72 200 0.36
Task 20 100 0.2
Task 154 800 0.1925
Task 13 100 0.13
Task 7 100 0.07
Task 22 400 0.055
Task 39 800 0.04875
GW 1.98
Task 521 800 0.65125
Task 218 400 0.545
Task 106 200 0.53
Task 5 100 0.05
Task 22 400 0.055
Task 5 100 0.05
Task 20 400 0.05
Task 39 800 0.04875
GW 0
-------------
031
-------------
GW 1.97625
Task 90 100 0.9
Task 44 100 0.44
Task 40 200 0.2
Task 159 800 0.19875
Task 62 800 0.0775
Task 12 200 0.06
Task 20 400 0.05
Task 20 400 0.05
GW 1.9875
Task 631 800 0.78875
Task 408 800 0.51
Task 213 800 0.26625
Task 59 400 0.1475
Task 16 200 0.08
Task 60 800 0.075
Task 7 100 0.07
Task 5 100 0.05
GW 0
-------------
032
-------------
GW 1.98625
Task 333 400 0.8325
Task 73 200 0.365
Task 95 400 0.2375
Task 38 200 0.19
Task 61 400 0.1525
Task 40 400 0.1
Task 46 800 0.0575
Task 41 800 0.05125
GW 1.98
Task 141 200 0.705
Task 332 800 0.415
Task 285 800 0.35625
Task 17 100 0.17
Task 14 100 0.14
Task 71 800 0.08875
Task 5 100 0.05
Task 11 200 0.055
GW 0
-------------
033
-------------
GW 1.9825
Task 398 400 0.995
Task 167 400 0.4175
Task 21 100 0.21
Task 38 400 0.095
Task 76 800 0.095
Task 58 800 0.0725
Task 21 400 0.0525
Task 9 200 0.045
GW 1.97375
Task 506 800 0.6325
Task 221 400 0.5525
Task 44 100 0.44
Task 77 800 0.09625
Task 17 200 0.085
Task 16 200 0.08
Task 19 400 0.0475
Task 4 100 0.04
GW 0
-------------
034
-------------
GW 1.98875
Task 198 200 0.99
Task 78 200 0.39
Task 118 400 0.295
Task 23 200 0.115
Task 5 100 0.05
Task 10 200 0.05
Task 10 200 0.05
Task 39 800 0.04875
GW 1.98625
Task 37 100 0.37
Task 289 800 0.36125
Task 280 800 0.35
Task 118 400 0.295
Task 44 200 0.22
Task 16 100 0.16
Task 110 800 0.1375
Task 37 400 0.0925
GW 0
-------------
035
-------------
GW 1.99
Task 170 200 0.85
Task 55 200 0.275
Task 26 100 0.26
Task 192 800 0.24
Task 75 400 0.1875
Task 13 200 0.065
Task 23 400 0.0575
Task 22 400 0.055
GW 1.9875
Task 163 200 0.815
Task 330 800 0.4125
Task 253 800 0.31625
Task 88 400 0.22
Task 14 200 0.07
Task 10 200 0.05
Task 43 800 0.05375
Task 40 800 0.05
GW 0
-------------
036
-------------
GW 1.97625
Task 282 400 0.705
Task 320 800 0.4
Task 135 400 0.3375
Task 30 200 0.15
Task 99 800 0.12375
Task 9 100 0.09
Task 36 400 0.09
Task 8 100 0.08
GW 1.97125
Task 355 400 0.8875
Task 598 800 0.7475
Task 8 100 0.08
Task 53 800 0.06625
Task 11 200 0.055
Task 19 400 0.0475
Task 4 100 0.04
Task 19 400 0.0475
GW 0
-------------
037
-------------
GW 1.9825
Task 311 400 0.7775
Task 64 100 0.64
Task 163 800 0.20375
Task 63 400 0.1575
Task 5 100 0.05
Task 43 800 0.05375
Task 20 400 0.05
Task 5 100 0.05
GW 1.97875
Task 317 400 0.7925
Task 40 100 0.4
Task 121 400 0.3025
Task 77 400 0.1925
Task 117 800 0.14625
Task 48 800 0.06
Task 4 100 0.04
Task 9 200 0.045
GW 0
-------------
038
-------------
GW 1.9625
Task 397 400 0.9925
Task 78 200 0.39
Task 115 400 0.2875
Task 12 100 0.12
Task 19 400 0.0475
Task 4 100 0.04
Task 4 100 0.04
Task 9 200 0.045
GW 1.985
Task 73 100 0.73
Task 572 800 0.715
Task 27 100 0.27
Task 31 400 0.0775
Task 20 400 0.05
Task 19 400 0.0475
Task 19 400 0.0475
Task 19 400 0.0475
GW 0
-------------
039
-------------
GW 1.98875
Task 315 400 0.7875
Task 79 200 0.395
Task 107 400 0.2675
Task 26 100 0.26
Task 92 800 0.115
Task 6 100 0.06
Task 44 800 0.055
Task 39 800 0.04875
GW 1.9775
Task 305 400 0.7625
Task 43 100 0.43
Task 70 200 0.35
Task 17 100 0.17
Task 39 400 0.0975
Task 23 400 0.0575
Task 11 200 0.055
Task 11 200 0.055
GW 0
-------------
040
-------------
GW 1.98375
Task 262 400 0.655
Task 114 200 0.57
Task 45 200 0.225
Task 60 400 0.15
Task 15 100 0.15
Task 81 800 0.10125
Task 33 400 0.0825
Task 5 100 0.05
GW 1.9825
Task 194 200 0.97
Task 51 200 0.255
Task 200 800 0.25
Task 14 100 0.14
Task 25 200 0.125
Task 78 800 0.0975
Task 9 100 0.09
Task 22 400 0.055
GW 0
-------------
041
-------------
GW 1.97625
Task 73 100 0.73
Task 197 400 0.4925
Task 153 400 0.3825
Task 26 200 0.13
Task 9 100 0.09
Task 45 800 0.05625
Task 20 400 0.05
Task 9 200 0.045
GW 1.98375
Task 181 200 0.905
Task 87 200 0.435
Task 93 400 0.2325
Task 29 200 0.145
Task 16 200 0.08
Task 57 800 0.07125
Task 12 200 0.06
Task 11 200 0.055
GW 0
-------------
042
-------------
GW 1.9775
Task 372 400 0.93
Task 60 200 0.3
Task 45 200 0.225
Task 77 400 0.1925
Task 12 100 0.12
Task 8 100 0.08
Task 14 200 0.07
Task 12 200 0.06
GW 1.98625
Task 189 400 0.4725
Task 44 100 0.44
Task 144 400 0.36
Task 51 200 0.255
Task 50 200 0.25
Task 31 400 0.0775
Task 14 200 0.07
Task 49 800 0.06125
GW 0
-------------
043
-------------
GW 1.985
Task 277 400 0.6925
Task 263 400 0.6575
Task 64 200 0.32
Task 10 100 0.1
Task 6 100 0.06
Task 5 100 0.05
Task 22 400 0.055
Task 40 800 0.05
GW 1.98625
Task 126 200 0.63
Task 389 800 0.48625
Task 74 200 0.37
Task 18 100 0.18
Task 41 400 0.1025
Task 16 200 0.08
Task 59 800 0.07375
Task 51 800 0.06375
GW 0
-------------
044
-------------
GW 1.98375
Task 160 200 0.8
Task 536 800 0.67
Task 20 100 0.2
Task 86 800 0.1075
Task 5 100 0.05
Task 22 400 0.055
Task 41 800 0.05125
Task 40 800 0.05
GW 1.975
Task 116 200 0.58
Task 58 200 0.29
Task 28 100 0.28
Task 49 200 0.245
Task 21 100 0.21
Task 35 200 0.175
Task 13 100 0.13
Task 26 400 0.065
GW 0
-------------
045
-------------
GW 1.9925
Task 236 400 0.59
Task 291 800 0.36375
Task 26 100 0.26
Task 89 400 0.2225
Task 84 400 0.21
Task 127 800 0.15875
Task 22 200 0.11
Task 31 400 0.0775
GW 1.9775
Task 564 800 0.705
Task 200 400 0.5
Task 80 200 0.4
Task 10 100 0.1
Task 7 100 0.07
Task 29 400 0.0725
Task 14 200 0.07
Task 6 100 0.06
GW 0
-------------
046
-------------
GW 1.99125
Task 520 800 0.65
Task 114 200 0.57
Task 190 400 0.475
Task 62 800 0.0775
Task 12 200 0.06
Task 23 400 0.0575
Task 41 800 0.05125
Task 5 100 0.05
GW 1.9675
Task 258 400 0.645
Task 104 200 0.52
Task 86 200 0.43
Task 19 100 0.19
Task 42 800 0.0525
Task 5 100 0.05
Task 4 100 0.04
Task 4 100 0.04
GW 0
-------------
047
-------------
GW 1.99
Task 52 100 0.52
Task 178 400 0.445
Task 297 800 0.37125
Task 118 400 0.295
Task 46 400 0.115
Task 40 400 0.1
Task 32 400 0.08
Task 51 800 0.06375
GW 1.98625
Task 735 800 0.91875
Task 31 100 0.31
Task 41 200 0.205
Task 65 400 0.1625
Task 13 100 0.13
Task 21 200 0.105
Task 20 200 0.1
Task 11 200 0.055
GW 0
-------------
048
-------------
GW 1.98875
Task 245 400 0.6125
Task 61 100 0.61
Task 26 100 0.26
Task 93 400 0.2325
Task 41 400 0.1025
Task 59 800 0.07375
Task 5 100 0.05
Task 19 400 0.0475
GW 1.98875
Task 631 800 0.78875
Task 336 800 0.42
Task 44 200 0.22
Task 60 400 0.15
Task 46 400 0.115
Task 45 400 0.1125
Task 42 400 0.105
Task 62 800 0.0775
GW 0
-------------
049
-------------
GW 1.9825
Task 232 400 0.58
Task 100 200 0.5
Task 35 100 0.35
Task 46 200 0.23
Task 63 400 0.1575
Task 52 800 0.065
Task 5 100 0.05
Task 10 200 0.05
GW 1.9775
Task 771 800 0.96375
Task 35 100 0.35
Task 87 400 0.2175
Task 78 400 0.195
Task 42 400 0.105
Task 47 800 0.05875
Task 19 400 0.0475
Task 4 100 0.04
GW 0
-------------
050
-------------
GW 1.9725
Task 77 100 0.77
Task 29 100 0.29
Task 20 100 0.2
Task 18 100 0.18
Task 143 800 0.17875
Task 141 800 0.17625
Task 41 400 0.1025
Task 15 200 0.075
GW 1.975
Task 91 100 0.91
Task 298 800 0.3725
Task 73 200 0.365
Task 33 400 0.0825
Task 30 400 0.075
Task 13 200 0.065
Task 5 100 0.05
Task 22 400 0.055
GW 0
-------------
051
-------------
GW 1.9825
Task 74 100 0.74
Task 36 100 0.36
Task 260 800 0.325
Task 135 800 0.16875
Task 31 200 0.155
Task 82 800 0.1025
Task 61 800 0.07625
Task 11 200 0.055
GW 1.97375
Task 69 100 0.69
Task 167 400 0.4175
Task 25 100 0.25
Task 46 200 0.23
Task 109 800 0.13625
Task 12 100 0.12
Task 53 800 0.06625
Task 51 800 0.06375
GW 0
-------------
052
-------------
GW 1.98125
Task 329 400 0.8225
Task 131 400 0.3275
Task 60 200 0.3
Task 161 800 0.20125
Task 24 200 0.12
Task 46 400 0.115
Task 10 200 0.05
Task 9 200 0.045
GW 1.98
Task 244 400 0.61
Task 166 400 0.415
Task 64 200 0.32
Task 58 200 0.29
Task 82 400 0.205
Task 10 200 0.05
Task 5 100 0.05
Task 4 100 0.04
GW 0
-------------
053
-------------
GW 1.98125
Task 729 800 0.91125
Task 36 100 0.36
Task 65 200 0.325
Task 19 100 0.19
Task 20 400 0.05
Task 39 800 0.04875
Task 19 400 0.0475
Task 39 800 0.04875
GW 1.97625
Task 315 400 0.7875
Task 69 200 0.345
Task 30 100 0.3
Task 167 800 0.20875
Task 13 100 0.13
Task 20 200 0.1
Task 11 200 0.055
Task 20 400 0.05
GW 0
-------------
054
-------------
GW 1.99
Task 348 400 0.87
Task 100 200 0.5
Task 23 100 0.23
Task 61 400 0.1525
Task 7 100 0.07
Task 26 400 0.065
Task 42 800 0.0525
Task 5 100 0.05
GW 1.97875
Task 92 100 0.92
Task 304 400 0.76
Task 5 100 0.05
Task 41 800 0.05125
Task 5 100 0.05
Task 20 400 0.05
Task 20 400 0.05
Task 19 400 0.0475
GW 0
-------------
055
-------------
GW 1.985
Task 619 800 0.77375
Task 480 800 0.6
Task 41 200 0.205
Task 12 100 0.12
Task 18 200 0.09
Task 59 800 0.07375
Task 29 400 0.0725
Task 5 100 0.05
GW 1.9875
Task 184 200 0.92
Task 364 800 0.455
Task 23 100 0.23
Task 65 400 0.1625
Task 54 800 0.0675
Task 42 800 0.0525
Task 10 200 0.05
Task 10 200 0.05
GW 0
-------------
056
-------------
GW 1.98
Task 591 800 0.73875
Task 57 200 0.285
Task 28 100 0.28
Task 107 400 0.2675
Task 29 200 0.145
Task 26 200 0.13
Task 15 200 0.075
Task 47 800 0.05875
GW 1.9775
Task 99 100 0.99
Task 52 100 0.52
Task 15 100 0.15
Task 91 800 0.11375
Task 45 800 0.05625
Task 10 200 0.05
Task 20 400 0.05
Task 19 400 0.0475
GW 0
-------------
057
-------------
GW 1.9875
Task 782 800 0.9775
Task 272 400 0.68
Task 15 200 0.075
Task 53 800 0.06625
Task 9 200 0.045
Task 19 400 0.0475
Task 19 400 0.0475
Task 39 800 0.04875
GW 1.985
Task 69 100 0.69
Task 323 800 0.40375
Task 54 200 0.27
Task 25 100 0.25
Task 89 400 0.2225
Task 41 800 0.05125
Task 40 800 0.05
Task 19 400 0.0475
GW 0
-------------
058
-------------
GW 1.99
Task 107 200 0.535
Task 98 200 0.49
Task 319 800 0.39875
Task 165 800 0.20625
Task 23 200 0.115
Task 19 200 0.095
Task 66 800 0.0825
Task 27 400 0.0675
GW 1.985
Task 653 800 0.81625
Task 547 800 0.68375
Task 35 200 0.175
Task 16 200 0.08
Task 8 100 0.08
Task 46 800 0.0575
Task 19 400 0.0475
Task 9 200 0.045
GW 0
-------------
059
-------------
GW 1.98625
Task 500 800 0.625
Task 41 100 0.41
Task 119 400 0.2975
Task 152 800 0.19
Task 31 200 0.155
Task 116 800 0.145
Task 35 400 0.0875
Task 61 800 0.07625
GW 1.98
Task 742 800 0.9275
Task 37 100 0.37
Task 27 100 0.27
Task 116 800 0.145
Task 17 200 0.085
Task 33 400 0.0825
Task 10 200 0.05
Task 40 800 0.05
GW 0
-------------
060
-------------
GW 1.9825
Task 315 400 0.7875
Task 134 200 0.67
Task 53 400 0.1325
Task 101 800 0.12625
Task 33 400 0.0825
Task 7 100 0.07
Task 24 400 0.06
Task 43 800 0.05375
GW 1.99125
Task 384 400 0.96
Task 360 800 0.45
Task 31 200 0.155
Task 22 200 0.11
Task 40 400 0.1
Task 33 400 0.0825
Task 16 200 0.08
Task 43 800 0.05375
GW 0
-------------
061
-------------
GW 1.985
Task 192 200 0.96
Task 40 100 0.4
Task 164 800 0.205
Task 67 400 0.1675
Task 8 100 0.08
Task 51 800 0.06375
Task 22 400 0.055
Task 43 800 0.05375
GW 1.9875
Task 236 400 0.59
Task 380 800 0.475
Task 164 400 0.41
Task 73 400 0.1825
Task 48 400 0.12
Task 17 200 0.085
Task 7 100 0.07
Task 44 800 0.055
GW 0
-------------
062
-------------
GW 1.99125
Task 164 200 0.82
Task 162 200 0.81
Task 15 200 0.075
Task 57 800 0.07125
Task 6 100 0.06
Task 45 800 0.05625
Task 40 800 0.05
Task 39 800 0.04875
GW 1.99
Task 170 200 0.85
Task 47 200 0.235
Task 187 800 0.23375
Task 43 200 0.215
Task 126 800 0.1575
Task 25 200 0.125
Task 22 200 0.11
Task 51 800 0.06375
GW 0
-------------
063
-------------
GW 1.9825
Task 629 800 0.78625
Task 53 100 0.53
Task 330 800 0.4125
Task 22 400 0.055
Task 5 100 0.05
Task 10 200 0.05
Task 41 800 0.05125
Task 19 400 0.0475
GW 1.98
Task 72 100 0.72
Task 564 800 0.705
Task 15 100 0.15
Task 27 200 0.135
Task 90 800 0.1125
Task 6 100 0.06
Task 10 200 0.05
Task 19 400 0.0475
GW 0
-------------
064
-------------
GW 1.97625
Task 226 400 0.565
Task 48 100 0.48
Task 97 200 0.485
Task 38 200 0.19
Task 19 200 0.095
Task 6 100 0.06
Task 5 100 0.05
Task 41 800 0.05125
GW 1.9775
Task 186 200 0.93
Task 104 200 0.52
Task 133 800 0.16625
Task 85 800 0.10625
Task 15 200 0.075
Task 14 200 0.07
Task 12 200 0.06
Task 5 100 0.05
GW 0
-------------
065
-------------
GW 1.98625
Task 69 100 0.69
Task 400 800 0.5
Task 207 800 0.25875
Task 158 800 0.1975
Task 23 200 0.115
Task 92 800 0.115
Task 48 800 0.06
Task 20 400 0.05
GW 1.985
Task 97 200 0.485
Task 174 400 0.435
Task 150 400 0.375
Task 186 800 0.2325
Task 166 800 0.2075
Task 20 200 0.1
Task 18 200 0.09
Task 6 100 0.06
GW 0
-------------
066
-------------
GW 1.97125
Task 147 200 0.735
Task 263 400 0.6575
Task 21 100 0.21
Task 87 800 0.10875
Task 17 200 0.085
Task 7 100 0.07
Task 22 400 0.055
Task 10 200 0.05
GW 1.97375
Task 97 100 0.97
Task 137 400 0.3425
Task 48 200 0.24
Task 127 800 0.15875
Task 18 200 0.09
Task 13 200 0.065
Task 5 100 0.05
Task 23 400 0.0575
GW 0
-------------
067
-------------
GW 1.9875
Task 60 100 0.6
Task 41 100 0.41
Task 157 400 0.3925
Task 130 400 0.325
Task 10 100 0.1
Task 11 200 0.055
Task 11 200 0.055
Task 20 400 0.05
GW 1.98375
Task 536 800 0.67
Task 57 100 0.57
Task 301 800 0.37625
Task 49 400 0.1225
Task 16 200 0.08
Task 46 800 0.0575
Task 23 400 0.0575
Task 5 100 0.05
GW 0
-------------
068
-------------
GW 1.9875
Task 319 400 0.7975
Task 249 400 0.6225
Task 17 100 0.17
Task 24 200 0.12
Task 84 800 0.105
Task 53 800 0.06625
Task 5 100 0.05
Task 45 800 0.05625
GW 1.98
Task 86 100 0.86
Task 222 400 0.555
Task 42 200 0.21
Task 45 400 0.1125
Task 33 400 0.0825
Task 24 400 0.06
Task 11 200 0.055
Task 9 200 0.045
GW 0
-------------
069
-------------
GW 1.9825
Task 532 800 0.665
Task 96 200 0.48
Task 96 200 0.48
Task 22 200 0.11
Task 64 800 0.08
Task 54 800 0.0675
Task 10 200 0.05
Task 10 200 0.05
GW 1.985
Task 385 400 0.9625
Task 211 400 0.5275
Task 115 800 0.14375
Task 18 200 0.09
Task 8 100 0.08
Task 15 200 0.075
Task 45 800 0.05625
Task 5 100 0.05
GW 0
-------------
070
-------------
GW 1.99125
Task 271 400 0.6775
Task 50 100 0.5
Task 265 800 0.33125
Task 28 200 0.14
Task 20 200 0.1
Task 78 800 0.0975
Task 16 200 0.08
Task 52 800 0.065
GW 1.97625
Task 179 200 0.895
Task 163 400 0.4075
Task 197 800 0.24625
Task 29 200 0.145
Task 22 200 0.11
Task 58 800 0.0725
Task 5 100 0.05
Task 10 200 0.05
GW 0
-------------
071
-------------
GW 1.98
Task 123 200 0.615
Task 263 800 0.32875
Task 32 100 0.32
Task 230 800 0.2875
Task 167 800 0.20875
Task 10 100 0.1
Task 12 200 0.06
Task 12 200 0.06
GW 1.98
Task 85 100 0.85
Task 350 800 0.4375
Task 32 100 0.32
Task 140 800 0.175
Task 5 100 0.05
Task 5 100 0.05
Task 5 100 0.05
Task 19 400 0.0475
GW 0
-------------
072
-------------
GW 1.99
Task 88 100 0.88
Task 271 800 0.33875
Task 161 800 0.20125
Task 139 800 0.17375
Task 118 800 0.1475
Task 44 400 0.11
Task 36 400 0.09
Task 39 800 0.04875
GW 1.97625
Task 760 800 0.95
Task 538 800 0.6725
Task 89 800 0.11125
Task 24 400 0.06
Task 42 800 0.0525
Task 20 400 0.05
Task 4 100 0.04
Task 4 100 0.04
GW 0
-------------
073
-------------
GW 1.98
Task 313 400 0.7825
Task 71 100 0.71
Task 23 200 0.115
Task 82 800 0.1025
Task 38 400 0.095
Task 27 400 0.0675
Task 46 800 0.0575
Task 5 100 0.05
GW 1.97
Task 576 800 0.72
Task 202 400 0.505
Task 134 400 0.335
Task 18 100 0.18
Task 7 100 0.07
Task 6 100 0.06
Task 5 100 0.05
Task 10 200 0.05
GW 0
-------------
074
-------------
GW 1.99125
Task 77 100 0.77
Task 162 400 0.405
Task 232 800 0.29
Task 192 800 0.24
Task 46 400 0.115
Task 51 800 0.06375
Task 23 400 0.0575
Task 5 100 0.05
GW 1.9775
Task 698 800 0.8725
Task 312 400 0.78
Task 16 200 0.08
Task 48 800 0.06
Task 5 100 0.05
Task 19 400 0.0475
Task 4 100 0.04
Task 19 400 0.0475
GW 0
-------------
075
-------------
GW 1.98375
Task 67 100 0.67
Task 304 800 0.38
Task 125 400 0.3125
Task 227 800 0.28375
Task 13 100 0.13
Task 38 400 0.095
Task 6 100 0.06
Task 42 800 0.0525
GW 1.96875
Task 58 100 0.58
Task 39 100 0.39
Task 275 800 0.34375
Task 47 200 0.235
Task 43 200 0.215
Task 41 400 0.1025
Task 21 400 0.0525
Task 20 400 0.05
GW 0
-------------
076
-------------
GW 1.9825
Task 349 400 0.8725
Task 120 200 0.6
Task 61 400 0.1525
Task 102 800 0.1275
Task 14 200 0.07
Task 6 100 0.06
Task 5 100 0.05
Task 5 100 0.05
GW 1.97375
Task 64 100 0.64
Task 92 200 0.46
Task 50 200 0.25
Task 47 200 0.235
Task 25 200 0.125
Task 91 800 0.11375
Task 8 100 0.08
Task 7 100 0.07
GW 0
-------------
077
-------------
GW 1.975
Task 309 400 0.7725
Task 84 200 0.42
Task 213 800 0.26625
Task 173 800 0.21625
Task 116 800 0.145
Task 6 100 0.06
Task 11 200 0.055
Task 4 100 0.04
GW 1.9775
Task 103 200 0.515
Task 48 100 0.48
Task 275 800 0.34375
Task 20 100 0.2
Task 156 800 0.195
Task 22 200 0.11
Task 59 800 0.07375
Task 6 100 0.06
GW 0
-------------
078
-------------
GW 1.98375
Task 399 800 0.49875
Task 162 400 0.405
Task 161 400 0.4025
Task 154 400 0.385
Task 59 400 0.1475
Task 11 200 0.055
Task 40 800 0.05
Task 4 100 0.04
GW 1.985
Task 284 400 0.71
Task 136 200 0.68
Task 131 800 0.16375
Task 118 800 0.1475
Task 46 400 0.115
Task 12 200 0.06
Task 47 800 0.05875
Task 5 100 0.05
GW 0
-------------
079
-------------
GW 1.98125
Task 87 100 0.87
Task 83 200 0.415
Task 92 400 0.23
Task 27 200 0.135
Task 22 200 0.11
Task 85 800 0.10625
Task 6 100 0.06
Task 11 200 0.055
GW 1.96625
Task 87 100 0.87
Task 43 100 0.43
Task 247 800 0.30875
Task 15 100 0.15
Task 23 400 0.0575
Task 5 100 0.05
Task 10 200 0.05
Task 20 400 0.05
GW 0
-------------
080
-------------
GW 1.9775
Task 98 100 0.98
Task 109 200 0.545
Task 51 400 0.1275
Task 36 400 0.09
Task 68 800 0.085
Task 6 100 0.06
Task 20 400 0.05
Task 4 100 0.04
GW 1.9875
Task 625 800 0.78125
Task 139 400 0.3475
Task 225 800 0.28125
Task 19 100 0.19
Task 58 400 0.145
Task 81 800 0.10125
Task 18 200 0.09
Task 41 800 0.05125
GW 0
-------------
081
-------------
GW 1.985
Task 118 200 0.59
Task 146 400 0.365
Task 257 800 0.32125
Task 49 200 0.245
Task 17 100 0.17
Task 50 400 0.125
Task 70 800 0.0875
Task 65 800 0.08125
GW 1.98625
Task 299 400 0.7475
Task 510 800 0.6375
Task 289 800 0.36125
Task 21 400 0.0525
Task 5 100 0.05
Task 10 200 0.05
Task 19 400 0.0475
Task 4 100 0.04
GW 0
-------------
082
-------------
GW 1.9875
Task 738 800 0.9225
Task 158 400 0.395
Task 123 400 0.3075
Task 62 400 0.155
Task 25 400 0.0625
Task 21 400 0.0525
Task 19 400 0.0475
Task 9 200 0.045
GW 1.98375
Task 383 400 0.9575
Task 50 100 0.5
Task 22 100 0.22
Task 87 800 0.10875
Task 41 800 0.05125
Task 39 800 0.04875
Task 39 800 0.04875
Task 39 800 0.04875
GW 0
-------------
083
-------------
GW 1.98625
Task 584 800 0.73
Task 475 800 0.59375
Task 333 800 0.41625
Task 5 100 0.05
Task 20 400 0.05
Task 39 800 0.04875
Task 39 800 0.04875
Task 39 800 0.04875
GW 1.99
Task 309 400 0.7725
Task 88 200 0.44
Task 124 400 0.31
Task 18 100 0.18
Task 115 800 0.14375
Task 19 400 0.0475
Task 19 400 0.0475
Task 39 800 0.04875
GW 0
-------------
084
-------------
GW 1.98625
Task 149 200 0.745
Task 87 200 0.435
Task 230 800 0.2875
Task 114 400 0.285
Task 33 400 0.0825
Task 5 100 0.05
Task 41 800 0.05125
Task 10 200 0.05
GW 1.98125
Task 773 800 0.96625
Task 294 400 0.735
Task 39 800 0.04875
Task 19 400 0.0475
Task 9 200 0.045
Task 9 200 0.045
Task 39 800 0.04875
Task 9 200 0.045
GW 0
-------------
085
-------------
GW 1.97875
Task 102 200 0.51
Task 44 100 0.44
Task 176 400 0.44
Task 226 800 0.2825
Task 109 800 0.13625
Task 6 100 0.06
Task 46 800 0.0575
Task 21 400 0.0525
GW 1.99125
Task 539 800 0.67375
Task 401 800 0.50125
Task 339 800 0.42375
Task 21 200 0.105
Task 18 200 0.09
Task 16 200 0.08
Task 24 400 0.06
Task 46 800 0.0575
GW 0
-------------
086
-------------
GW 1.98625
Task 537 800 0.67125
Task 49 100 0.49
Task 264 800 0.33
Task 93 400 0.2325
Task 76 800 0.095
Task 7 100 0.07
Task 5 100 0.05
Task 19 400 0.0475
GW 1.97625
Task 325 400 0.8125
Task 69 200 0.345
Task 32 100 0.32
Task 33 200 0.165
Task 113 800 0.14125
Task 33 400 0.0825
Task 12 200 0.06
Task 10 200 0.05
GW 0
-------------
087
-------------
GW 1.98
Task 71 100 0.71
Task 52 100 0.52
Task 124 400 0.31
Task 14 100 0.14
Task 52 400 0.13
Task 7 100 0.07
Task 5 100 0.05
Task 10 200 0.05
GW 1.975
Task 86 100 0.86
Task 125 400 0.3125
Task 116 400 0.29
Task 91 400 0.2275
Task 12 100 0.12
Task 49 800 0.06125
Task 5 100 0.05
Task 43 800 0.05375
GW 0
-------------
088
-------------
GW 1.99
Task 59 100 0.59
Task 463 800 0.57875
Task 26 100 0.26
Task 172 800 0.215
Task 157 800 0.19625
Task 5 100 0.05
Task 40 800 0.05
Task 40 800 0.05
GW 1.97875
Task 398 400 0.995
Task 79 200 0.395
Task 120 400 0.3
Task 6 100 0.06
Task 12 200 0.06
Task 6 100 0.06
Task 47 800 0.05875
Task 20 400 0.05
GW 0
-------------
089
-------------
GW 1.96
Task 80 100 0.8
Task 59 100 0.59
Task 47 200 0.235
Task 30 200 0.15
Task 5 100 0.05
Task 9 200 0.045
Task 9 200 0.045
Task 9 200 0.045
GW 1.98125
Task 76 100 0.76
Task 37 100 0.37
Task 23 100 0.23
Task 91 400 0.2275
Task 21 100 0.21
Task 17 200 0.085
Task 40 800 0.05
Task 39 800 0.04875
GW 0
-------------
090
-------------
GW 1.9825
Task 705 800 0.88125
Task 84 200 0.42
Task 50 200 0.25
Task 159 800 0.19875
Task 38 400 0.095
Task 39 800 0.04875
Task 39 800 0.04875
Task 4 100 0.04
GW 1.975
Task 170 200 0.85
Task 45 100 0.45
Task 21 100 0.21
Task 35 200 0.175
Task 10 100 0.1
Task 36 400 0.09
Task 10 200 0.05
Task 20 400 0.05
GW 0
-------------
091
-------------
GW 1.98
Task 778 800 0.9725
Task 59 200 0.295
Task 79 400 0.1975
Task 38 200 0.19
Task 13 100 0.13
Task 17 200 0.085
Task 6 100 0.06
Task 20 400 0.05
GW 1.9825
Task 603 800 0.75375
Task 71 100 0.71
Task 47 200 0.235
Task 53 800 0.06625
Task 24 400 0.06
Task 46 800 0.0575
Task 10 200 0.05
Task 5 100 0.05
GW 0
-------------
092
-------------
GW 1.98125
Task 368 400 0.92
Task 331 800 0.41375
Task 33 100 0.33
Task 20 200 0.1
Task 16 200 0.08
Task 5 100 0.05
Task 19 400 0.0475
Task 4 100 0.04
GW 1.99
Task 638 800 0.7975
Task 69 100 0.69
Task 56 400 0.14
Task 10 100 0.1
Task 18 200 0.09
Task 24 400 0.06
Task 6 100 0.06
Task 21 400 0.0525
GW 0
-------------
093
-------------
GW 1.985
Task 83 100 0.83
Task 621 800 0.77625
Task 10 100 0.1
Task 65 800 0.08125
Task 11 200 0.055
Task 10 200 0.05
Task 19 400 0.0475
Task 9 200 0.045
GW 1.98
Task 71 100 0.71
Task 124 200 0.62
Task 34 200 0.17
Task 60 400 0.15
Task 10 100 0.1
Task 66 800 0.0825
Task 8 100 0.08
Task 27 400 0.0675
GW 0
-------------
094
-------------
GW 1.9825
Task 636 800 0.795
Task 375 800 0.46875
Task 28 100 0.28
Task 16 100 0.16
Task 101 800 0.12625
Task 44 800 0.055
Task 20 400 0.05
Task 19 400 0.0475
GW 1.9875
Task 314 400 0.785
Task 304 400 0.76
Task 70 400 0.175
Task 6 100 0.06
Task 47 800 0.05875
Task 42 800 0.0525
Task 39 800 0.04875
Task 19 400 0.0475
GW 0
-------------
095
-------------
GW 1.975
Task 346 400 0.865
Task 90 200 0.45
Task 181 800 0.22625
Task 14 100 0.14
Task 47 400 0.1175
Task 57 800 0.07125
Task 11 200 0.055
Task 10 200 0.05
GW 1.99
Task 145 200 0.725
Task 69 100 0.69
Task 57 400 0.1425
Task 12 100 0.12
Task 45 400 0.1125
Task 16 200 0.08
Task 7 100 0.07
Task 40 800 0.05
GW 0
-------------
096
-------------
GW 1.9775
Task 326 400 0.815
Task 455 800 0.56875
Task 32 100 0.32
Task 26 400 0.065
Task 11 200 0.055
Task 5 100 0.05
Task 43 800 0.05375
Task 5 100 0.05
GW 1.97
Task 97 100 0.97
Task 30 100 0.3
Task 21 100 0.21
Task 71 400 0.1775
Task 21 200 0.105
Task 16 200 0.08
Task 27 400 0.0675
Task 6 100 0.06
GW 0
-------------
097
-------------
GW 1.975
Task 310 400 0.775
Task 109 200 0.545
Task 67 200 0.335
Task 10 100 0.1
Task 7 100 0.07
Task 5 100 0.05
Task 10 200 0.05
Task 5 100 0.05
GW 1.99125
Task 331 800 0.41375
Task 71 200 0.355
Task 127 400 0.3175
Task 191 800 0.23875
Task 164 800 0.205
Task 37 200 0.185
Task 59 400 0.1475
Task 103 800 0.12875
GW 0
-------------
098
-------------
GW 1.97375
Task 65 100 0.65
Task 26 100 0.26
Task 24 100 0.24
Task 95 400 0.2375
Task 80 400 0.2
Task 62 400 0.155
Task 12 100 0.12
Task 89 800 0.11125
GW 1.975
Task 403 800 0.50375
Task 81 200 0.405
Task 132 400 0.33
Task 28 100 0.28
Task 17 100 0.17
Task 12 100 0.12
Task 77 800 0.09625
Task 7 100 0.07
GW 0
-------------
099
-------------
GW 1.985
Task 774 800 0.9675
Task 359 800 0.44875
Task 195 800 0.24375
Task 51 400 0.1275
Task 5 100 0.05
Task 5 100 0.05
Task 10 200 0.05
Task 19 400 0.0475
GW 1.97375
Task 72 100 0.72
Task 37 100 0.37
Task 204 800 0.255
Task 90 400 0.225
Task 38 200 0.19
Task 10 100 0.1
Task 51 800 0.06375
Task 5 100 0.05
GW 0
-------------
100
-------------
