GW 1.9775
Task 36 100 0.36
Task 372 400 0.93
Task 11 100 0.11
Task 39 400 0.0975
Task 32 400 0.08
Task 32 400 0.08
Task 16 200 0.08
Task 64 800 0.08
Task 16 200 0.08
Task 8 100 0.08
GW 1.99
Task 101 200 0.505
Task 300 400 0.75
Task 133 800 0.16625
Task 70 800 0.0875
Task 32 400 0.08
Task 65 800 0.08125
Task 64 800 0.08
Task 32 400 0.08
Task 64 800 0.08
Task 32 400 0.08
GW 1.99
Task 405 800 0.50625
Task 621 800 0.77625
Task 57 400 0.1425
Task 17 200 0.085
Task 16 200 0.08
Task 8 100 0.08
Task 16 200 0.08
Task 8 100 0.08
Task 16 200 0.08
Task 8 100 0.08
GW 0.3
Task 300 1000 0.3
-------------
001
-------------
GW 1.9625
Task 18 100 0.18
Task 313 400 0.7825
Task 30 100 0.3
Task 13 100 0.13
Task 23 200 0.115
Task 38 400 0.095
Task 38 400 0.095
Task 34 400 0.085
Task 8 100 0.08
Task 40 400 0.1
GW 1.97375
Task 70 200 0.35
Task 344 400 0.86
Task 26 200 0.13
Task 51 400 0.1275
Task 19 200 0.095
Task 73 800 0.09125
Task 8 100 0.08
Task 8 100 0.08
Task 16 200 0.08
Task 32 400 0.08
GW 1.98375
Task 703 800 0.87875
Task 30 200 0.15
Task 249 800 0.31125
Task 62 400 0.155
Task 16 200 0.08
Task 64 800 0.08
Task 33 400 0.0825
Task 67 800 0.08375
Task 66 800 0.0825
Task 8 100 0.08
GW 0.3
Task 300 1000 0.3
-------------
002
-------------
GW 1.98875
Task 99 200 0.495
Task 82 100 0.82
Task 36 400 0.09
Task 78 800 0.0975
Task 69 800 0.08625
Task 32 400 0.08
Task 16 200 0.08
Task 16 200 0.08
Task 64 800 0.08
Task 16 200 0.08
GW 1.99375
Task 733 800 0.91625
Task 13 100 0.13
Task 289 800 0.36125
Task 83 800 0.10375
Task 33 400 0.0825
Task 32 400 0.08
Task 64 800 0.08
Task 32 400 0.08
Task 8 100 0.08
Task 8 100 0.08
GW 1.98625
Task 47 100 0.47
Task 129 200 0.645
Task 56 200 0.28
Task 36 400 0.09
Task 81 800 0.10125
Task 16 200 0.08
Task 32 400 0.08
Task 32 400 0.08
Task 16 200 0.08
Task 16 200 0.08
GW 0.3
Task 300 1000 0.3
-------------
003
-------------
GW 1.96875
Task 98 200 0.49
Task 55 200 0.275
Task 48 100 0.48
Task 71 800 0.08875
Task 52 400 0.13
Task 26 200 0.13
Task 19 200 0.095
Task 9 100 0.09
Task 22 200 0.11
Task 16 200 0.08
GW 1.98625
Task 79 200 0.395
Task 367 800 0.45875
Task 16 100 0.16
Task 97 200 0.485
Task 70 800 0.0875
Task 32 400 0.08
Task 16 200 0.08
Task 32 400 0.08
Task 64 800 0.08
Task 32 400 0.08
GW 1.9825
Task 58 200 0.29
Task 52 200 0.26
Task 49 100 0.49
Task 39 100 0.39
Task 32 400 0.08
Task 24 200 0.12
Task 39 400 0.0975
Task 36 400 0.09
Task 17 200 0.085
Task 16 200 0.08
GW 0.3
Task 300 1000 0.3
-------------
004
-------------
GW 1.98125
Task 34 400 0.085
Task 383 400 0.9575
Task 16 100 0.16
Task 96 400 0.24
Task 101 800 0.12625
Task 33 400 0.0825
Task 9 100 0.09
Task 8 100 0.08
Task 16 200 0.08
Task 32 400 0.08
GW 1.99
Task 161 200 0.805
Task 41 100 0.41
Task 117 800 0.14625
Task 108 800 0.135
Task 16 200 0.08
Task 75 800 0.09375
Task 64 800 0.08
Task 8 100 0.08
Task 16 200 0.08
Task 32 400 0.08
GW 1.985
Task 297 800 0.37125
Task 143 200 0.715
Task 53 200 0.265
Task 85 800 0.10625
Task 39 400 0.0975
Task 10 100 0.1
Task 72 800 0.09
Task 8 100 0.08
Task 32 400 0.08
Task 32 400 0.08
GW 0.3
Task 300 1000 0.3
-------------
005
-------------
GW 1.97625
Task 222 400 0.555
Task 100 200 0.5
Task 80 400 0.2
Task 19 100 0.19
Task 24 200 0.12
Task 73 800 0.09125
Task 8 100 0.08
Task 64 800 0.08
Task 16 200 0.08
Task 16 200 0.08
GW 1.98
Task 55 100 0.55
Task 379 800 0.47375
Task 38 400 0.095
Task 97 400 0.2425
Task 20 100 0.2
Task 70 800 0.0875
Task 16 200 0.08
Task 9 100 0.09
Task 65 800 0.08125
Task 32 400 0.08
GW 1.99
Task 706 800 0.8825
Task 113 400 0.2825
Task 53 200 0.265
Task 32 400 0.08
Task 8 100 0.08
Task 8 100 0.08
Task 16 200 0.08
Task 64 800 0.08
Task 16 200 0.08
Task 8 100 0.08
GW 0.3
Task 300 1000 0.3
-------------
006
-------------
GW 1.97875
Task 111 200 0.555
Task 130 400 0.325
Task 84 200 0.42
Task 57 400 0.1425
Task 21 200 0.105
Task 11 100 0.11
Task 8 100 0.08
Task 65 800 0.08125
Task 64 800 0.08
Task 32 400 0.08
GW 1.98125
Task 32 200 0.16
Task 81 100 0.81
Task 281 800 0.35125
Task 16 200 0.08
Task 35 200 0.175
Task 8 100 0.08
Task 68 800 0.085
Task 32 400 0.08
Task 64 800 0.08
Task 64 800 0.08
GW 1.99
Task 209 400 0.5225
Task 23 200 0.115
Task 261 800 0.32625
Task 411 800 0.51375
Task 21 200 0.105
Task 69 800 0.08625
Task 65 800 0.08125
Task 16 200 0.08
Task 32 400 0.08
Task 8 100 0.08
GW 0.3
Task 300 1000 0.3
-------------
007
-------------
GW 1.995
Task 667 800 0.83375
Task 48 400 0.12
Task 356 800 0.445
Task 20 200 0.1
Task 37 400 0.0925
Task 8 100 0.08
Task 67 800 0.08375
Task 64 800 0.08
Task 32 400 0.08
Task 8 100 0.08
GW 1.97625
Task 32 100 0.32
Task 70 200 0.35
Task 45 100 0.45
Task 121 800 0.15125
Task 43 200 0.215
Task 17 100 0.17
Task 8 100 0.08
Task 32 400 0.08
Task 64 800 0.08
Task 8 100 0.08
GW 1.98875
Task 100 400 0.25
Task 25 100 0.25
Task 584 800 0.73
Task 102 400 0.255
Task 16 200 0.08
Task 83 800 0.10375
Task 64 800 0.08
Task 32 400 0.08
Task 8 100 0.08
Task 64 800 0.08
GW 0.3
Task 300 1000 0.3
-------------
008
-------------
GW 1.9725
Task 73 100 0.73
Task 10 100 0.1
Task 102 200 0.51
Task 8 100 0.08
Task 13 100 0.13
Task 16 200 0.08
Task 10 100 0.1
Task 33 400 0.0825
Task 64 800 0.08
Task 8 100 0.08
GW 1.98125
Task 190 200 0.95
Task 49 200 0.245
Task 20 200 0.1
Task 31 200 0.155
Task 16 200 0.08
Task 12 100 0.12
Task 73 800 0.09125
Task 32 400 0.08
Task 8 100 0.08
Task 16 200 0.08
GW 1.99
Task 85 200 0.425
Task 181 800 0.22625
Task 323 800 0.40375
Task 161 400 0.4025
Task 80 800 0.1
Task 18 200 0.09
Task 32 400 0.08
Task 69 800 0.08625
Task 16 200 0.08
Task 77 800 0.09625
GW 0.3
Task 300 1000 0.3
-------------
009
-------------
GW 1.9725
Task 57 400 0.1425
Task 132 200 0.66
Task 39 100 0.39
Task 21 100 0.21
Task 11 100 0.11
Task 13 100 0.13
Task 8 100 0.08
Task 17 200 0.085
Task 34 400 0.085
Task 16 200 0.08
GW 1.99
Task 237 400 0.5925
Task 457 800 0.57125
Task 32 200 0.16
Task 17 100 0.17
Task 74 800 0.0925
Task 67 800 0.08375
Task 8 100 0.08
Task 8 100 0.08
Task 8 100 0.08
Task 32 400 0.08
GW 1.99125
Task 73 200 0.365
Task 193 200 0.965
Task 9 100 0.09
Task 73 800 0.09125
Task 16 200 0.08
Task 16 200 0.08
Task 8 100 0.08
Task 16 200 0.08
Task 16 200 0.08
Task 64 800 0.08
GW 0.3
Task 300 1000 0.3
-------------
010
-------------
GW 1.99
Task 146 200 0.73
Task 41 100 0.41
Task 24 100 0.24
Task 12 100 0.12
Task 32 400 0.08
Task 9 100 0.09
Task 32 400 0.08
Task 32 400 0.08
Task 64 800 0.08
Task 64 800 0.08
GW 1.98875
Task 382 400 0.955
Task 118 400 0.295
Task 50 400 0.125
Task 89 800 0.11125
Task 65 800 0.08125
Task 8 100 0.08
Task 81 800 0.10125
Task 8 100 0.08
Task 8 100 0.08
Task 32 400 0.08
GW 1.9875
Task 44 100 0.44
Task 83 200 0.415
Task 125 400 0.3125
Task 43 400 0.1075
Task 185 800 0.23125
Task 28 200 0.14
Task 68 800 0.085
Task 64 800 0.08
Task 77 800 0.09625
Task 32 400 0.08
GW 0.3
Task 300 1000 0.3
-------------
011
-------------
GW 1.96625
Task 27 100 0.27
Task 91 200 0.455
Task 116 200 0.58
Task 13 100 0.13
Task 9 100 0.09
Task 42 400 0.105
Task 8 100 0.08
Task 19 200 0.095
Task 32 400 0.08
Task 65 800 0.08125
GW 1.985
Task 273 800 0.34125
Task 108 800 0.135
Task 78 100 0.78
Task 10 100 0.1
Task 35 200 0.175
Task 13 100 0.13
Task 67 800 0.08375
Task 32 400 0.08
Task 8 100 0.08
Task 8 100 0.08
GW 1.98
Task 32 100 0.32
Task 364 800 0.455
Task 164 400 0.41
Task 14 100 0.14
Task 51 200 0.255
Task 8 100 0.08
Task 64 800 0.08
Task 16 200 0.08
Task 64 800 0.08
Task 8 100 0.08
GW 0.3
Task 300 1000 0.3
-------------
012
-------------
GW 1.98
Task 73 100 0.73
Task 54 200 0.27
Task 68 400 0.17
Task 30 100 0.3
Task 42 400 0.105
Task 8 100 0.08
Task 34 400 0.085
Task 8 100 0.08
Task 8 100 0.08
Task 8 100 0.08
GW 1.98
Task 15 100 0.15
Task 14 100 0.14
Task 35 100 0.35
Task 64 100 0.64
Task 92 800 0.115
Task 10 100 0.1
Task 41 200 0.205
Task 21 200 0.105
Task 70 800 0.0875
Task 35 400 0.0875
GW 1.9875
Task 99 100 0.99
Task 27 100 0.27
Task 84 800 0.105
Task 83 800 0.10375
Task 33 400 0.0825
Task 45 400 0.1125
Task 67 800 0.08375
Task 16 200 0.08
Task 8 100 0.08
Task 16 200 0.08
GW 0.3
Task 300 1000 0.3
-------------
013
-------------
GW 1.99
Task 64 100 0.64
Task 92 800 0.115
Task 47 200 0.235
Task 168 400 0.42
Task 36 200 0.18
Task 8 100 0.08
Task 64 800 0.08
Task 16 200 0.08
Task 8 100 0.08
Task 16 200 0.08
GW 1.97875
Task 263 400 0.6575
Task 74 200 0.37
Task 184 800 0.23
Task 162 800 0.2025
Task 18 200 0.09
Task 10 100 0.1
Task 8 100 0.08
Task 71 800 0.08875
Task 64 800 0.08
Task 8 100 0.08
GW 1.9725
Task 56 100 0.56
Task 72 200 0.36
Task 18 200 0.09
Task 72 200 0.36
Task 160 800 0.2
Task 66 800 0.0825
Task 64 800 0.08
Task 8 100 0.08
Task 16 200 0.08
Task 16 200 0.08
GW 0.3
Task 300 1000 0.3
-------------
014
-------------
GW 1.985
Task 94 200 0.47
Task 294 400 0.735
Task 39 400 0.0975
Task 17 200 0.085
Task 18 100 0.18
Task 35 400 0.0875
Task 17 200 0.085
Task 32 400 0.08
Task 8 100 0.08
Task 68 800 0.085
GW 1.98625
Task 293 800 0.36625
Task 756 800 0.945
Task 9 100 0.09
Task 72 800 0.09
Task 16 200 0.08
Task 19 200 0.095
Task 8 100 0.08
Task 32 400 0.08
Task 32 400 0.08
Task 64 800 0.08
GW 1.98375
Task 166 200 0.83
Task 9 100 0.09
Task 194 400 0.485
Task 70 800 0.0875
Task 8 100 0.08
Task 73 800 0.09125
Task 16 200 0.08
Task 32 400 0.08
Task 16 200 0.08
Task 16 200 0.08
GW 0.3
Task 300 1000 0.3
-------------
015
-------------
GW 1.99375
Task 172 200 0.86
Task 54 400 0.135
Task 77 200 0.385
Task 96 800 0.12
Task 71 800 0.08875
Task 17 200 0.085
Task 32 400 0.08
Task 32 400 0.08
Task 8 100 0.08
Task 32 400 0.08
GW 1.98
Task 72 100 0.72
Task 32 100 0.32
Task 42 400 0.105
Task 76 400 0.19
Task 78 800 0.0975
Task 23 200 0.115
Task 37 200 0.185
Task 17 200 0.085
Task 33 400 0.0825
Task 8 100 0.08
GW 1.985
Task 75 200 0.375
Task 77 800 0.09625
Task 250 400 0.625
Task 219 800 0.27375
Task 135 800 0.16875
Task 44 400 0.11
Task 16 200 0.08
Task 18 200 0.09
Task 65 800 0.08125
Task 17 200 0.085
GW 0.3
Task 300 1000 0.3
-------------
016
-------------
GW 1.97
Task 36 100 0.36
Task 12 100 0.12
Task 221 400 0.5525
Task 68 200 0.34
Task 11 100 0.11
Task 31 200 0.155
Task 9 100 0.09
Task 66 800 0.0825
Task 16 200 0.08
Task 8 100 0.08
GW 1.98375
Task 43 200 0.215
Task 154 200 0.77
Task 71 200 0.355
Task 128 800 0.16
Task 8 100 0.08
Task 8 100 0.08
Task 32 400 0.08
Task 66 800 0.0825
Task 64 800 0.08
Task 65 800 0.08125
GW 1.96875
Task 48 100 0.48
Task 210 400 0.525
Task 27 100 0.27
Task 127 800 0.15875
Task 10 100 0.1
Task 34 400 0.085
Task 22 200 0.11
Task 32 400 0.08
Task 8 100 0.08
Task 64 800 0.08
GW 0.3
Task 300 1000 0.3
-------------
017
-------------
GW 1.9925
Task 30 100 0.3
Task 343 400 0.8575
Task 52 200 0.26
Task 38 400 0.095
Task 8 100 0.08
Task 16 200 0.08
Task 32 400 0.08
Task 64 800 0.08
Task 16 200 0.08
Task 8 100 0.08
GW 1.9825
Task 53 100 0.53
Task 158 200 0.79
Task 9 100 0.09
Task 36 400 0.09
Task 16 200 0.08
Task 66 800 0.0825
Task 64 800 0.08
Task 32 400 0.08
Task 8 100 0.08
Task 16 200 0.08
GW 1.97625
Task 207 400 0.5175
Task 224 400 0.56
Task 9 100 0.09
Task 47 200 0.235
Task 81 800 0.10125
Task 27 200 0.135
Task 39 400 0.0975
Task 8 100 0.08
Task 32 400 0.08
Task 32 400 0.08
GW 0.3
Task 300 1000 0.3
-------------
018
-------------
GW 1.98875
Task 294 400 0.735
Task 457 800 0.57125
Task 42 400 0.105
Task 19 200 0.095
Task 16 200 0.08
Task 16 200 0.08
Task 8 100 0.08
Task 66 800 0.0825
Task 8 100 0.08
Task 32 400 0.08
GW 1.97875
Task 120 400 0.3
Task 10 100 0.1
Task 125 400 0.3125
Task 21 100 0.21
Task 289 800 0.36125
Task 32 100 0.32
Task 13 100 0.13
Task 68 800 0.085
Task 16 200 0.08
Task 32 400 0.08
GW 1.98
Task 60 100 0.6
Task 26 200 0.13
Task 285 800 0.35625
Task 114 400 0.285
Task 129 800 0.16125
Task 79 800 0.09875
Task 85 800 0.10625
Task 33 400 0.0825
Task 8 100 0.08
Task 8 100 0.08
GW 0.3
Task 300 1000 0.3
-------------
019
-------------
GW 1.9825
Task 34 100 0.34
Task 100 800 0.125
Task 734 800 0.9175
Task 12 100 0.12
Task 16 200 0.08
Task 16 200 0.08
Task 8 100 0.08
Task 8 100 0.08
Task 8 100 0.08
Task 8 100 0.08
GW 1.97875
Task 321 400 0.8025
Task 30 100 0.3
Task 56 200 0.28
Task 81 800 0.10125
Task 17 200 0.085
Task 18 200 0.09
Task 64 800 0.08
Task 16 200 0.08
Task 8 100 0.08
Task 8 100 0.08
GW 1.9825
Task 19 100 0.19
Task 784 800 0.98
Task 48 200 0.24
Task 32 400 0.08
Task 18 200 0.09
Task 66 800 0.0825
Task 64 800 0.08
Task 16 200 0.08
Task 8 100 0.08
Task 32 400 0.08
GW 0.3
Task 300 1000 0.3
-------------
020
-------------
GW 1.9775
Task 24 200 0.12
Task 86 100 0.86
Task 78 200 0.39
Task 12 100 0.12
Task 35 400 0.0875
Task 8 100 0.08
Task 8 100 0.08
Task 32 400 0.08
Task 32 400 0.08
Task 16 200 0.08
GW 1.9825
Task 746 800 0.9325
Task 62 200 0.31
Task 9 100 0.09
Task 48 400 0.12
Task 9 100 0.09
Task 24 200 0.12
Task 16 200 0.08
Task 64 800 0.08
Task 8 100 0.08
Task 32 400 0.08
GW 1.98
Task 128 200 0.64
Task 88 200 0.44
Task 26 100 0.26
Task 10 100 0.1
Task 78 800 0.0975
Task 41 400 0.1025
Task 10 100 0.1
Task 32 400 0.08
Task 32 400 0.08
Task 32 400 0.08
GW 0.3
Task 300 1000 0.3
-------------
021
-------------
GW 1.98875
Task 49 100 0.49
Task 644 800 0.805
Task 34 400 0.085
Task 11 100 0.11
Task 64 800 0.08
Task 78 800 0.0975
Task 8 100 0.08
Task 65 800 0.08125
Task 16 200 0.08
Task 64 800 0.08
GW 1.975
Task 362 800 0.4525
Task 53 200 0.265
Task 31 100 0.31
Task 236 800 0.295
Task 77 400 0.1925
Task 27 200 0.135
Task 8 100 0.08
Task 8 100 0.08
Task 16 200 0.08
Task 17 200 0.085
GW 1.98625
Task 67 100 0.67
Task 60 400 0.15
Task 311 800 0.38875
Task 77 400 0.1925
Task 70 400 0.175
Task 9 100 0.09
Task 8 100 0.08
Task 64 800 0.08
Task 8 100 0.08
Task 16 200 0.08
GW 0.3
Task 300 1000 0.3
-------------
022
-------------
GW 1.9775
Task 21 100 0.21
Task 68 100 0.68
Task 103 200 0.515
Task 16 200 0.08
Task 37 400 0.0925
Task 32 400 0.08
Task 16 200 0.08
Task 64 800 0.08
Task 64 800 0.08
Task 8 100 0.08
GW 1.96625
Task 669 800 0.83625
Task 28 100 0.28
Task 37 400 0.0925
Task 28 200 0.14
Task 18 100 0.18
Task 9 100 0.09
Task 10 100 0.1
Task 35 400 0.0875
Task 16 200 0.08
Task 16 200 0.08
GW 1.97875
Task 45 100 0.45
Task 60 100 0.6
Task 46 200 0.23
Task 94 800 0.1175
Task 34 200 0.17
Task 8 100 0.08
Task 18 200 0.09
Task 65 800 0.08125
Task 64 800 0.08
Task 32 400 0.08
GW 0.3
Task 300 1000 0.3
-------------
023
-------------
GW 1.98125
Task 170 200 0.85
Task 76 200 0.38
Task 137 800 0.17125
Task 10 100 0.1
Task 8 100 0.08
Task 64 800 0.08
Task 8 100 0.08
Task 64 800 0.08
Task 8 100 0.08
Task 16 200 0.08
GW 1.99
Task 59 100 0.59
Task 20 200 0.1
Task 292 800 0.365
Task 177 400 0.4425
Task 37 400 0.0925
Task 8 100 0.08
Task 8 100 0.08
Task 64 800 0.08
Task 32 400 0.08
Task 8 100 0.08
GW 1.97125
Task 405 800 0.50625
Task 72 200 0.36
Task 63 200 0.315
Task 45 200 0.225
Task 14 100 0.14
Task 16 200 0.08
Task 20 200 0.1
Task 17 200 0.085
Task 8 100 0.08
Task 16 200 0.08
GW 0.3
Task 300 1000 0.3
-------------
024
-------------
GW 1.9875
Task 323 800 0.40375
Task 56 100 0.56
Task 55 200 0.275
Task 43 400 0.1075
Task 39 200 0.195
Task 10 100 0.1
Task 37 400 0.0925
Task 71 800 0.08875
Task 32 400 0.08
Task 68 800 0.085
GW 1.98375
Task 45 200 0.225
Task 183 400 0.4575
Task 52 200 0.26
Task 100 800 0.125
Task 25 200 0.125
Task 106 800 0.1325
Task 38 200 0.19
Task 151 800 0.18875
Task 14 100 0.14
Task 28 200 0.14
GW 1.975
Task 126 200 0.63
Task 58 400 0.145
Task 54 200 0.27
Task 43 200 0.215
Task 84 800 0.105
Task 9 100 0.09
Task 31 200 0.155
Task 32 400 0.08
Task 11 100 0.11
Task 35 200 0.175
GW 0.3
Task 300 1000 0.3
-------------
025
-------------
GW 1.9825
Task 50 100 0.5
Task 358 800 0.4475
Task 152 400 0.38
Task 86 800 0.1075
Task 26 200 0.13
Task 64 800 0.08
Task 39 400 0.0975
Task 8 100 0.08
Task 16 200 0.08
Task 16 200 0.08
GW 1.9875
Task 143 200 0.715
Task 95 200 0.475
Task 73 400 0.1825
Task 27 200 0.135
Task 64 800 0.08
Task 16 200 0.08
Task 16 200 0.08
Task 8 100 0.08
Task 8 100 0.08
Task 8 100 0.08
GW 1.98625
Task 263 800 0.32875
Task 373 800 0.46625
Task 50 400 0.125
Task 51 100 0.51
Task 116 800 0.145
Task 67 800 0.08375
Task 35 400 0.0875
Task 16 200 0.08
Task 64 800 0.08
Task 32 400 0.08
GW 0.3
Task 300 1000 0.3
-------------
026
-------------
GW 1.9825
Task 163 200 0.815
Task 86 800 0.1075
Task 162 400 0.405
Task 16 100 0.16
Task 8 100 0.08
Task 8 100 0.08
Task 68 800 0.085
Task 36 400 0.09
Task 64 800 0.08
Task 16 200 0.08
GW 1.98625
Task 335 800 0.41875
Task 182 200 0.91
Task 78 800 0.0975
Task 8 100 0.08
Task 8 100 0.08
Task 8 100 0.08
Task 8 100 0.08
Task 16 200 0.08
Task 16 200 0.08
Task 32 400 0.08
GW 1.98625
Task 264 400 0.66
Task 59 100 0.59
Task 43 400 0.1075
Task 20 200 0.1
Task 25 200 0.125
Task 16 200 0.08
Task 64 800 0.08
Task 67 800 0.08375
Task 64 800 0.08
Task 32 400 0.08
GW 0.3
Task 300 1000 0.3
-------------
027
-------------
GW 1.9825
Task 12 100 0.12
Task 85 100 0.85
Task 155 400 0.3875
Task 37 400 0.0925
Task 12 100 0.12
Task 37 400 0.0925
Task 8 100 0.08
Task 16 200 0.08
Task 16 200 0.08
Task 32 400 0.08
GW 1.98125
Task 81 100 0.81
Task 28 100 0.28
Task 122 400 0.305
Task 21 200 0.105
Task 8 100 0.08
Task 64 800 0.08
Task 65 800 0.08125
Task 32 400 0.08
Task 16 200 0.08
Task 8 100 0.08
GW 1.9825
Task 99 100 0.99
Task 33 400 0.0825
Task 113 800 0.14125
Task 30 200 0.15
Task 18 200 0.09
Task 131 800 0.16375
Task 8 100 0.08
Task 90 800 0.1125
Task 32 400 0.08
Task 37 400 0.0925
GW 0.3
Task 300 1000 0.3
-------------
028
-------------
GW 1.985
Task 140 400 0.35
Task 716 800 0.895
Task 11 100 0.11
Task 15 100 0.15
Task 8 100 0.08
Task 16 200 0.08
Task 32 400 0.08
Task 64 800 0.08
Task 8 100 0.08
Task 8 100 0.08
GW 1.98
Task 101 800 0.12625
Task 455 800 0.56875
Task 95 400 0.2375
Task 119 400 0.2975
Task 85 400 0.2125
Task 14 100 0.14
Task 13 100 0.13
Task 18 200 0.09
Task 67 800 0.08375
Task 75 800 0.09375
GW 1.97625
Task 17 100 0.17
Task 83 200 0.415
Task 304 800 0.38
Task 43 100 0.43
Task 114 800 0.1425
Task 67 800 0.08375
Task 92 800 0.115
Task 8 100 0.08
Task 8 100 0.08
Task 64 800 0.08
GW 0.3
Task 300 1000 0.3
-------------
029
-------------
GW 1.98125
Task 334 400 0.835
Task 29 100 0.29
Task 25 100 0.25
Task 10 100 0.1
Task 73 800 0.09125
Task 38 400 0.095
Task 32 400 0.08
Task 8 100 0.08
Task 64 800 0.08
Task 8 100 0.08
GW 1.99375
Task 389 400 0.9725
Task 152 800 0.19
Task 47 200 0.235
Task 89 800 0.11125
Task 17 200 0.085
Task 32 400 0.08
Task 64 800 0.08
Task 8 100 0.08
Task 32 400 0.08
Task 8 100 0.08
GW 1.98625
Task 172 200 0.86
Task 37 100 0.37
Task 43 400 0.1075
Task 21 200 0.105
Task 111 800 0.13875
Task 8 100 0.08
Task 17 200 0.085
Task 8 100 0.08
Task 16 200 0.08
Task 32 400 0.08
GW 0.3
Task 300 1000 0.3
-------------
030
-------------
GW 1.98375
Task 117 200 0.585
Task 260 800 0.325
Task 210 800 0.2625
Task 43 200 0.215
Task 119 800 0.14875
Task 11 100 0.11
Task 19 200 0.095
Task 32 400 0.08
Task 8 100 0.08
Task 33 400 0.0825
GW 1.9725
Task 40 200 0.2
Task 36 100 0.36
Task 394 800 0.4925
Task 158 400 0.395
Task 25 200 0.125
Task 8 100 0.08
Task 8 100 0.08
Task 16 200 0.08
Task 32 400 0.08
Task 8 100 0.08
GW 1.9825
Task 72 100 0.72
Task 43 100 0.43
Task 22 200 0.11
Task 73 400 0.1825
Task 23 200 0.115
Task 39 400 0.0975
Task 17 200 0.085
Task 65 800 0.08125
Task 8 100 0.08
Task 65 800 0.08125
GW 0.3
Task 300 1000 0.3
-------------
031
-------------
GW 1.9825
Task 121 200 0.605
Task 228 400 0.57
Task 20 200 0.1
Task 12 100 0.12
Task 31 200 0.155
Task 89 800 0.11125
Task 16 200 0.08
Task 65 800 0.08125
Task 8 100 0.08
Task 32 400 0.08
GW 1.97875
Task 51 100 0.51
Task 490 800 0.6125
Task 28 100 0.28
Task 8 100 0.08
Task 38 400 0.095
Task 65 800 0.08125
Task 32 400 0.08
Task 8 100 0.08
Task 32 400 0.08
Task 16 200 0.08
GW 1.98875
Task 64 100 0.64
Task 89 200 0.445
Task 123 800 0.15375
Task 195 800 0.24375
Task 83 800 0.10375
Task 32 400 0.08
Task 65 800 0.08125
Task 65 800 0.08125
Task 64 800 0.08
Task 64 800 0.08
GW 0.3
Task 300 1000 0.3
-------------
032
-------------
GW 1.98625
Task 127 200 0.635
Task 204 800 0.255
Task 99 400 0.2475
Task 202 800 0.2525
Task 17 100 0.17
Task 85 800 0.10625
Task 8 100 0.08
Task 64 800 0.08
Task 64 800 0.08
Task 16 200 0.08
GW 1.9825
Task 95 100 0.95
Task 34 200 0.17
Task 52 200 0.26
Task 94 800 0.1175
Task 34 400 0.085
Task 16 200 0.08
Task 8 100 0.08
Task 16 200 0.08
Task 8 100 0.08
Task 8 100 0.08
GW 1.985
Task 704 800 0.88
Task 280 800 0.35
Task 37 200 0.185
Task 35 400 0.0875
Task 33 400 0.0825
Task 8 100 0.08
Task 64 800 0.08
Task 16 200 0.08
Task 16 200 0.08
Task 8 100 0.08
GW 0.3
Task 300 1000 0.3
-------------
033
-------------
GW 1.985
Task 35 100 0.35
Task 294 400 0.735
Task 176 800 0.22
Task 124 800 0.155
Task 43 400 0.1075
Task 19 200 0.095
Task 8 100 0.08
Task 8 100 0.08
Task 66 800 0.0825
Task 32 400 0.08
GW 1.98375
Task 320 400 0.8
Task 19 100 0.19
Task 56 200 0.28
Task 170 800 0.2125
Task 9 100 0.09
Task 73 800 0.09125
Task 32 400 0.08
Task 8 100 0.08
Task 8 100 0.08
Task 8 100 0.08
GW 1.9825
Task 520 800 0.65
Task 19 200 0.095
Task 24 200 0.12
Task 142 400 0.355
Task 35 100 0.35
Task 34 400 0.085
Task 35 400 0.0875
Task 16 200 0.08
Task 32 400 0.08
Task 8 100 0.08
GW 0.3
Task 300 1000 0.3
-------------
034
-------------
GW 1.98375
Task 380 400 0.95
Task 146 800 0.1825
Task 99 800 0.12375
Task 19 100 0.19
Task 70 800 0.0875
Task 24 200 0.12
Task 64 800 0.08
Task 9 100 0.09
Task 16 200 0.08
Task 8 100 0.08
GW 1.995
Task 209 800 0.26125
Task 621 800 0.77625
Task 18 200 0.09
Task 30 100 0.3
Task 132 800 0.165
Task 65 800 0.08125
Task 65 800 0.08125
Task 8 100 0.08
Task 8 100 0.08
Task 32 400 0.08
GW 1.9875
Task 467 800 0.58375
Task 266 800 0.3325
Task 334 800 0.4175
Task 8 100 0.08
Task 101 800 0.12625
Task 9 100 0.09
Task 36 400 0.09
Task 70 800 0.0875
Task 40 400 0.1
Task 8 100 0.08
GW 0.3
Task 300 1000 0.3
-------------
035
-------------
GW 1.99
Task 551 800 0.68875
Task 92 200 0.46
Task 56 400 0.14
Task 12 100 0.12
Task 141 800 0.17625
Task 32 400 0.08
Task 32 400 0.08
Task 34 400 0.085
Task 32 400 0.08
Task 8 100 0.08
GW 1.99125
Task 447 800 0.55875
Task 42 100 0.42
Task 140 400 0.35
Task 32 200 0.16
Task 10 100 0.1
Task 64 800 0.08
Task 66 800 0.0825
Task 64 800 0.08
Task 8 100 0.08
Task 8 100 0.08
GW 1.9825
Task 96 100 0.96
Task 65 200 0.325
Task 90 800 0.1125
Task 36 400 0.09
Task 17 200 0.085
Task 9 100 0.09
Task 16 200 0.08
Task 32 400 0.08
Task 16 200 0.08
Task 32 400 0.08
GW 0.3
Task 300 1000 0.3
-------------
036
-------------
GW 1.99375
Task 305 400 0.7625
Task 392 800 0.49
Task 18 100 0.18
Task 65 800 0.08125
Task 16 200 0.08
Task 32 400 0.08
Task 8 100 0.08
Task 8 100 0.08
Task 32 400 0.08
Task 16 200 0.08
GW 1.98
Task 39 100 0.39
Task 14 100 0.14
Task 411 800 0.51375
Task 307 800 0.38375
Task 8 100 0.08
Task 49 400 0.1225
Task 81 800 0.10125
Task 67 800 0.08375
Task 8 100 0.08
Task 34 400 0.085
GW 1.9925
Task 134 400 0.335
Task 399 400 0.9975
Task 16 200 0.08
Task 20 200 0.1
Task 32 400 0.08
Task 8 100 0.08
Task 64 800 0.08
Task 16 200 0.08
Task 8 100 0.08
Task 8 100 0.08
GW 0.3
Task 300 1000 0.3
-------------
037
-------------
GW 1.98375
Task 49 400 0.1225
Task 757 800 0.94625
Task 24 100 0.24
Task 15 100 0.15
Task 46 400 0.115
Task 18 200 0.09
Task 64 800 0.08
Task 16 200 0.08
Task 32 400 0.08
Task 16 200 0.08
GW 1.985
Task 184 400 0.46
Task 309 400 0.7725
Task 45 400 0.1125
Task 71 800 0.08875
Task 17 200 0.085
Task 29 200 0.145
Task 32 400 0.08
Task 32 400 0.08
Task 65 800 0.08125
Task 64 800 0.08
GW 1.97625
Task 133 200 0.665
Task 89 400 0.2225
Task 11 100 0.11
Task 205 800 0.25625
Task 10 100 0.1
Task 56 400 0.14
Task 18 200 0.09
Task 63 400 0.1575
Task 16 200 0.08
Task 62 400 0.155
GW 0.3
Task 300 1000 0.3
-------------
038
-------------
GW 1.965
Task 85 200 0.425
Task 54 100 0.54
Task 16 100 0.16
Task 44 400 0.11
Task 126 400 0.315
Task 38 400 0.095
Task 8 100 0.08
Task 16 200 0.08
Task 8 100 0.08
Task 32 400 0.08
GW 1.99
Task 90 100 0.9
Task 26 200 0.13
Task 62 400 0.155
Task 65 200 0.325
Task 64 800 0.08
Task 8 100 0.08
Task 32 400 0.08
Task 8 100 0.08
Task 8 100 0.08
Task 64 800 0.08
GW 1.985
Task 44 100 0.44
Task 73 200 0.365
Task 50 100 0.5
Task 36 400 0.09
Task 36 400 0.09
Task 18 200 0.09
Task 38 400 0.095
Task 8 100 0.08
Task 13 100 0.13
Task 42 400 0.105
GW 0.3
Task 300 1000 0.3
-------------
039
-------------
GW 1.98
Task 592 800 0.74
Task 11 100 0.11
Task 11 100 0.11
Task 18 100 0.18
Task 54 200 0.27
Task 19 200 0.095
Task 76 400 0.19
Task 46 400 0.115
Task 34 400 0.085
Task 34 400 0.085
GW 1.99125
Task 95 200 0.475
Task 65 100 0.65
Task 89 800 0.11125
Task 55 200 0.275
Task 64 800 0.08
Task 64 800 0.08
Task 8 100 0.08
Task 8 100 0.08
Task 32 400 0.08
Task 32 400 0.08
GW 1.99
Task 33 100 0.33
Task 34 100 0.34
Task 9 100 0.09
Task 600 800 0.75
Task 16 200 0.08
Task 16 200 0.08
Task 16 200 0.08
Task 32 400 0.08
Task 32 400 0.08
Task 8 100 0.08
GW 0.3
Task 300 1000 0.3
-------------
040
-------------
GW 1.98875
Task 29 100 0.29
Task 28 200 0.14
Task 613 800 0.76625
Task 126 800 0.1575
Task 78 800 0.0975
Task 57 400 0.1425
Task 29 200 0.145
Task 18 200 0.09
Task 32 400 0.08
Task 64 800 0.08
GW 1.985
Task 134 200 0.67
Task 55 200 0.275
Task 313 800 0.39125
Task 110 800 0.1375
Task 44 400 0.11
Task 65 800 0.08125
Task 8 100 0.08
Task 16 200 0.08
Task 8 100 0.08
Task 64 800 0.08
GW 1.9775
Task 41 100 0.41
Task 38 200 0.19
Task 33 200 0.165
Task 217 400 0.5425
Task 16 200 0.08
Task 33 200 0.165
Task 64 400 0.16
Task 21 200 0.105
Task 8 100 0.08
Task 8 100 0.08
GW 0.3
Task 300 1000 0.3
-------------
041
-------------
GW 1.98875
Task 35 200 0.175
Task 616 800 0.77
Task 59 200 0.295
Task 91 800 0.11375
Task 82 400 0.205
Task 22 200 0.11
Task 32 400 0.08
Task 32 400 0.08
Task 16 200 0.08
Task 8 100 0.08
GW 1.985
Task 392 400 0.98
Task 33 200 0.165
Task 79 400 0.1975
Task 23 200 0.115
Task 43 400 0.1075
Task 20 200 0.1
Task 64 800 0.08
Task 64 800 0.08
Task 16 200 0.08
Task 32 400 0.08
GW 1.99
Task 126 200 0.63
Task 101 200 0.505
Task 85 400 0.2125
Task 50 400 0.125
Task 32 400 0.08
Task 71 800 0.08875
Task 20 200 0.1
Task 71 800 0.08875
Task 32 400 0.08
Task 64 800 0.08
GW 0.3
Task 300 1000 0.3
-------------
042
-------------
GW 1.9925
Task 176 800 0.22
Task 75 100 0.75
Task 111 400 0.2775
Task 53 200 0.265
Task 16 200 0.08
Task 8 100 0.08
Task 32 400 0.08
Task 8 100 0.08
Task 16 200 0.08
Task 8 100 0.08
GW 1.97
Task 215 400 0.5375
Task 140 200 0.7
Task 86 800 0.1075
Task 8 100 0.08
Task 10 100 0.1
Task 38 400 0.095
Task 40 400 0.1
Task 9 100 0.09
Task 32 400 0.08
Task 16 200 0.08
GW 1.9875
Task 339 800 0.42375
Task 142 400 0.355
Task 21 100 0.21
Task 178 400 0.445
Task 60 400 0.15
Task 66 800 0.0825
Task 65 800 0.08125
Task 32 400 0.08
Task 64 800 0.08
Task 32 400 0.08
GW 0.3
Task 300 1000 0.3
-------------
043
-------------
GW 1.98625
Task 376 400 0.94
Task 11 100 0.11
Task 276 800 0.345
Task 76 800 0.095
Task 71 800 0.08875
Task 70 800 0.0875
Task 8 100 0.08
Task 32 400 0.08
Task 16 200 0.08
Task 16 200 0.08
GW 1.98625
Task 41 200 0.205
Task 453 800 0.56625
Task 476 800 0.595
Task 97 800 0.12125
Task 8 100 0.08
Task 37 400 0.0925
Task 69 800 0.08625
Task 8 100 0.08
Task 8 100 0.08
Task 64 800 0.08
GW 1.9775
Task 709 800 0.88625
Task 83 400 0.2075
Task 9 100 0.09
Task 22 100 0.22
Task 10 100 0.1
Task 78 800 0.0975
Task 105 800 0.13125
Task 34 400 0.085
Task 16 200 0.08
Task 16 200 0.08
GW 0.3
Task 300 1000 0.3
-------------
044
-------------
GW 1.985
Task 164 200 0.82
Task 263 800 0.32875
Task 11 100 0.11
Task 40 200 0.2
Task 93 800 0.11625
Task 9 100 0.09
Task 32 400 0.08
Task 32 400 0.08
Task 16 200 0.08
Task 16 200 0.08
GW 1.9875
Task 645 800 0.80625
Task 101 800 0.12625
Task 185 800 0.23125
Task 19 200 0.095
Task 21 100 0.21
Task 55 400 0.1375
Task 52 400 0.13
Task 69 800 0.08625
Task 8 100 0.08
Task 34 400 0.085
GW 1.9875
Task 46 100 0.46
Task 701 800 0.87625
Task 35 400 0.0875
Task 67 800 0.08375
Task 8 100 0.08
Task 16 200 0.08
Task 8 100 0.08
Task 16 200 0.08
Task 64 800 0.08
Task 64 800 0.08
GW 0.3
Task 300 1000 0.3
-------------
045
-------------
GW 1.9775
Task 69 100 0.69
Task 92 200 0.46
Task 24 200 0.12
Task 139 800 0.17375
Task 16 200 0.08
Task 24 200 0.12
Task 75 800 0.09375
Task 16 200 0.08
Task 16 200 0.08
Task 32 400 0.08
GW 1.99375
Task 499 800 0.62375
Task 386 800 0.4825
Task 127 400 0.3175
Task 9 100 0.09
Task 64 800 0.08
Task 64 800 0.08
Task 16 200 0.08
Task 64 800 0.08
Task 32 400 0.08
Task 8 100 0.08
GW 1.9925
Task 523 800 0.65375
Task 222 400 0.555
Task 22 100 0.22
Task 33 400 0.0825
Task 16 200 0.08
Task 65 800 0.08125
Task 16 200 0.08
Task 16 200 0.08
Task 16 200 0.08
Task 8 100 0.08
GW 0.3
Task 300 1000 0.3
-------------
046
-------------
GW 1.975
Task 12 100 0.12
Task 224 400 0.56
Task 237 800 0.29625
Task 42 100 0.42
Task 13 100 0.13
Task 81 800 0.10125
Task 16 200 0.08
Task 21 200 0.105
Task 8 100 0.08
Task 33 400 0.0825
GW 1.98
Task 192 200 0.96
Task 26 200 0.13
Task 27 100 0.27
Task 48 400 0.12
Task 17 200 0.085
Task 37 400 0.0925
Task 65 800 0.08125
Task 65 800 0.08125
Task 32 400 0.08
Task 64 800 0.08
GW 1.96625
Task 75 100 0.75
Task 29 100 0.29
Task 65 800 0.08125
Task 120 800 0.15
Task 27 200 0.135
Task 132 800 0.165
Task 22 200 0.11
Task 9 100 0.09
Task 11 100 0.11
Task 17 200 0.085
GW 0.3
Task 300 1000 0.3
-------------
047
-------------
GW 1.98375
Task 99 800 0.12375
Task 51 100 0.51
Task 454 800 0.5675
Task 121 400 0.3025
Task 32 400 0.08
Task 8 100 0.08
Task 8 100 0.08
Task 32 400 0.08
Task 32 400 0.08
Task 32 400 0.08
GW 1.99125
Task 614 800 0.7675
Task 95 400 0.2375
Task 98 400 0.245
Task 122 800 0.1525
Task 151 800 0.18875
Task 16 200 0.08
Task 8 100 0.08
Task 16 200 0.08
Task 64 800 0.08
Task 32 400 0.08
GW 1.9775
Task 24 200 0.12
Task 40 200 0.2
Task 399 800 0.49875
Task 146 400 0.365
Task 56 200 0.28
Task 148 800 0.185
Task 67 800 0.08375
Task 8 100 0.08
Task 34 400 0.085
Task 16 200 0.08
GW 0.3
Task 300 1000 0.3
-------------
048
-------------
GW 1.975
Task 138 200 0.69
Task 17 200 0.085
Task 111 200 0.555
Task 54 400 0.135
Task 11 100 0.11
Task 32 400 0.08
Task 8 100 0.08
Task 8 100 0.08
Task 64 800 0.08
Task 32 400 0.08
GW 1.9725
Task 247 400 0.6175
Task 65 100 0.65
Task 13 100 0.13
Task 17 200 0.085
Task 9 100 0.09
Task 8 100 0.08
Task 16 200 0.08
Task 64 800 0.08
Task 32 400 0.08
Task 8 100 0.08
GW 1.965
Task 26 200 0.13
Task 347 400 0.8675
Task 31 100 0.31
Task 16 100 0.16
Task 35 400 0.0875
Task 9 100 0.09
Task 16 200 0.08
Task 16 200 0.08
Task 8 100 0.08
Task 64 800 0.08
GW 0.3
Task 300 1000 0.3
-------------
049
-------------
GW 1.985
Task 201 800 0.25125
Task 143 200 0.715
Task 107 400 0.2675
Task 150 800 0.1875
Task 119 800 0.14875
Task 18 200 0.09
Task 17 200 0.085
Task 8 100 0.08
Task 32 400 0.08
Task 64 800 0.08
GW 1.98625
Task 30 100 0.3
Task 144 200 0.72
Task 151 400 0.3775
Task 17 200 0.085
Task 17 200 0.085
Task 79 800 0.09875
Task 8 100 0.08
Task 16 200 0.08
Task 8 100 0.08
Task 16 200 0.08
GW 1.98625
Task 47 100 0.47
Task 435 800 0.54375
Task 28 100 0.28
Task 75 400 0.1875
Task 21 200 0.105
Task 32 400 0.08
Task 32 400 0.08
Task 64 800 0.08
Task 8 100 0.08
Task 64 800 0.08
GW 0.3
Task 300 1000 0.3
-------------
050
-------------
GW 1.98125
Task 175 200 0.875
Task 111 400 0.2775
Task 207 800 0.25875
Task 17 200 0.085
Task 33 400 0.0825
Task 16 200 0.08
Task 16 200 0.08
Task 16 200 0.08
Task 66 800 0.0825
Task 32 400 0.08
GW 1.99375
Task 561 800 0.70125
Task 257 400 0.6425
Task 32 400 0.08
Task 18 200 0.09
Task 16 200 0.08
Task 32 400 0.08
Task 64 800 0.08
Task 16 200 0.08
Task 32 400 0.08
Task 32 400 0.08
GW 1.9775
Task 214 400 0.535
Task 20 100 0.2
Task 38 200 0.19
Task 19 100 0.19
Task 90 200 0.45
Task 9 100 0.09
Task 33 400 0.0825
Task 8 100 0.08
Task 32 400 0.08
Task 64 800 0.08
GW 0.3
Task 300 1000 0.3
-------------
051
-------------
GW 1.98375
Task 129 200 0.645
Task 129 200 0.645
Task 8 100 0.08
Task 13 100 0.13
Task 65 800 0.08125
Task 66 800 0.0825
Task 16 200 0.08
Task 8 100 0.08
Task 8 100 0.08
Task 8 100 0.08
GW 1.9875
Task 786 800 0.9825
Task 109 400 0.2725
Task 9 100 0.09
Task 83 800 0.10375
Task 38 400 0.095
Task 9 100 0.09
Task 37 400 0.0925
Task 73 800 0.09125
Task 36 400 0.09
Task 8 100 0.08
