GW 1.955
Task 145 200 0.725
Task 150 400 0.375
Task 23 100 0.23
Task 42 200 0.21
Task 30 200 0.15
Task 13 200 0.065
Task 5 100 0.05
Task 5 100 0.05
Task 5 100 0.05
Task 20 400 0.05
GW 1.9875
Task 145 200 0.725
Task 233 400 0.5825
Task 146 800 0.1825
Task 67 400 0.1675
Task 12 200 0.06
Task 48 800 0.06
Task 23 400 0.0575
Task 21 400 0.0525
Task 20 400 0.05
Task 10 200 0.05
GW 0.3
Task 300 1000 0.3
-------------
001
-------------
GW 1.98375
Task 399 400 0.9975
Task 190 400 0.475
Task 26 200 0.13
Task 57 800 0.07125
Task 23 400 0.0575
Task 21 400 0.0525
Task 10 200 0.05
Task 5 100 0.05
Task 20 400 0.05
Task 40 800 0.05
GW 1.9875
Task 275 400 0.6875
Task 209 400 0.5225
Task 221 800 0.27625
Task 39 400 0.0975
Task 19 200 0.095
Task 15 200 0.075
Task 27 400 0.0675
Task 24 400 0.06
Task 45 800 0.05625
Task 20 400 0.05
GW 0.3
Task 300 1000 0.3
-------------
002
-------------
GW 1.9725
Task 353 800 0.44125
Task 26 100 0.26
Task 26 100 0.26
Task 46 200 0.23
Task 157 800 0.19625
Task 15 100 0.15
Task 27 200 0.135
Task 26 200 0.13
Task 40 400 0.1
Task 7 100 0.07
GW 1.99125
Task 250 400 0.625
Task 339 800 0.42375
Task 30 100 0.3
Task 129 800 0.16125
Task 23 200 0.115
Task 11 100 0.11
Task 73 800 0.09125
Task 25 400 0.0625
Task 21 400 0.0525
Task 40 800 0.05
GW 0.3
Task 300 1000 0.3
-------------
003
-------------
GW 1.99
Task 71 100 0.71
Task 251 400 0.6275
Task 22 100 0.22
Task 40 400 0.1
Task 31 400 0.0775
Task 22 400 0.055
Task 5 100 0.05
Task 40 800 0.05
Task 10 200 0.05
Task 40 800 0.05
GW 1.97875
Task 329 800 0.41125
Task 74 200 0.37
Task 130 400 0.325
Task 207 800 0.25875
Task 188 800 0.235
Task 87 800 0.10875
Task 9 100 0.09
Task 7 100 0.07
Task 6 100 0.06
Task 10 200 0.05
GW 0.3
Task 300 1000 0.3
-------------
004
-------------
GW 1.98
Task 226 400 0.565
Task 45 100 0.45
Task 67 200 0.335
Task 63 200 0.315
Task 6 100 0.06
Task 44 800 0.055
Task 40 800 0.05
Task 40 800 0.05
Task 40 800 0.05
Task 20 400 0.05
GW 1.9875
Task 359 400 0.8975
Task 180 400 0.45
Task 60 400 0.15
Task 51 400 0.1275
Task 42 400 0.105
Task 22 400 0.055
Task 42 800 0.0525
Task 20 400 0.05
Task 40 800 0.05
Task 10 200 0.05
GW 0.3
Task 300 1000 0.3
-------------
005
-------------
GW 1.98625
Task 183 200 0.915
Task 121 200 0.605
Task 36 400 0.09
Task 13 200 0.065
Task 11 200 0.055
Task 11 200 0.055
Task 41 800 0.05125
Task 10 200 0.05
Task 5 100 0.05
Task 10 200 0.05
GW 1.985
Task 779 800 0.97375
Task 185 400 0.4625
Task 115 800 0.14375
Task 15 200 0.075
Task 30 400 0.075
Task 44 800 0.055
Task 5 100 0.05
Task 10 200 0.05
Task 5 100 0.05
Task 40 800 0.05
GW 0.3
Task 300 1000 0.3
-------------
006
-------------
GW 1.98375
Task 96 100 0.96
Task 222 800 0.2775
Task 26 100 0.26
Task 22 200 0.11
Task 9 100 0.09
Task 69 800 0.08625
Task 20 400 0.05
Task 40 800 0.05
Task 10 200 0.05
Task 5 100 0.05
GW 1.985
Task 178 200 0.89
Task 99 200 0.495
Task 20 100 0.2
Task 10 100 0.1
Task 10 200 0.05
Task 20 400 0.05
Task 5 100 0.05
Task 5 100 0.05
Task 5 100 0.05
Task 40 800 0.05
GW 0.3
Task 300 1000 0.3
-------------
007
-------------
GW 1.98875
Task 349 400 0.8725
Task 58 200 0.29
Task 185 800 0.23125
Task 75 400 0.1875
Task 42 400 0.105
Task 32 400 0.08
Task 29 400 0.0725
Task 10 200 0.05
Task 20 400 0.05
Task 10 200 0.05
GW 1.95625
Task 108 200 0.54
Task 327 800 0.40875
Task 145 400 0.3625
Task 31 100 0.31
Task 8 100 0.08
Task 5 100 0.05
Task 11 200 0.055
Task 5 100 0.05
Task 10 200 0.05
Task 10 200 0.05
GW 0.3
Task 300 1000 0.3
-------------
008
-------------
GW 1.98125
Task 183 400 0.4575
Task 45 100 0.45
Task 347 800 0.43375
Task 32 100 0.32
Task 28 400 0.07
Task 10 200 0.05
Task 40 800 0.05
Task 5 100 0.05
Task 40 800 0.05
Task 40 800 0.05
GW 1.98
Task 68 100 0.68
Task 65 100 0.65
Task 191 800 0.23875
Task 8 100 0.08
Task 55 800 0.06875
Task 11 200 0.055
Task 11 200 0.055
Task 42 800 0.0525
Task 40 800 0.05
Task 40 800 0.05
GW 0.3
Task 300 1000 0.3
-------------
009
-------------
GW 1.9775
Task 401 800 0.50125
Task 48 100 0.48
Task 135 400 0.3375
Task 51 200 0.255
Task 27 200 0.135
Task 23 400 0.0575
Task 45 800 0.05625
Task 5 100 0.05
Task 21 400 0.0525
Task 21 400 0.0525
GW 1.98
Task 98 100 0.98
Task 67 200 0.335
Task 19 100 0.19
Task 14 100 0.14
Task 7 100 0.07
Task 12 200 0.06
Task 44 800 0.055
Task 5 100 0.05
Task 10 200 0.05
Task 5 100 0.05
GW 0.3
Task 300 1000 0.3
-------------
010
-------------
GW 1.98375
Task 145 200 0.725
Task 64 200 0.32
Task 63 200 0.315
Task 99 800 0.12375
Task 22 200 0.11
Task 19 200 0.095
Task 35 400 0.0875
Task 15 200 0.075
Task 29 400 0.0725
Task 12 200 0.06
GW 1.9875
Task 356 400 0.89
Task 72 200 0.36
Task 165 800 0.20625
Task 145 800 0.18125
Task 20 200 0.1
Task 10 200 0.05
Task 40 800 0.05
Task 10 200 0.05
Task 5 100 0.05
Task 40 800 0.05
GW 0.3
Task 300 1000 0.3
-------------
011
-------------
GW 1.9825
Task 552 800 0.69
Task 323 800 0.40375
Task 48 200 0.24
Task 169 800 0.21125
Task 80 800 0.1
Task 33 400 0.0825
Task 14 200 0.07
Task 26 400 0.065
Task 12 200 0.06
Task 6 100 0.06
GW 1.98125
Task 278 400 0.695
Task 393 800 0.49125
Task 329 800 0.41125
Task 24 400 0.06
Task 5 100 0.05
Task 23 400 0.0575
Task 11 200 0.055
Task 45 800 0.05625
Task 43 800 0.05375
Task 41 800 0.05125
GW 0.3
Task 300 1000 0.3
-------------
012
-------------
GW 1.9625
Task 144 200 0.72
Task 67 100 0.67
Task 153 800 0.19125
Task 13 200 0.065
Task 47 800 0.05875
Task 5 100 0.05
Task 23 400 0.0575
Task 5 100 0.05
Task 10 200 0.05
Task 40 800 0.05
GW 1.9925
Task 326 400 0.815
Task 94 200 0.47
Task 244 800 0.305
Task 70 800 0.0875
Task 26 400 0.065
Task 20 400 0.05
Task 40 800 0.05
Task 10 200 0.05
Task 20 400 0.05
Task 5 100 0.05
GW 0.3
Task 300 1000 0.3
-------------
013
-------------
GW 1.9925
Task 571 800 0.71375
Task 554 800 0.6925
Task 64 400 0.16
Task 82 800 0.1025
Task 24 400 0.06
Task 11 200 0.055
Task 43 800 0.05375
Task 21 400 0.0525
Task 21 400 0.0525
Task 20 400 0.05
GW 1.985
Task 716 800 0.895
Task 43 100 0.43
Task 42 200 0.21
Task 56 400 0.14
Task 11 200 0.055
Task 11 200 0.055
Task 10 200 0.05
Task 10 200 0.05
Task 5 100 0.05
Task 5 100 0.05
GW 0.3
Task 300 1000 0.3
-------------
014
-------------
GW 1.9825
Task 315 400 0.7875
Task 312 800 0.39
Task 69 400 0.1725
Task 13 100 0.13
Task 46 400 0.115
Task 42 400 0.105
Task 16 200 0.08
Task 64 800 0.08
Task 50 800 0.0625
Task 24 400 0.06
GW 1.98125
Task 488 800 0.61
Task 235 400 0.5875
Task 86 400 0.215
Task 78 400 0.195
Task 87 800 0.10875
Task 13 200 0.065
Task 5 100 0.05
Task 10 200 0.05
Task 10 200 0.05
Task 20 400 0.05
GW 0.3
Task 300 1000 0.3
-------------
015
-------------
GW 1.995
Task 346 400 0.865
Task 576 800 0.72
Task 6 100 0.06
Task 5 100 0.05
Task 40 800 0.05
Task 10 200 0.05
Task 20 400 0.05
Task 20 400 0.05
Task 10 200 0.05
Task 10 200 0.05
GW 1.99375
Task 146 200 0.73
Task 119 200 0.595
Task 199 800 0.24875
Task 24 200 0.12
Task 20 400 0.05
Task 10 200 0.05
Task 5 100 0.05
Task 10 200 0.05
Task 5 100 0.05
Task 40 800 0.05
GW 0.3
Task 300 1000 0.3
-------------
016
-------------
GW 1.9825
Task 84 100 0.84
Task 144 400 0.36
Task 84 400 0.21
Task 129 800 0.16125
Task 17 200 0.085
Task 33 400 0.0825
Task 28 400 0.07
Task 55 800 0.06875
Task 11 200 0.055
Task 10 200 0.05
GW 1.97
Task 62 100 0.62
Task 46 100 0.46
Task 123 400 0.3075
Task 78 400 0.195
Task 70 800 0.0875
Task 16 200 0.08
Task 24 400 0.06
Task 5 100 0.05
Task 22 400 0.055
Task 22 400 0.055
GW 0.3
Task 300 1000 0.3
-------------
017
-------------
GW 1.9875
Task 160 200 0.8
Task 412 800 0.515
Task 18 100 0.18
Task 106 800 0.1325
Task 20 200 0.1
Task 11 200 0.055
Task 21 400 0.0525
Task 42 800 0.0525
Task 10 200 0.05
Task 5 100 0.05
GW 1.9775
Task 668 800 0.835
Task 96 200 0.48
Task 142 800 0.1775
Task 15 100 0.15
Task 13 200 0.065
Task 12 200 0.06
Task 23 400 0.0575
Task 21 400 0.0525
Task 5 100 0.05
Task 5 100 0.05
GW 0.3
Task 300 1000 0.3
-------------
018
-------------
GW 1.9875
Task 155 200 0.775
Task 227 400 0.5675
Task 38 200 0.19
Task 14 100 0.14
Task 47 800 0.05875
Task 45 800 0.05625
Task 5 100 0.05
Task 5 100 0.05
Task 5 100 0.05
Task 40 800 0.05
GW 1.97375
Task 136 200 0.68
Task 268 400 0.67
Task 29 200 0.145
Task 34 400 0.085
Task 30 400 0.075
Task 30 400 0.075
Task 6 100 0.06
Task 54 800 0.0675
Task 53 800 0.06625
Task 5 100 0.05
GW 0.3
Task 300 1000 0.3
-------------
019
-------------
GW 1.9875
Task 104 200 0.52
Task 401 800 0.50125
Task 384 800 0.48
Task 118 800 0.1475
Task 8 100 0.08
Task 47 800 0.05875
Task 10 200 0.05
Task 20 400 0.05
Task 5 100 0.05
Task 10 200 0.05
GW 1.98
Task 153 200 0.765
Task 609 800 0.76125
Task 30 400 0.075
Task 12 200 0.06
Task 51 800 0.06375
Task 5 100 0.05
Task 11 200 0.055
Task 20 400 0.05
Task 20 400 0.05
Task 5 100 0.05
GW 0.3
Task 300 1000 0.3
-------------
020
-------------
GW 1.9925
Task 167 200 0.835
Task 175 400 0.4375
Task 89 400 0.2225
Task 98 800 0.1225
Task 75 800 0.09375
Task 32 400 0.08
Task 41 800 0.05125
Task 5 100 0.05
Task 20 400 0.05
Task 10 200 0.05
GW 1.985
Task 384 400 0.96
Task 46 200 0.23
Task 87 400 0.2175
Task 159 800 0.19875
Task 87 800 0.10875
Task 14 200 0.07
Task 10 200 0.05
Task 40 800 0.05
Task 10 200 0.05
Task 5 100 0.05
GW 0.3
Task 300 1000 0.3
-------------
021
-------------
GW 1.97875
Task 292 400 0.73
Task 67 100 0.67
Task 30 200 0.15
Task 78 800 0.0975
Task 65 800 0.08125
Task 5 100 0.05
Task 40 800 0.05
Task 10 200 0.05
Task 10 200 0.05
Task 40 800 0.05
GW 1.98
Task 291 400 0.7275
Task 136 200 0.68
Task 16 100 0.16
Task 8 100 0.08
Task 29 400 0.0725
Task 24 400 0.06
Task 20 400 0.05
Task 20 400 0.05
Task 5 100 0.05
Task 20 400 0.05
GW 0.3
Task 300 1000 0.3
-------------
022
-------------
GW 1.985
Task 99 100 0.99
Task 103 200 0.515
Task 21 200 0.105
Task 24 400 0.06
Task 12 200 0.06
Task 11 200 0.055
Task 5 100 0.05
Task 5 100 0.05
Task 20 400 0.05
Task 20 400 0.05
GW 1.97625
Task 98 100 0.98
Task 203 400 0.5075
Task 23 200 0.115
Task 51 800 0.06375
Task 23 400 0.0575
Task 21 400 0.0525
Task 5 100 0.05
Task 5 100 0.05
Task 20 400 0.05
Task 20 400 0.05
GW 0.3
Task 300 1000 0.3
-------------
023
-------------
GW 1.9875
Task 292 400 0.73
Task 179 400 0.4475
Task 235 800 0.29375
Task 137 800 0.17125
Task 76 800 0.095
Task 10 200 0.05
Task 20 400 0.05
Task 40 800 0.05
Task 10 200 0.05
Task 10 200 0.05
GW 1.96375
Task 159 200 0.795
Task 33 100 0.33
Task 84 400 0.21
Task 15 100 0.15
Task 11 100 0.11
Task 10 100 0.1
Task 75 800 0.09375
Task 7 100 0.07
Task 11 200 0.055
Task 10 200 0.05
GW 0.3
Task 300 1000 0.3
-------------
024
-------------
GW 1.9775
Task 176 200 0.88
Task 64 200 0.32
Task 105 400 0.2625
Task 32 200 0.16
Task 9 100 0.09
Task 11 200 0.055
Task 22 400 0.055
Task 11 200 0.055
Task 5 100 0.05
Task 20 400 0.05
GW 1.9775
Task 140 200 0.7
Task 37 100 0.37
Task 51 200 0.255
Task 151 800 0.18875
Task 120 800 0.15
Task 83 800 0.10375
Task 6 100 0.06
Task 10 200 0.05
Task 20 400 0.05
Task 20 400 0.05
GW 0.3
Task 300 1000 0.3
-------------
025
-------------
GW 1.98
Task 179 200 0.895
Task 180 400 0.45
Task 11 100 0.11
Task 22 200 0.11
Task 81 800 0.10125
Task 33 400 0.0825
Task 48 800 0.06
Task 47 800 0.05875
Task 46 800 0.0575
Task 22 400 0.055
GW 1.975
Task 243 400 0.6075
Task 203 400 0.5075
Task 45 200 0.225
Task 18 100 0.18
Task 27 200 0.135
Task 24 200 0.12
Task 5 100 0.05
Task 5 100 0.05
Task 10 200 0.05
Task 20 400 0.05
GW 0.3
Task 300 1000 0.3
-------------
026
-------------
GW 1.96875
Task 90 100 0.9
Task 152 400 0.38
Task 49 200 0.245
Task 75 800 0.09375
Task 9 100 0.09
Task 6 100 0.06
Task 5 100 0.05
Task 5 100 0.05
Task 10 200 0.05
Task 10 200 0.05
GW 1.98625
Task 107 200 0.535
Task 104 200 0.52
Task 120 400 0.3
Task 202 800 0.2525
Task 57 800 0.07125
Task 14 200 0.07
Task 13 200 0.065
Task 26 400 0.065
Task 44 800 0.055
Task 21 400 0.0525
GW 0.3
Task 300 1000 0.3
-------------
027
-------------
GW 1.98125
Task 150 200 0.75
Task 96 200 0.48
Task 27 100 0.27
Task 15 100 0.15
Task 57 800 0.07125
Task 12 200 0.06
Task 5 100 0.05
Task 10 200 0.05
Task 10 200 0.05
Task 20 400 0.05
GW 1.985
Task 189 200 0.945
Task 58 100 0.58
Task 22 200 0.11
Task 20 400 0.05
Task 5 100 0.05
Task 5 100 0.05
Task 10 200 0.05
Task 20 400 0.05
Task 40 800 0.05
Task 5 100 0.05
GW 0.3
Task 300 1000 0.3
-------------
028
-------------
GW 1.9775
Task 92 100 0.92
Task 308 800 0.385
Task 50 200 0.25
Task 32 400 0.08
Task 7 100 0.07
Task 54 800 0.0675
Task 22 400 0.055
Task 40 800 0.05
Task 10 200 0.05
Task 10 200 0.05
GW 1.98
Task 92 100 0.92
Task 48 100 0.48
Task 55 400 0.1375
Task 63 800 0.07875
Task 30 400 0.075
Task 14 200 0.07
Task 52 800 0.065
Task 5 100 0.05
Task 43 800 0.05375
Task 5 100 0.05
GW 0.3
Task 300 1000 0.3
-------------
029
-------------
GW 1.97
Task 288 400 0.72
Task 32 100 0.32
Task 46 200 0.23
Task 20 100 0.2
Task 14 100 0.14
Task 12 100 0.12
Task 9 100 0.09
Task 20 400 0.05
Task 5 100 0.05
Task 10 200 0.05
GW 1.9625
Task 724 800 0.905
Task 149 400 0.3725
Task 28 100 0.28
Task 34 400 0.085
Task 56 800 0.07
Task 5 100 0.05
Task 5 100 0.05
Task 5 100 0.05
Task 20 400 0.05
Task 10 200 0.05
GW 0.3
Task 300 1000 0.3
-------------
030
-------------
GW 1.9775
Task 159 200 0.795
Task 78 100 0.78
Task 5 100 0.05
Task 42 800 0.0525
Task 20 400 0.05
Task 10 200 0.05
Task 5 100 0.05
Task 40 800 0.05
Task 20 400 0.05
Task 10 200 0.05
GW 1.975
Task 568 800 0.71
Task 181 400 0.4525
Task 60 200 0.3
Task 21 200 0.105
Task 10 100 0.1
Task 32 400 0.08
Task 13 200 0.065
Task 24 400 0.06
Task 42 800 0.0525
Task 10 200 0.05
GW 0.3
Task 300 1000 0.3
-------------
031
-------------
GW 1.98875
Task 299 400 0.7475
Task 357 800 0.44625
Task 38 100 0.38
Task 20 200 0.1
Task 48 800 0.06
Task 22 400 0.055
Task 5 100 0.05
Task 20 400 0.05
Task 40 800 0.05
Task 10 200 0.05
GW 1.99125
Task 750 800 0.9375
Task 53 100 0.53
Task 91 800 0.11375
Task 22 200 0.11
Task 20 400 0.05
Task 20 400 0.05
Task 10 200 0.05
Task 5 100 0.05
Task 10 200 0.05
Task 20 400 0.05
GW 0.3
Task 300 1000 0.3
-------------
032
-------------
GW 1.99
Task 75 100 0.75
Task 542 800 0.6775
Task 76 400 0.19
Task 58 800 0.0725
Task 20 400 0.05
Task 10 200 0.05
Task 20 400 0.05
Task 10 200 0.05
Task 20 400 0.05
Task 40 800 0.05
GW 1.96875
Task 575 800 0.71875
Task 132 200 0.66
Task 19 100 0.19
Task 9 100 0.09
Task 24 400 0.06
Task 5 100 0.05
Task 5 100 0.05
Task 5 100 0.05
Task 10 200 0.05
Task 5 100 0.05
GW 0.3
Task 300 1000 0.3
-------------
033
-------------
GW 1.98875
Task 611 800 0.76375
Task 72 200 0.36
Task 89 400 0.2225
Task 83 400 0.2075
Task 72 400 0.18
Task 11 200 0.055
Task 10 200 0.05
Task 20 400 0.05
Task 5 100 0.05
Task 20 400 0.05
GW 1.98375
Task 116 200 0.58
Task 45 100 0.45
Task 93 400 0.2325
Task 116 800 0.145
Task 24 200 0.12
Task 45 400 0.1125
Task 10 100 0.1
Task 73 800 0.09125
Task 66 800 0.0825
Task 28 400 0.07
GW 0.3
Task 300 1000 0.3
-------------
034
-------------
GW 1.98375
Task 79 100 0.79
Task 296 800 0.37
Task 66 200 0.33
Task 37 200 0.185
Task 47 800 0.05875
Task 10 200 0.05
Task 40 800 0.05
Task 10 200 0.05
Task 40 800 0.05
Task 5 100 0.05
GW 1.96625
Task 589 800 0.73625
Task 46 100 0.46
Task 23 100 0.23
Task 116 800 0.145
Task 22 200 0.11
Task 30 400 0.075
Task 11 200 0.055
Task 21 400 0.0525
Task 21 400 0.0525
Task 10 200 0.05
GW 0.3
Task 300 1000 0.3
-------------
035
-------------
GW 1.9875
Task 119 200 0.595
Task 107 200 0.535
Task 348 800 0.435
Task 11 100 0.11
Task 48 800 0.06
Task 10 200 0.05
Task 21 400 0.0525
Task 5 100 0.05
Task 40 800 0.05
Task 5 100 0.05
GW 1.98
Task 65 100 0.65
Task 56 100 0.56
Task 204 800 0.255
Task 20 100 0.2
Task 52 800 0.065
Task 20 400 0.05
Task 20 400 0.05
Task 40 800 0.05
Task 5 100 0.05
Task 5 100 0.05
GW 0.3
Task 300 1000 0.3
-------------
036
-------------
GW 1.98
Task 75 100 0.75
Task 50 100 0.5
Task 48 200 0.24
Task 19 100 0.19
Task 5 100 0.05
Task 5 100 0.05
Task 20 400 0.05
Task 20 400 0.05
Task 20 400 0.05
Task 40 800 0.05
GW 1.97375
Task 375 800 0.46875
Task 40 100 0.4
Task 151 400 0.3775
Task 238 800 0.2975
Task 17 100 0.17
Task 22 400 0.055
Task 43 800 0.05375
Task 41 800 0.05125
Task 10 200 0.05
Task 40 800 0.05
GW 0.3
Task 300 1000 0.3
-------------
037
-------------
GW 1.9825
Task 88 100 0.88
Task 428 800 0.535
Task 24 200 0.12
Task 10 100 0.1
Task 17 200 0.085
Task 25 400 0.0625
Task 20 400 0.05
Task 5 100 0.05
Task 5 100 0.05
Task 20 400 0.05
GW 1.98
Task 503 800 0.62875
Task 88 200 0.44
Task 65 200 0.325
Task 228 800 0.285
Task 5 100 0.05
Task 5 100 0.05
Task 41 800 0.05125
Task 20 400 0.05
Task 10 200 0.05
Task 5 100 0.05
GW 0.3
Task 300 1000 0.3
-------------
038
-------------
GW 1.9825
Task 373 400 0.9325
Task 275 800 0.34375
Task 123 400 0.3075
Task 31 400 0.0775
Task 6 100 0.06
Task 11 200 0.055
Task 11 200 0.055
Task 41 800 0.05125
Task 20 400 0.05
Task 10 200 0.05
GW 1.975
Task 112 200 0.56
Task 207 400 0.5175
Task 198 800 0.2475
Task 63 400 0.1575
Task 110 800 0.1375
Task 21 200 0.105
Task 19 200 0.095
Task 5 100 0.05
Task 22 400 0.055
Task 20 400 0.05
GW 0.3
Task 300 1000 0.3
-------------
039
-------------
GW 1.97375
Task 418 800 0.5225
Task 98 200 0.49
Task 61 200 0.305
Task 33 200 0.165
Task 26 200 0.13
Task 10 100 0.1
Task 14 200 0.07
Task 14 200 0.07
Task 14 200 0.07
Task 41 800 0.05125
GW 1.9625
Task 97 200 0.485
Task 88 200 0.44
Task 34 100 0.34
Task 55 200 0.275
Task 19 200 0.095
Task 9 100 0.09
Task 58 800 0.0725
Task 6 100 0.06
Task 22 400 0.055
Task 20 400 0.05
GW 0.3
Task 300 1000 0.3
-------------
040
-------------
GW 1.9825
Task 354 400 0.885
Task 92 200 0.46
Task 37 200 0.185
Task 15 100 0.15
Task 21 400 0.0525
Task 5 100 0.05
Task 20 400 0.05
Task 10 200 0.05
Task 20 400 0.05
Task 5 100 0.05
GW 1.9825
Task 172 200 0.86
Task 340 800 0.425
Task 79 400 0.1975
Task 25 200 0.125
Task 64 800 0.08
Task 14 200 0.07
Task 12 200 0.06
Task 25 400 0.0625
Task 21 400 0.0525
Task 5 100 0.05
GW 0.3
Task 300 1000 0.3
-------------
041
-------------
GW 1.9875
Task 452 800 0.565
Task 340 800 0.425
Task 267 800 0.33375
Task 51 200 0.255
Task 24 200 0.12
Task 33 400 0.0825
Task 11 200 0.055
Task 41 800 0.05125
Task 5 100 0.05
Task 10 200 0.05
GW 1.97625
Task 87 100 0.87
Task 108 200 0.54
Task 15 100 0.15
Task 36 400 0.09
Task 25 400 0.0625
Task 49 800 0.06125
Task 21 400 0.0525
Task 20 400 0.05
Task 20 400 0.05
Task 20 400 0.05
GW 0.3
Task 300 1000 0.3
-------------
042
-------------
GW 1.99375
Task 261 400 0.6525
Task 205 400 0.5125
Task 67 200 0.335
Task 76 400 0.19
Task 43 800 0.05375
Task 40 800 0.05
Task 5 100 0.05
Task 40 800 0.05
Task 5 100 0.05
Task 10 200 0.05
GW 1.9875
Task 608 800 0.76
Task 59 100 0.59
Task 20 100 0.2
Task 10 100 0.1
Task 35 400 0.0875
Task 40 800 0.05
Task 20 400 0.05
Task 40 800 0.05
Task 10 200 0.05
Task 10 200 0.05
GW 0.3
Task 300 1000 0.3
-------------
043
-------------
GW 1.9825
Task 137 200 0.685
Task 63 100 0.63
Task 123 400 0.3075
Task 6 100 0.06
Task 5 100 0.05
Task 5 100 0.05
Task 20 400 0.05
Task 10 200 0.05
Task 40 800 0.05
Task 5 100 0.05
GW 1.99125
Task 372 400 0.93
Task 143 400 0.3575
Task 33 200 0.165
Task 121 800 0.15125
Task 46 400 0.115
Task 25 400 0.0625
Task 48 800 0.06
Task 20 400 0.05
Task 10 200 0.05
Task 5 100 0.05
GW 0.3
Task 300 1000 0.3
-------------
044
-------------
GW 1.98375
Task 84 100 0.84
Task 309 800 0.38625
Task 236 800 0.295
Task 51 400 0.1275
Task 16 200 0.08
Task 11 200 0.055
Task 20 400 0.05
Task 5 100 0.05
Task 10 200 0.05
Task 5 100 0.05
GW 1.98875
Task 193 200 0.965
Task 99 200 0.495
Task 30 200 0.15
Task 13 200 0.065
Task 51 800 0.06375
Task 5 100 0.05
Task 5 100 0.05
Task 20 400 0.05
Task 5 100 0.05
Task 10 200 0.05
GW 0.3
Task 300 1000 0.3
-------------
045
-------------
GW 1.98875
Task 166 200 0.83
Task 197 800 0.24625
Task 46 200 0.23
Task 146 800 0.1825
Task 123 800 0.15375
Task 104 800 0.13
Task 47 800 0.05875
Task 11 200 0.055
Task 42 800 0.0525
Task 10 200 0.05
GW 1.97625
Task 73 100 0.73
Task 125 200 0.625
Task 45 200 0.225
Task 38 400 0.095
Task 10 200 0.05
Task 5 100 0.05
Task 10 200 0.05
Task 5 100 0.05
Task 41 800 0.05125
Task 40 800 0.05
GW 0.3
Task 300 1000 0.3
-------------
046
-------------
GW 1.99
Task 487 800 0.60875
Task 378 800 0.4725
Task 331 800 0.41375
Task 60 400 0.15
Task 38 400 0.095
Task 5 100 0.05
Task 5 100 0.05
Task 20 400 0.05
Task 40 800 0.05
Task 20 400 0.05
GW 1.9825
Task 307 400 0.7675
Task 312 800 0.39
Task 31 100 0.31
Task 40 200 0.2
Task 12 200 0.06
Task 11 200 0.055
Task 20 400 0.05
Task 10 200 0.05
Task 5 100 0.05
Task 20 400 0.05
GW 0.3
Task 300 1000 0.3
-------------
047
-------------
GW 1.9775
Task 212 400 0.53
Task 29 100 0.29
Task 214 800 0.2675
Task 89 400 0.2225
Task 41 200 0.205
Task 38 200 0.19
Task 9 100 0.09
Task 8 100 0.08
Task 21 400 0.0525
Task 5 100 0.05
GW 1.9825
Task 618 800 0.7725
Task 153 400 0.3825
Task 91 400 0.2275
Task 16 100 0.16
Task 44 400 0.11
Task 18 200 0.09
Task 54 800 0.0675
Task 26 400 0.065
Task 11 200 0.055
Task 21 400 0.0525
GW 0.3
Task 300 1000 0.3
-------------
048
-------------
GW 1.97625
Task 80 100 0.8
Task 104 200 0.52
Task 30 200 0.15
Task 13 100 0.13
Task 21 200 0.105
Task 24 400 0.06
Task 11 200 0.055
Task 45 800 0.05625
Task 5 100 0.05
Task 10 200 0.05
GW 1.97625
Task 332 400 0.83
Task 46 100 0.46
Task 29 200 0.145
Task 11 100 0.11
Task 93 800 0.11625
Task 16 200 0.08
Task 55 800 0.06875
Task 53 800 0.06625
Task 5 100 0.05
Task 20 400 0.05
GW 0.3
Task 300 1000 0.3
-------------
049
-------------
GW 1.98875
Task 121 200 0.605
Task 295 800 0.36875
Task 133 400 0.3325
Task 100 400 0.25
Task 117 800 0.14625
Task 32 400 0.08
Task 43 800 0.05375
Task 42 800 0.0525
Task 20 400 0.05
Task 20 400 0.05
GW 1.97875
Task 544 800 0.68
Task 56 100 0.56
Task 30 100 0.3
Task 70 800 0.0875
Task 29 400 0.0725
Task 24 400 0.06
Task 23 400 0.0575
Task 11 200 0.055
Task 45 800 0.05625
Task 20 400 0.05
GW 0.3
Task 300 1000 0.3
-------------
050
-------------
GW 1.9875
Task 774 800 0.9675
Task 68 200 0.34
Task 38 200 0.19
Task 18 100 0.18
Task 24 400 0.06
Task 20 400 0.05
Task 40 800 0.05
Task 20 400 0.05
Task 10 200 0.05
Task 40 800 0.05
GW 1.9825
Task 315 400 0.7875
Task 374 800 0.4675
Task 208 800 0.26
Task 10 100 0.1
Task 10 100 0.1
Task 54 800 0.0675
Task 10 200 0.05
Task 10 200 0.05
Task 5 100 0.05
Task 10 200 0.05
GW 0.3
Task 300 1000 0.3
-------------
051
-------------
GW 1.97
Task 144 200 0.72
Task 65 100 0.65
Task 19 100 0.19
Task 22 200 0.11
Task 5 100 0.05
Task 5 100 0.05
Task 40 800 0.05
Task 20 400 0.05
Task 5 100 0.05
Task 10 200 0.05
GW 1.985
Task 533 800 0.66625
Task 183 400 0.4575
Task 57 200 0.285
Task 158 800 0.1975
Task 68 800 0.085
Task 58 800 0.0725
Task 6 100 0.06
Task 12 200 0.06
Task 41 800 0.05125
Task 20 400 0.05
GW 0.3
Task 300 1000 0.3
-------------
052
-------------
GW 1.9825
Task 75 100 0.75
Task 494 800 0.6175
Task 12 100 0.12
Task 41 400 0.1025
Task 10 100 0.1
Task 8 100 0.08
Task 6 100 0.06
Task 21 400 0.0525
Task 40 800 0.05
Task 10 200 0.05
GW 1.98625
Task 275 400 0.6875
Task 40 100 0.4
Task 155 800 0.19375
Task 144 800 0.18
Task 140 800 0.175
Task 55 400 0.1375
Task 25 400 0.0625
Task 10 200 0.05
Task 10 200 0.05
Task 20 400 0.05
GW 0.3
Task 300 1000 0.3
-------------
053
-------------
GW 1.9775
Task 76 100 0.76
Task 600 800 0.75
Task 70 800 0.0875
Task 12 200 0.06
Task 12 200 0.06
Task 11 200 0.055
Task 11 200 0.055
Task 5 100 0.05
Task 20 400 0.05
Task 5 100 0.05
GW 1.97125
Task 242 400 0.605
Task 80 200 0.4
Task 58 200 0.29
Task 19 100 0.19
Task 29 200 0.145
Task 21 200 0.105
Task 30 400 0.075
Task 49 800 0.06125
Task 5 100 0.05
Task 5 100 0.05
GW 0.3
Task 300 1000 0.3
-------------
054
-------------
GW 1.98125
Task 316 800 0.395
Task 286 800 0.3575
Task 35 100 0.35
Task 63 200 0.315
Task 21 100 0.21
Task 115 800 0.14375
Task 12 200 0.06
Task 5 100 0.05
Task 20 400 0.05
Task 5 100 0.05
GW 1.9825
Task 60 100 0.6
Task 419 800 0.52375
Task 70 200 0.35
Task 25 200 0.125
Task 23 200 0.115
Task 54 800 0.0675
Task 41 800 0.05125
Task 10 200 0.05
Task 20 400 0.05
Task 5 100 0.05
GW 0.3
Task 300 1000 0.3
-------------
055
-------------
GW 1.9725
Task 179 200 0.895
Task 73 200 0.365
Task 26 100 0.26
Task 46 400 0.115
Task 60 800 0.075
Task 6 100 0.06
Task 5 100 0.05
Task 42 800 0.0525
Task 20 400 0.05
Task 40 800 0.05
GW 1.98
Task 63 100 0.63
Task 139 400 0.3475
Task 102 400 0.255
Task 198 800 0.2475
Task 60 400 0.15
Task 71 800 0.08875
Task 15 200 0.075
Task 53 800 0.06625
Task 6 100 0.06
Task 12 200 0.06
GW 0.3
Task 300 1000 0.3
-------------
056
-------------
GW 1.98125
Task 74 100 0.74
Task 127 200 0.635
Task 21 100 0.21
Task 56 800 0.07
Task 49 800 0.06125
Task 23 400 0.0575
Task 46 800 0.0575
Task 5 100 0.05
Task 20 400 0.05
Task 20 400 0.05
GW 1.98625
Task 668 800 0.835
Task 454 800 0.5675
Task 86 400 0.215
Task 55 800 0.06875
Task 5 100 0.05
Task 20 400 0.05
Task 10 200 0.05
Task 20 400 0.05
Task 20 400 0.05
Task 5 100 0.05
GW 0.3
Task 300 1000 0.3
-------------
057
-------------
GW 1.98625
Task 76 100 0.76
Task 457 800 0.57125
Task 66 400 0.165
Task 107 800 0.13375
Task 26 400 0.065
Task 6 100 0.06
Task 12 200 0.06
Task 12 200 0.06
Task 47 800 0.05875
Task 21 400 0.0525
GW 1.9875
Task 735 800 0.91875
Task 36 100 0.36
Task 49 200 0.245
Task 44 400 0.11
Task 35 400 0.0875
Task 13 200 0.065
Task 5 100 0.05
Task 41 800 0.05125
Task 5 100 0.05
Task 10 200 0.05
GW 0.3
Task 300 1000 0.3
-------------
058
-------------
GW 1.97
Task 274 400 0.685
Task 47 100 0.47
Task 161 400 0.4025
Task 19 200 0.095
Task 27 400 0.0675
Task 5 100 0.05
Task 5 100 0.05
Task 10 200 0.05
Task 40 800 0.05
Task 5 100 0.05
GW 1.9875
Task 169 200 0.845
Task 37 100 0.37
Task 118 400 0.295
Task 52 400 0.13
Task 19 200 0.095
Task 21 400 0.0525
Task 20 400 0.05
Task 5 100 0.05
Task 40 800 0.05
Task 20 400 0.05
GW 0.3
Task 300 1000 0.3
-------------
059
-------------
GW 1.97
Task 188 400 0.47
Task 347 800 0.43375
Task 136 400 0.34
Task 63 200 0.315
Task 21 200 0.105
Task 7 100 0.07
Task 15 200 0.075
Task 6 100 0.06
Task 41 800 0.05125
Task 40 800 0.05
GW 1.9775
Task 701 800 0.87625
Task 191 800 0.23875
Task 85 400 0.2125
Task 20 100 0.2
Task 58 400 0.145
Task 18 200 0.09
Task 13 200 0.065
Task 10 200 0.05
Task 5 100 0.05
Task 20 400 0.05
GW 0.3
Task 300 1000 0.3
-------------
060
-------------
GW 1.98125
Task 258 400 0.645
Task 232 400 0.58
Task 135 800 0.16875
Task 32 200 0.16
Task 88 800 0.11
Task 38 400 0.095
Task 7 100 0.07
Task 21 400 0.0525
Task 10 200 0.05
Task 5 100 0.05
GW 1.9875
Task 659 800 0.82375
Task 596 800 0.745
Task 6 100 0.06
Task 47 800 0.05875
Task 5 100 0.05
Task 20 400 0.05
Task 5 100 0.05
Task 40 800 0.05
Task 40 800 0.05
Task 5 100 0.05
GW 0.3
Task 300 1000 0.3
-------------
061
-------------
GW 1.955
Task 186 200 0.93
Task 36 100 0.36
Task 17 100 0.17
Task 13 100 0.13
Task 8 100 0.08
Task 8 100 0.08
Task 5 100 0.05
Task 44 800 0.055
Task 20 400 0.05
Task 20 400 0.05
GW 1.97125
Task 595 800 0.74375
Task 200 400 0.5
Task 176 800 0.22
Task 42 400 0.105
Task 18 200 0.09
Task 16 200 0.08
Task 7 100 0.07
Task 23 400 0.0575
Task 11 200 0.055
Task 5 100 0.05
GW 0.3
Task 300 1000 0.3
-------------
062
-------------
GW 1.98125
Task 301 400 0.7525
Task 189 400 0.4725
Task 77 400 0.1925
Task 15 100 0.15
Task 59 400 0.1475
Task 24 400 0.06
Task 11 200 0.055
Task 41 800 0.05125
Task 5 100 0.05
Task 5 100 0.05
GW 1.98875
Task 308 400 0.77
Task 103 200 0.515
Task 70 400 0.175
Task 12 100 0.12
Task 40 400 0.1
Task 79 800 0.09875
Task 6 100 0.06
Task 20 400 0.05
Task 20 400 0.05
Task 5 100 0.05
GW 0.3
Task 300 1000 0.3
-------------
063
-------------
GW 1.9875
Task 552 800 0.69
Task 497 800 0.62125
Task 205 800 0.25625
Task 16 200 0.08
Task 28 400 0.07
Task 12 200 0.06
Task 5 100 0.05
Task 11 200 0.055
Task 22 400 0.055
Task 10 200 0.05
GW 1.9725
Task 94 100 0.94
Task 68 200 0.34
Task 91 400 0.2275
Task 100 800 0.125
Task 17 200 0.085
Task 5 100 0.05
Task 22 400 0.055
Task 5 100 0.05
Task 5 100 0.05
Task 5 100 0.05
GW 0.3
Task 300 1000 0.3
-------------
064
-------------
GW 1.97
Task 176 200 0.88
Task 41 100 0.41
Task 19 100 0.19
Task 16 100 0.16
Task 16 200 0.08
Task 40 800 0.05
Task 20 400 0.05
Task 40 800 0.05
Task 10 200 0.05
Task 20 400 0.05
GW 1.9925
Task 81 100 0.81
Task 382 800 0.4775
Task 142 400 0.355
Task 40 800 0.05
Task 20 400 0.05
Task 10 200 0.05
Task 5 100 0.05
Task 10 200 0.05
Task 40 800 0.05
Task 10 200 0.05
GW 0.3
Task 300 1000 0.3
-------------
065
-------------
GW 1.99
Task 190 200 0.95
Task 64 100 0.64
Task 5 100 0.05
Task 20 400 0.05
Task 5 100 0.05
Task 20 400 0.05
Task 10 200 0.05
Task 10 200 0.05
Task 5 100 0.05
Task 20 400 0.05
GW 1.99
Task 321 400 0.8025
Task 299 400 0.7475
Task 30 400 0.075
Task 26 400 0.065
Task 5 100 0.05
Task 10 200 0.05
Task 5 100 0.05
Task 5 100 0.05
Task 20 400 0.05
Task 40 800 0.05
GW 0.3
Task 300 1000 0.3
-------------
066
-------------
GW 1.9875
Task 71 100 0.71
Task 123 400 0.3075
Task 103 400 0.2575
Task 70 400 0.175
Task 70 400 0.175
Task 130 800 0.1625
Task 5 100 0.05
Task 20 400 0.05
Task 5 100 0.05
Task 20 400 0.05
GW 1.97
Task 296 400 0.74
Task 120 200 0.6
Task 90 400 0.225
Task 74 800 0.0925
Task 24 400 0.06
Task 5 100 0.05
Task 5 100 0.05
Task 10 200 0.05
Task 21 400 0.0525
Task 10 200 0.05
GW 0.3
Task 300 1000 0.3
-------------
067
-------------
GW 1.98
Task 262 400 0.655
Task 38 100 0.38
Task 32 100 0.32
Task 19 100 0.19
Task 70 400 0.175
Task 45 800 0.05625
Task 43 800 0.05375
Task 40 800 0.05
Task 5 100 0.05
Task 5 100 0.05
GW 1.98875
Task 315 400 0.7875
Task 373 800 0.46625
Task 169 800 0.21125
Task 69 400 0.1725
Task 7 100 0.07
Task 28 400 0.07
Task 6 100 0.06
Task 5 100 0.05
Task 41 800 0.05125
Task 20 400 0.05
GW 0.3
Task 300 1000 0.3
-------------
068
-------------
GW 1.97875
Task 374 400 0.935
Task 101 200 0.505
Task 88 800 0.11
Task 18 200 0.09
Task 14 200 0.07
Task 25 400 0.0625
Task 22 400 0.055
Task 5 100 0.05
Task 41 800 0.05125
Task 40 800 0.05
GW 1.985
Task 142 200 0.71
Task 147 400 0.3675
Task 125 400 0.3125
Task 61 400 0.1525
Task 24 200 0.12
Task 47 400 0.1175
Task 44 800 0.055
Task 10 200 0.05
Task 10 200 0.05
Task 20 400 0.05
GW 0.3
Task 300 1000 0.3
-------------
069
-------------
GW 1.9875
Task 279 400 0.6975
Task 180 400 0.45
Task 37 100 0.37
Task 17 100 0.17
Task 40 800 0.05
Task 40 800 0.05
Task 40 800 0.05
Task 40 800 0.05
Task 20 400 0.05
Task 20 400 0.05
GW 1.97875
Task 294 400 0.735
Task 182 400 0.455
Task 67 400 0.1675
Task 59 400 0.1475
Task 50 400 0.125
Task 71 800 0.08875
Task 7 100 0.07
Task 7 100 0.07
Task 7 100 0.07
Task 5 100 0.05
GW 0.3
Task 300 1000 0.3
-------------
070
-------------
GW 1.99125
Task 656 800 0.82
Task 80 200 0.4
Task 269 800 0.33625
Task 37 400 0.0925
Task 36 400 0.09
Task 21 400 0.0525
Task 5 100 0.05
Task 5 100 0.05
Task 40 800 0.05
Task 5 100 0.05
GW 1.99
Task 361 400 0.9025
Task 267 400 0.6675
Task 11 200 0.055
Task 23 400 0.0575
Task 23 400 0.0575
Task 10 200 0.05
Task 5 100 0.05
Task 20 400 0.05
Task 20 400 0.05
Task 20 400 0.05
GW 0.3
Task 300 1000 0.3
-------------
071
-------------
GW 1.98125
Task 97 100 0.97
Task 104 400 0.26
Task 56 400 0.14
Task 28 200 0.14
Task 12 100 0.12
Task 85 800 0.10625
Task 38 400 0.095
Task 20 400 0.05
Task 20 400 0.05
Task 5 100 0.05
GW 1.9925
Task 623 800 0.77875
Task 70 100 0.7
Task 14 100 0.14
Task 49 800 0.06125
Task 12 200 0.06
Task 21 400 0.0525
Task 20 400 0.05
Task 5 100 0.05
Task 10 200 0.05
Task 20 400 0.05
GW 0.3
Task 300 1000 0.3
-------------
072
-------------
GW 1.98625
Task 68 100 0.68
Task 469 800 0.58625
Task 180 800 0.225
Task 62 400 0.155
Task 7 100 0.07
Task 50 800 0.0625
Task 46 800 0.0575
Task 5 100 0.05
Task 10 200 0.05
Task 40 800 0.05
GW 1.97875
Task 485 800 0.60625
Task 53 200 0.265
Task 193 800 0.24125
Task 44 200 0.22
Task 19 100 0.19
Task 109 800 0.13625
Task 25 200 0.125
Task 8 100 0.08
Task 6 100 0.06
Task 11 200 0.055
GW 0.3
Task 300 1000 0.3
-------------
073
-------------
GW 1.98875
Task 177 200 0.885
Task 324 800 0.405
Task 119 800 0.14875
Task 53 400 0.1325
Task 94 800 0.1175
Task 20 200 0.1
Task 20 400 0.05
Task 5 100 0.05
Task 20 400 0.05
Task 20 400 0.05
GW 1.9925
Task 383 400 0.9575
Task 246 400 0.615
Task 28 400 0.07
Task 10 200 0.05
Task 5 100 0.05
Task 10 200 0.05
Task 5 100 0.05
Task 10 200 0.05
Task 10 200 0.05
Task 5 100 0.05
GW 0.3
Task 300 1000 0.3
-------------
074
-------------
GW 1.99
Task 80 100 0.8
Task 158 200 0.79
Task 5 100 0.05
Task 20 400 0.05
Task 5 100 0.05
Task 40 800 0.05
Task 10 200 0.05
Task 20 400 0.05
Task 40 800 0.05
Task 40 800 0.05
GW 1.98375
Task 337 400 0.8425
Task 270 400 0.675
Task 8 100 0.08
Task 16 200 0.08
Task 45 800 0.05625
Task 20 400 0.05
Task 40 800 0.05
Task 5 100 0.05
Task 20 400 0.05
Task 5 100 0.05
GW 0.3
Task 300 1000 0.3
-------------
075
-------------
GW 1.98125
Task 112 200 0.56
Task 56 100 0.56
Task 32 100 0.32
Task 24 100 0.24
Task 41 800 0.05125
Task 10 200 0.05
Task 10 200 0.05
Task 10 200 0.05
Task 20 400 0.05
Task 5 100 0.05
GW 1.9725
Task 734 800 0.9175
Task 44 100 0.44
Task 28 200 0.14
Task 10 100 0.1
Task 8 100 0.08
Task 30 400 0.075
Task 28 400 0.07
Task 20 400 0.05
Task 40 800 0.05
Task 10 200 0.05
GW 0.3
Task 300 1000 0.3
-------------
076
-------------
GW 1.9875
Task 175 200 0.875
Task 31 100 0.31
Task 88 400 0.22
Task 162 800 0.2025
Task 32 400 0.08
Task 32 400 0.08
Task 14 200 0.07
Task 10 200 0.05
Task 5 100 0.05
Task 5 100 0.05
GW 1.98375
Task 270 400 0.675
Task 454 800 0.5675
Task 58 200 0.29
Task 8 100 0.08
Task 30 400 0.075
Task 28 400 0.07
Task 26 400 0.065
Task 11 200 0.055
Task 45 800 0.05625
Task 5 100 0.05
GW 0.3
Task 300 1000 0.3
-------------
077
-------------
GW 1.9475
Task 630 800 0.7875
Task 56 100 0.56
Task 34 200 0.17
Task 8 100 0.08
Task 7 100 0.07
Task 6 100 0.06
Task 25 400 0.0625
Task 5 100 0.05
Task 23 400 0.0575
Task 5 100 0.05
GW 1.97375
Task 68 100 0.68
Task 197 400 0.4925
Task 162 800 0.2025
Task 78 400 0.195
Task 13 100 0.13
Task 13 200 0.065
Task 11 200 0.055
Task 43 800 0.05375
Task 10 200 0.05
Task 40 800 0.05
GW 0.3
Task 300 1000 0.3
-------------
078
-------------
GW 1.975
Task 153 200 0.765
Task 39 100 0.39
Task 82 400 0.205
Task 16 100 0.16
Task 26 200 0.13
Task 9 100 0.09
Task 28 400 0.07
Task 6 100 0.06
Task 11 200 0.055
Task 20 400 0.05
GW 1.98125
Task 192 200 0.96
Task 345 800 0.43125
Task 22 100 0.22
Task 7 100 0.07
Task 20 400 0.05
Task 10 200 0.05
Task 20 400 0.05
Task 10 200 0.05
Task 10 200 0.05
Task 5 100 0.05
GW 0.3
Task 300 1000 0.3
-------------
079
-------------
GW 1.9875
Task 182 200 0.91
Task 294 800 0.3675
Task 55 200 0.275
Task 18 200 0.09
Task 15 200 0.075
Task 55 800 0.06875
Task 5 100 0.05
Task 41 800 0.05125
Task 5 100 0.05
Task 5 100 0.05
GW 1.97625
Task 87 100 0.87
Task 293 800 0.36625
Task 88 400 0.22
Task 42 400 0.105
Task 16 200 0.08
Task 65 800 0.08125
Task 29 400 0.0725
Task 13 200 0.065
Task 25 400 0.0625
Task 43 800 0.05375
GW 0.3
Task 300 1000 0.3
-------------
080
-------------
GW 1.99
Task 186 200 0.93
Task 140 400 0.35
Task 56 200 0.28
Task 52 400 0.13
Task 20 400 0.05
Task 20 400 0.05
Task 10 200 0.05
Task 40 800 0.05
Task 20 400 0.05
Task 10 200 0.05
GW 1.98
Task 252 400 0.63
Task 35 100 0.35
Task 109 400 0.2725
Task 198 800 0.2475
Task 40 200 0.2
Task 8 100 0.08
Task 20 400 0.05
Task 10 200 0.05
Task 10 200 0.05
Task 10 200 0.05
GW 0.3
Task 300 1000 0.3
-------------
081
-------------
GW 1.98125
Task 78 100 0.78
Task 168 400 0.42
Task 27 100 0.27
Task 37 200 0.185
Task 15 200 0.075
Task 41 800 0.05125
Task 20 400 0.05
Task 20 400 0.05
Task 10 200 0.05
Task 20 400 0.05
GW 1.98625
Task 164 200 0.82
Task 251 400 0.6275
Task 28 200 0.14
Task 73 800 0.09125
Task 23 400 0.0575
Task 5 100 0.05
Task 5 100 0.05
Task 10 200 0.05
Task 40 800 0.05
Task 40 800 0.05
GW 0.3
Task 300 1000 0.3
-------------
082
-------------
GW 1.9825
Task 422 800 0.5275
Task 36 100 0.36
Task 112 400 0.28
Task 104 400 0.26
Task 45 200 0.225
Task 45 400 0.1125
Task 26 400 0.065
Task 21 400 0.0525
Task 5 100 0.05
Task 10 200 0.05
GW 1.97375
Task 395 400 0.9875
Task 100 400 0.25
Task 79 400 0.1975
Task 12 100 0.12
Task 86 800 0.1075
Task 16 200 0.08
Task 27 400 0.0675
Task 6 100 0.06
Task 43 800 0.05375
Task 5 100 0.05
GW 0.3
Task 300 1000 0.3
-------------
083
-------------
GW 1.98625
Task 387 800 0.48375
Task 93 200 0.465
Task 27 100 0.27
Task 101 400 0.2525
Task 58 400 0.145
Task 27 200 0.135
Task 34 400 0.085
Task 5 100 0.05
Task 10 200 0.05
Task 20 400 0.05
GW 1.98375
Task 343 400 0.8575
Task 257 400 0.6425
Task 22 200 0.11
Task 24 400 0.06
Task 49 800 0.06125
Task 5 100 0.05
Task 5 100 0.05
Task 42 800 0.0525
Task 20 400 0.05
Task 20 400 0.05
GW 0.3
Task 300 1000 0.3
-------------
084
-------------
GW 1.98
Task 91 100 0.91
Task 40 200 0.2
Task 36 200 0.18
Task 26 200 0.13
Task 48 400 0.12
Task 47 400 0.1175
Task 19 200 0.095
Task 8 100 0.08
Task 33 400 0.0825
Task 13 200 0.065
GW 1.985
Task 169 200 0.845
Task 68 200 0.34
Task 52 200 0.26
Task 30 200 0.15
Task 56 400 0.14
Task 5 100 0.05
Task 20 400 0.05
Task 5 100 0.05
Task 40 800 0.05
Task 10 200 0.05
GW 0.3
Task 300 1000 0.3
-------------
085
-------------
GW 1.99125
Task 90 100 0.9
Task 375 800 0.46875
Task 66 400 0.165
Task 47 400 0.1175
Task 30 400 0.075
Task 13 200 0.065
Task 5 100 0.05
Task 20 400 0.05
Task 5 100 0.05
Task 5 100 0.05
GW 1.99125
Task 584 800 0.73
Task 72 100 0.72
Task 14 100 0.14
Task 8 100 0.08
Task 51 800 0.06375
Task 46 800 0.0575
Task 10 200 0.05
Task 10 200 0.05
Task 40 800 0.05
Task 40 800 0.05
GW 0.3
Task 300 1000 0.3
-------------
086
-------------
GW 1.9825
Task 210 400 0.525
Task 377 800 0.47125
Task 328 800 0.41
Task 15 100 0.15
Task 81 800 0.10125
Task 27 400 0.0675
Task 27 400 0.0675
Task 27 400 0.0675
Task 6 100 0.06
Task 25 400 0.0625
GW 1.97625
Task 96 100 0.96
Task 43 100 0.43
Task 94 400 0.235
Task 5 100 0.05
Task 20 400 0.05
Task 41 800 0.05125
Task 10 200 0.05
Task 20 400 0.05
Task 40 800 0.05
Task 20 400 0.05
GW 0.3
Task 300 1000 0.3
-------------
087
-------------
GW 1.97625
Task 65 100 0.65
Task 79 200 0.395
Task 263 800 0.32875
Task 51 200 0.255
Task 37 400 0.0925
Task 44 800 0.055
Task 5 100 0.05
Task 10 200 0.05
Task 20 400 0.05
Task 20 400 0.05
GW 1.97375
Task 333 400 0.8325
Task 48 100 0.48
Task 32 200 0.16
Task 25 200 0.125
Task 44 400 0.11
Task 13 200 0.065
Task 5 100 0.05
Task 41 800 0.05125
Task 5 100 0.05
Task 40 800 0.05
GW 0.3
Task 300 1000 0.3
-------------
088
-------------
GW 1.98125
Task 57 100 0.57
Task 157 400 0.3925
Task 91 400 0.2275
Task 22 100 0.22
Task 171 800 0.21375
Task 67 800 0.08375
Task 65 800 0.08125
Task 14 200 0.07
Task 29 400 0.0725
Task 5 100 0.05
GW 1.96875
Task 52 100 0.52
Task 382 800 0.4775
Task 47 100 0.47
Task 37 200 0.185
Task 6 100 0.06
Task 45 800 0.05625
Task 5 100 0.05
Task 10 200 0.05
Task 10 200 0.05
Task 40 800 0.05
GW 0.3
Task 300 1000 0.3
-------------
089
-------------
GW 1.9725
Task 56 100 0.56
Task 39 100 0.39
Task 57 200 0.285
Task 43 200 0.215
Task 15 100 0.15
Task 42 400 0.105
Task 9 100 0.09
Task 27 400 0.0675
Task 24 400 0.06
Task 5 100 0.05
GW 1.9875
Task 135 200 0.675
Task 536 800 0.67
Task 22 100 0.22
Task 19 200 0.095
Task 6 100 0.06
Task 24 400 0.06
Task 23 400 0.0575
Task 5 100 0.05
Task 20 400 0.05
Task 10 200 0.05
GW 0.3
Task 300 1000 0.3
-------------
090
-------------
GW 1.9775
Task 90 200 0.45
Task 44 100 0.44
Task 227 800 0.28375
Task 25 100 0.25
Task 176 800 0.22
Task 49 400 0.1225
Task 6 100 0.06
Task 5 100 0.05
Task 41 800 0.05125
Task 20 400 0.05
GW 1.9725
Task 66 100 0.66
Task 173 400 0.4325
Task 27 100 0.27
Task 45 200 0.225
Task 33 400 0.0825
Task 7 100 0.07
Task 13 200 0.065
Task 24 400 0.06
Task 46 800 0.0575
Task 10 200 0.05
GW 0.3
Task 300 1000 0.3
-------------
091
-------------
GW 1.97875
Task 451 800 0.56375
Task 41 100 0.41
Task 30 100 0.3
Task 73 400 0.1825
Task 71 400 0.1775
Task 42 400 0.105
Task 9 100 0.09
Task 10 200 0.05
Task 40 800 0.05
Task 5 100 0.05
GW 1.97
Task 168 200 0.84
Task 31 100 0.31
Task 50 400 0.125
Task 11 100 0.11
Task 44 400 0.11
Task 21 200 0.105
Task 84 800 0.105
Task 19 200 0.095
Task 72 800 0.09
Task 16 200 0.08
GW 0.3
Task 300 1000 0.3
-------------
092
-------------
GW 1.9775
Task 293 400 0.7325
Task 107 200 0.535
Task 129 800 0.16125
Task 63 400 0.1575
Task 45 400 0.1125
Task 61 800 0.07625
Task 5 100 0.05
Task 21 400 0.0525
Task 5 100 0.05
Task 5 100 0.05
GW 1.97625
Task 60 100 0.6
Task 233 800 0.29125
Task 110 400 0.275
Task 20 100 0.2
Task 80 400 0.2
Task 104 800 0.13
Task 39 400 0.0975
Task 26 400 0.065
Task 6 100 0.06
Task 23 400 0.0575
GW 0.3
Task 300 1000 0.3
-------------
093
-------------
GW 1.9675
Task 48 100 0.48
Task 330 800 0.4125
Task 294 800 0.3675
Task 33 200 0.165
Task 16 100 0.16
Task 16 100 0.16
Task 13 200 0.065
Task 5 100 0.05
Task 11 200 0.055
Task 42 800 0.0525
GW 1.97875
Task 174 200 0.87
Task 238 800 0.2975
Task 18 100 0.18
Task 71 400 0.1775
Task 104 800 0.13
Task 72 800 0.09
Task 53 800 0.06625
Task 6 100 0.06
Task 11 200 0.055
Task 21 400 0.0525
GW 0.3
Task 300 1000 0.3
-------------
094
-------------
GW 1.975
Task 59 100 0.59
Task 460 800 0.575
Task 342 800 0.4275
Task 29 400 0.0725
Task 6 100 0.06
Task 5 100 0.05
Task 5 100 0.05
Task 5 100 0.05
Task 40 800 0.05
Task 20 400 0.05
GW 1.995
Task 345 400 0.8625
Task 89 200 0.445
Task 250 800 0.3125
Task 7 100 0.07
Task 22 400 0.055
Task 5 100 0.05
Task 40 800 0.05
Task 5 100 0.05
Task 20 400 0.05
Task 10 200 0.05
GW 0.3
Task 300 1000 0.3
-------------
095
-------------
GW 1.98375
Task 368 400 0.92
Task 233 800 0.29125
Task 94 400 0.235
Task 81 400 0.2025
Task 14 200 0.07
Task 6 100 0.06
Task 22 400 0.055
Task 5 100 0.05
Task 10 200 0.05
Task 40 800 0.05
GW 1.9925
Task 345 400 0.8625
Task 143 200 0.715
Task 13 200 0.065
Task 20 400 0.05
Task 40 800 0.05
Task 40 800 0.05
Task 5 100 0.05
Task 10 200 0.05
Task 5 100 0.05
Task 5 100 0.05
GW 0.3
Task 300 1000 0.3
-------------
096
-------------
GW 1.9825
Task 327 400 0.8175
Task 54 200 0.27
Task 45 200 0.225
Task 178 800 0.2225
Task 122 800 0.1525
Task 34 400 0.085
Task 6 100 0.06
Task 5 100 0.05
Task 5 100 0.05
Task 5 100 0.05
GW 1.9925
Task 156 200 0.78
Task 268 400 0.67
Task 141 800 0.17625
Task 12 200 0.06
Task 22 400 0.055
Task 41 800 0.05125
Task 20 400 0.05
Task 5 100 0.05
Task 10 200 0.05
Task 5 100 0.05
GW 0.3
Task 300 1000 0.3
-------------
097
-------------
GW 1.9825
Task 54 100 0.54
Task 66 200 0.33
Task 201 800 0.25125
Task 97 400 0.2425
Task 143 800 0.17875
Task 17 100 0.17
Task 24 200 0.12
Task 10 200 0.05
Task 10 200 0.05
Task 20 400 0.05
GW 1.955
Task 98 100 0.98
Task 28 100 0.28
Task 21 100 0.21
Task 20 200 0.1
Task 20 200 0.1
Task 8 100 0.08
Task 22 400 0.055
Task 20 400 0.05
Task 10 200 0.05
Task 10 200 0.05
GW 0.3
Task 300 1000 0.3
-------------
098
-------------
GW 1.975
Task 69 100 0.69
Task 508 800 0.635
Task 47 200 0.235
Task 10 100 0.1
Task 12 200 0.06
Task 42 800 0.0525
Task 41 800 0.05125
Task 41 800 0.05125
Task 5 100 0.05
Task 5 100 0.05
GW 1.98125
Task 348 400 0.87
Task 436 800 0.545
Task 117 800 0.14625
Task 24 200 0.12
Task 5 100 0.05
Task 10 200 0.05
Task 20 400 0.05
Task 20 400 0.05
Task 40 800 0.05
Task 20 400 0.05
GW 0.3
Task 300 1000 0.3
-------------
099
-------------
GW 1.97625
Task 665 800 0.83125
Task 46 100 0.46
Task 56 400 0.14
Task 13 100 0.13
Task 11 100 0.11
Task 84 800 0.105
Task 20 400 0.05
Task 10 200 0.05
Task 5 100 0.05
Task 10 200 0.05
GW 1.9725
Task 259 400 0.6475
Task 54 100 0.54
Task 155 400 0.3875
Task 8 100 0.08
Task 25 400 0.0625
Task 11 200 0.055
Task 5 100 0.05
Task 5 100 0.05
Task 5 100 0.05
Task 10 200 0.05
GW 0.3
Task 300 1000 0.3
-------------
100
-------------
