GW 1.98625
Task 556 800 0.695
Task 29 100 0.29
Task 15 100 0.15
Task 10 200 0.05
Task 20 400 0.05
Task 41 800 0.05125
Task 5 100 0.05
Task 10 200 0.05
Task 20 400 0.05
Task 5 100 0.05
Task 10 200 0.05
Task 10 200 0.05
Task 20 400 0.05
Task 10 200 0.05
Task 20 400 0.05
Task 5 100 0.05
Task 20 400 0.05
Task 40 800 0.05
Task 40 800 0.05
Task 20 400 0.05
GW 1.975
Task 121 200 0.605
Task 23 100 0.23
Task 19 100 0.19
Task 10 100 0.1
Task 19 200 0.095
Task 11 200 0.055
Task 10 200 0.05
Task 40 800 0.05
Task 20 400 0.05
Task 5 100 0.05
Task 5 100 0.05
Task 20 400 0.05
Task 10 200 0.05
Task 10 200 0.05
Task 20 400 0.05
Task 10 200 0.05
Task 5 100 0.05
Task 40 800 0.05
Task 10 200 0.05
Task 20 400 0.05
GW 0.3
Task 300 1000 0.3
-------------
001
-------------
GW 1.99
Task 373 800 0.46625
Task 354 800 0.4425
Task 130 800 0.1625
Task 95 800 0.11875
Task 5 100 0.05
Task 10 200 0.05
Task 20 400 0.05
Task 40 800 0.05
Task 10 200 0.05
Task 10 200 0.05
Task 20 400 0.05
Task 10 200 0.05
Task 20 400 0.05
Task 10 200 0.05
Task 5 100 0.05
Task 5 100 0.05
Task 5 100 0.05
Task 40 800 0.05
Task 40 800 0.05
Task 20 400 0.05
GW 1.98875
Task 257 400 0.6425
Task 60 200 0.3
Task 28 200 0.14
Task 39 400 0.0975
Task 47 800 0.05875
Task 20 400 0.05
Task 40 800 0.05
Task 5 100 0.05
Task 10 200 0.05
Task 20 400 0.05
Task 20 400 0.05
Task 40 800 0.05
Task 20 400 0.05
Task 5 100 0.05
Task 40 800 0.05
Task 5 100 0.05
Task 10 200 0.05
Task 5 100 0.05
Task 40 800 0.05
Task 10 200 0.05
GW 0.3
Task 300 1000 0.3
-------------
002
-------------
GW 1.9825
Task 686 800 0.8575
Task 27 200 0.135
Task 19 200 0.095
Task 17 200 0.085
Task 12 200 0.06
Task 10 200 0.05
Task 10 200 0.05
Task 10 200 0.05
Task 5 100 0.05
Task 5 100 0.05
Task 40 800 0.05
Task 20 400 0.05
Task 10 200 0.05
Task 20 400 0.05
Task 5 100 0.05
Task 40 800 0.05
Task 10 200 0.05
Task 10 200 0.05
Task 5 100 0.05
Task 40 800 0.05
GW 1.99125
Task 659 800 0.82375
Task 75 400 0.1875
Task 31 400 0.0775
Task 15 200 0.075
Task 54 800 0.0675
Task 6 100 0.06
Task 10 200 0.05
Task 20 400 0.05
Task 5 100 0.05
Task 10 200 0.05
Task 40 800 0.05
Task 40 800 0.05
Task 20 400 0.05
Task 20 400 0.05
Task 10 200 0.05
Task 5 100 0.05
Task 5 100 0.05
Task 40 800 0.05
Task 40 800 0.05
Task 10 200 0.05
GW 0.3
Task 300 1000 0.3
-------------
003
-------------
GW 1.9925
Task 322 800 0.4025
Task 291 800 0.36375
Task 217 800 0.27125
Task 22 200 0.11
Task 38 400 0.095
Task 5 100 0.05
Task 10 200 0.05
Task 5 100 0.05
Task 40 800 0.05
Task 40 800 0.05
Task 5 100 0.05
Task 10 200 0.05
Task 5 100 0.05
Task 10 200 0.05
Task 10 200 0.05
Task 20 400 0.05
Task 10 200 0.05
Task 20 400 0.05
Task 40 800 0.05
Task 40 800 0.05
GW 1.99625
Task 758 800 0.9475
Task 93 800 0.11625
Task 50 800 0.0625
Task 6 100 0.06
Task 47 800 0.05875
Task 41 800 0.05125
Task 5 100 0.05
Task 20 400 0.05
Task 40 800 0.05
Task 10 200 0.05
Task 10 200 0.05
Task 20 400 0.05
Task 20 400 0.05
Task 20 400 0.05
Task 5 100 0.05
Task 20 400 0.05
Task 10 200 0.05
Task 5 100 0.05
Task 40 800 0.05
Task 5 100 0.05
GW 0.3
Task 300 1000 0.3
-------------
004
-------------
GW 1.9825
Task 193 400 0.4825
Task 76 200 0.38
Task 38 200 0.19
Task 20 200 0.1
Task 7 100 0.07
Task 12 200 0.06
Task 5 100 0.05
Task 10 200 0.05
Task 20 400 0.05
Task 40 800 0.05
Task 10 200 0.05
Task 20 400 0.05
Task 40 800 0.05
Task 10 200 0.05
Task 10 200 0.05
Task 40 800 0.05
Task 5 100 0.05
Task 20 400 0.05
Task 20 400 0.05
Task 5 100 0.05
GW 1.97375
Task 108 200 0.54
Task 78 200 0.39
Task 16 100 0.16
Task 6 100 0.06
Task 6 100 0.06
Task 48 800 0.06
Task 42 800 0.0525
Task 41 800 0.05125
Task 20 400 0.05
Task 40 800 0.05
Task 10 200 0.05
Task 20 400 0.05
Task 40 800 0.05
Task 10 200 0.05
Task 5 100 0.05
Task 5 100 0.05
Task 5 100 0.05
Task 5 100 0.05
Task 5 100 0.05
Task 10 200 0.05
GW 0.3
Task 300 1000 0.3
-------------
005
-------------
GW 1.98
Task 241 400 0.6025
Task 28 100 0.28
Task 63 400 0.1575
Task 14 100 0.14
Task 5 100 0.05
Task 5 100 0.05
Task 40 800 0.05
Task 5 100 0.05
Task 10 200 0.05
Task 5 100 0.05
Task 10 200 0.05
Task 20 400 0.05
Task 5 100 0.05
Task 5 100 0.05
Task 40 800 0.05
Task 40 800 0.05
Task 10 200 0.05
Task 10 200 0.05
Task 5 100 0.05
Task 40 800 0.05
GW 1.97
Task 418 800 0.5225
Task 109 400 0.2725
Task 58 400 0.145
Task 14 100 0.14
Task 10 100 0.1
Task 8 100 0.08
Task 22 400 0.055
Task 5 100 0.05
Task 11 200 0.055
Task 40 800 0.05
Task 40 800 0.05
Task 20 400 0.05
Task 10 200 0.05
Task 10 200 0.05
Task 5 100 0.05
Task 5 100 0.05
Task 40 800 0.05
Task 40 800 0.05
Task 40 800 0.05
Task 20 400 0.05
GW 0.3
Task 300 1000 0.3
-------------
006
-------------
GW 1.98125
Task 115 200 0.575
Task 80 200 0.4
Task 31 200 0.155
Task 5 100 0.05
Task 41 800 0.05125
Task 10 200 0.05
Task 20 400 0.05
Task 5 100 0.05
Task 10 200 0.05
Task 10 200 0.05
Task 20 400 0.05
Task 5 100 0.05
Task 20 400 0.05
Task 20 400 0.05
Task 40 800 0.05
Task 20 400 0.05
Task 20 400 0.05
Task 40 800 0.05
Task 40 800 0.05
Task 10 200 0.05
GW 1.99
Task 331 400 0.8275
Task 17 100 0.17
Task 114 800 0.1425
Task 5 100 0.05
Task 10 200 0.05
Task 10 200 0.05
Task 5 100 0.05
Task 10 200 0.05
Task 40 800 0.05
Task 5 100 0.05
Task 20 400 0.05
Task 10 200 0.05
Task 10 200 0.05
Task 10 200 0.05
Task 20 400 0.05
Task 40 800 0.05
Task 5 100 0.05
Task 20 400 0.05
Task 20 400 0.05
Task 10 200 0.05
GW 0.3
Task 300 1000 0.3
-------------
007
-------------
GW 1.9775
Task 166 400 0.415
Task 143 400 0.3575
Task 61 400 0.1525
Task 56 400 0.14
Task 90 800 0.1125
Task 20 200 0.1
Task 5 100 0.05
Task 5 100 0.05
Task 10 200 0.05
Task 20 400 0.05
Task 40 800 0.05
Task 20 400 0.05
Task 5 100 0.05
Task 40 800 0.05
Task 10 200 0.05
Task 10 200 0.05
Task 5 100 0.05
Task 10 200 0.05
Task 10 200 0.05
Task 20 400 0.05
GW 1.9925
Task 574 800 0.7175
Task 143 800 0.17875
Task 68 400 0.17
Task 9 100 0.09
Task 34 400 0.085
Task 41 800 0.05125
Task 5 100 0.05
Task 20 400 0.05
Task 10 200 0.05
Task 40 800 0.05
Task 5 100 0.05
Task 40 800 0.05
Task 5 100 0.05
Task 20 400 0.05
Task 10 200 0.05
Task 20 400 0.05
Task 20 400 0.05
Task 5 100 0.05
Task 20 400 0.05
Task 40 800 0.05
GW 0.3
Task 300 1000 0.3
-------------
008
-------------
GW 1.98375
Task 225 400 0.5625
Task 23 100 0.23
Task 181 800 0.22625
Task 45 400 0.1125
Task 18 200 0.09
Task 6 100 0.06
Task 21 400 0.0525
Task 5 100 0.05
Task 40 800 0.05
Task 5 100 0.05
Task 20 400 0.05
Task 5 100 0.05
Task 20 400 0.05
Task 5 100 0.05
Task 10 200 0.05
Task 10 200 0.05
Task 40 800 0.05
Task 10 200 0.05
Task 10 200 0.05
Task 5 100 0.05
GW 1.99625
Task 211 400 0.5275
Task 105 200 0.525
Task 30 400 0.075
Task 55 800 0.06875
Task 40 800 0.05
Task 5 100 0.05
Task 20 400 0.05
Task 5 100 0.05
Task 20 400 0.05
Task 5 100 0.05
Task 20 400 0.05
Task 20 400 0.05
Task 10 200 0.05
Task 20 400 0.05
Task 10 200 0.05
Task 20 400 0.05
Task 10 200 0.05
Task 10 200 0.05
Task 5 100 0.05
Task 10 200 0.05
GW 0.3
Task 300 1000 0.3
-------------
009
-------------
GW 1.99
Task 183 200 0.915
Task 139 800 0.17375
Task 5 100 0.05
Task 41 800 0.05125
Task 10 200 0.05
Task 10 200 0.05
Task 5 100 0.05
Task 40 800 0.05
Task 5 100 0.05
Task 5 100 0.05
Task 40 800 0.05
Task 10 200 0.05
Task 5 100 0.05
Task 10 200 0.05
Task 10 200 0.05
Task 20 400 0.05
Task 20 400 0.05
Task 20 400 0.05
Task 40 800 0.05
Task 40 800 0.05
GW 1.985
Task 31 100 0.31
Task 125 400 0.3125
Task 59 200 0.295
Task 52 400 0.13
Task 48 400 0.12
Task 20 200 0.1
Task 50 800 0.0625
Task 43 800 0.05375
Task 41 800 0.05125
Task 10 200 0.05
Task 20 400 0.05
Task 20 400 0.05
Task 20 400 0.05
Task 5 100 0.05
Task 5 100 0.05
Task 10 200 0.05
Task 10 200 0.05
Task 20 400 0.05
Task 40 800 0.05
Task 40 800 0.05
GW 0.3
Task 300 1000 0.3
-------------
010
-------------
GW 1.98875
Task 251 400 0.6275
Task 293 800 0.36625
Task 16 200 0.08
Task 58 800 0.0725
Task 14 200 0.07
Task 24 400 0.06
Task 43 800 0.05375
Task 43 800 0.05375
Task 43 800 0.05375
Task 5 100 0.05
Task 41 800 0.05125
Task 5 100 0.05
Task 10 200 0.05
Task 10 200 0.05
Task 10 200 0.05
Task 10 200 0.05
Task 10 200 0.05
Task 10 200 0.05
Task 20 400 0.05
Task 10 200 0.05
GW 1.97625
Task 97 100 0.97
Task 9 100 0.09
Task 13 200 0.065
Task 5 100 0.05
Task 10 200 0.05
Task 41 800 0.05125
Task 5 100 0.05
Task 5 100 0.05
Task 40 800 0.05
Task 5 100 0.05
Task 5 100 0.05
Task 20 400 0.05
Task 10 200 0.05
Task 40 800 0.05
Task 20 400 0.05
Task 40 800 0.05
Task 40 800 0.05
Task 40 800 0.05
Task 20 400 0.05
Task 10 200 0.05
GW 0.3
Task 300 1000 0.3
-------------
011
-------------
GW 1.97875
Task 342 400 0.855
Task 26 200 0.13
Task 65 800 0.08125
Task 29 400 0.0725
Task 13 200 0.065
Task 12 200 0.06
Task 12 200 0.06
Task 21 400 0.0525
Task 10 200 0.05
Task 21 400 0.0525
Task 5 100 0.05
Task 40 800 0.05
Task 5 100 0.05
Task 20 400 0.05
Task 40 800 0.05
Task 5 100 0.05
Task 40 800 0.05
Task 20 400 0.05
Task 5 100 0.05
Task 20 400 0.05
GW 1.99
Task 47 100 0.47
Task 67 200 0.335
Task 128 400 0.32
Task 6 100 0.06
Task 22 400 0.055
Task 10 200 0.05
Task 10 200 0.05
Task 5 100 0.05
Task 20 400 0.05
Task 5 100 0.05
Task 20 400 0.05
Task 10 200 0.05
Task 5 100 0.05
Task 40 800 0.05
Task 5 100 0.05
Task 10 200 0.05
Task 10 200 0.05
Task 20 400 0.05
Task 10 200 0.05
Task 10 200 0.05
GW 0.3
Task 300 1000 0.3
-------------
012
-------------
GW 1.985
Task 82 100 0.82
Task 52 200 0.26
Task 11 200 0.055
Task 40 800 0.05
Task 10 200 0.05
Task 5 100 0.05
Task 40 800 0.05
Task 10 200 0.05
Task 10 200 0.05
Task 5 100 0.05
Task 10 200 0.05
Task 10 200 0.05
Task 5 100 0.05
Task 40 800 0.05
Task 40 800 0.05
Task 5 100 0.05
Task 20 400 0.05
Task 40 800 0.05
Task 20 400 0.05
Task 10 200 0.05
GW 1.99
Task 54 100 0.54
Task 268 800 0.335
Task 204 800 0.255
Task 6 100 0.06
Task 20 400 0.05
Task 5 100 0.05
Task 5 100 0.05
Task 5 100 0.05
Task 20 400 0.05
Task 10 200 0.05
Task 5 100 0.05
Task 10 200 0.05
Task 40 800 0.05
Task 40 800 0.05
Task 10 200 0.05
Task 5 100 0.05
Task 10 200 0.05
Task 10 200 0.05
Task 10 200 0.05
Task 20 400 0.05
GW 0.3
Task 300 1000 0.3
-------------
013
-------------
GW 1.98125
Task 429 800 0.53625
Task 143 400 0.3575
Task 116 800 0.145
Task 78 800 0.0975
Task 8 100 0.08
Task 12 200 0.06
Task 44 800 0.055
Task 5 100 0.05
Task 10 200 0.05
Task 40 800 0.05
Task 5 100 0.05
Task 10 200 0.05
Task 5 100 0.05
Task 20 400 0.05
Task 20 400 0.05
Task 40 800 0.05
Task 10 200 0.05
Task 20 400 0.05
Task 40 800 0.05
Task 5 100 0.05
GW 1.98875
Task 133 200 0.665
Task 93 400 0.2325
Task 126 800 0.1575
Task 39 400 0.0975
Task 29 400 0.0725
Task 49 800 0.06125
Task 10 200 0.05
Task 42 800 0.0525
Task 20 400 0.05
Task 20 400 0.05
Task 40 800 0.05
Task 20 400 0.05
Task 10 200 0.05
Task 40 800 0.05
Task 10 200 0.05
Task 10 200 0.05
Task 5 100 0.05
Task 10 200 0.05
Task 40 800 0.05
Task 5 100 0.05
GW 0.3
Task 300 1000 0.3
-------------
014
-------------
GW 1.97875
Task 68 100 0.68
Task 68 200 0.34
Task 10 100 0.1
Task 22 400 0.055
Task 43 800 0.05375
Task 5 100 0.05
Task 20 400 0.05
Task 40 800 0.05
Task 20 400 0.05
Task 10 200 0.05
Task 10 200 0.05
Task 5 100 0.05
Task 20 400 0.05
Task 5 100 0.05
Task 40 800 0.05
Task 40 800 0.05
Task 40 800 0.05
Task 40 800 0.05
Task 20 400 0.05
Task 20 400 0.05
GW 1.9875
Task 95 200 0.475
Task 71 200 0.355
Task 140 800 0.175
Task 57 400 0.1425
Task 14 200 0.07
Task 25 400 0.0625
Task 45 800 0.05625
Task 5 100 0.05
Task 41 800 0.05125
Task 40 800 0.05
Task 20 400 0.05
Task 5 100 0.05
Task 20 400 0.05
Task 40 800 0.05
Task 20 400 0.05
Task 40 800 0.05
Task 40 800 0.05
Task 20 400 0.05
Task 5 100 0.05
Task 20 400 0.05
GW 0.3
Task 300 1000 0.3
-------------
015
-------------
GW 1.9825
Task 305 400 0.7625
Task 200 800 0.25
Task 11 100 0.11
Task 11 200 0.055
Task 22 400 0.055
Task 10 200 0.05
Task 5 100 0.05
Task 10 200 0.05
Task 20 400 0.05
Task 20 400 0.05
Task 40 800 0.05
Task 40 800 0.05
Task 20 400 0.05
Task 10 200 0.05
Task 5 100 0.05
Task 40 800 0.05
Task 10 200 0.05
Task 5 100 0.05
Task 20 400 0.05
Task 40 800 0.05
GW 1.985
Task 67 100 0.67
Task 30 100 0.3
Task 39 400 0.0975
Task 66 800 0.0825
Task 28 400 0.07
Task 13 200 0.065
Task 20 400 0.05
Task 5 100 0.05
Task 20 400 0.05
Task 20 400 0.05
Task 20 400 0.05
Task 40 800 0.05
Task 20 400 0.05
Task 5 100 0.05
Task 10 200 0.05
Task 40 800 0.05
Task 20 400 0.05
Task 5 100 0.05
Task 5 100 0.05
Task 20 400 0.05
GW 0.3
Task 300 1000 0.3
-------------
016
-------------
GW 1.9875
Task 131 400 0.3275
Task 98 400 0.245
Task 185 800 0.23125
Task 71 400 0.1775
Task 55 400 0.1375
Task 20 200 0.1
Task 71 800 0.08875
Task 7 100 0.07
Task 12 200 0.06
Task 5 100 0.05
Task 20 400 0.05
Task 20 400 0.05
Task 40 800 0.05
Task 5 100 0.05
Task 10 200 0.05
Task 10 200 0.05
Task 5 100 0.05
Task 40 800 0.05
Task 10 200 0.05
Task 5 100 0.05
GW 1.9775
Task 143 200 0.715
Task 32 100 0.32
Task 14 200 0.07
Task 56 800 0.07
Task 42 800 0.0525
Task 5 100 0.05
Task 10 200 0.05
Task 10 200 0.05
Task 40 800 0.05
Task 20 400 0.05
Task 10 200 0.05
Task 40 800 0.05
Task 10 200 0.05
Task 5 100 0.05
Task 5 100 0.05
Task 10 200 0.05
Task 40 800 0.05
Task 40 800 0.05
Task 5 100 0.05
Task 40 800 0.05
GW 0.3
Task 300 1000 0.3
-------------
017
-------------
GW 1.98875
Task 78 100 0.78
Task 76 400 0.19
Task 15 100 0.15
Task 55 800 0.06875
Task 20 400 0.05
Task 20 400 0.05
Task 20 400 0.05
Task 5 100 0.05
Task 5 100 0.05
Task 40 800 0.05
Task 10 200 0.05
Task 20 400 0.05
Task 10 200 0.05
Task 5 100 0.05
Task 10 200 0.05
Task 20 400 0.05
Task 20 400 0.05
Task 20 400 0.05
Task 10 200 0.05
Task 10 200 0.05
GW 1.96875
Task 359 800 0.44875
Task 50 200 0.25
Task 21 100 0.21
Task 16 100 0.16
Task 12 100 0.12
Task 7 100 0.07
Task 12 200 0.06
Task 20 400 0.05
Task 40 800 0.05
Task 10 200 0.05
Task 20 400 0.05
Task 5 100 0.05
Task 10 200 0.05
Task 40 800 0.05
Task 20 400 0.05
Task 40 800 0.05
Task 40 800 0.05
Task 5 100 0.05
Task 40 800 0.05
Task 20 400 0.05
GW 0.3
Task 300 1000 0.3
-------------
018
-------------
GW 1.9625
Task 53 100 0.53
Task 153 800 0.19125
Task 151 800 0.18875
Task 23 200 0.115
Task 79 800 0.09875
Task 38 400 0.095
Task 53 800 0.06625
Task 6 100 0.06
Task 48 800 0.06
Task 5 100 0.05
Task 11 200 0.055
Task 21 400 0.0525
Task 20 400 0.05
Task 5 100 0.05
Task 20 400 0.05
Task 20 400 0.05
Task 20 400 0.05
Task 5 100 0.05
Task 40 800 0.05
Task 40 800 0.05
GW 1.98
Task 750 800 0.9375
Task 95 800 0.11875
Task 6 100 0.06
Task 6 100 0.06
Task 21 400 0.0525
Task 41 800 0.05125
Task 5 100 0.05
Task 40 800 0.05
Task 10 200 0.05
Task 40 800 0.05
Task 20 400 0.05
Task 5 100 0.05
Task 5 100 0.05
Task 5 100 0.05
Task 40 800 0.05
Task 10 200 0.05
Task 10 200 0.05
Task 40 800 0.05
Task 10 200 0.05
Task 5 100 0.05
GW 0.3
Task 300 1000 0.3
-------------
019
-------------
GW 1.97375
Task 759 800 0.94875
Task 64 800 0.08
Task 7 100 0.07
Task 6 100 0.06
Task 11 200 0.055
Task 22 400 0.055
Task 44 800 0.055
Task 5 100 0.05
Task 5 100 0.05
Task 20 400 0.05
Task 10 200 0.05
Task 5 100 0.05
Task 20 400 0.05
Task 5 100 0.05
Task 10 200 0.05
Task 5 100 0.05
Task 10 200 0.05
Task 10 200 0.05
Task 20 400 0.05
Task 5 100 0.05
GW 1.9825
Task 413 800 0.51625
Task 175 400 0.4375
Task 37 400 0.0925
Task 74 800 0.0925
Task 13 200 0.065
Task 26 400 0.065
Task 6 100 0.06
Task 10 200 0.05
Task 21 400 0.0525
Task 41 800 0.05125
Task 10 200 0.05
Task 40 800 0.05
Task 20 400 0.05
Task 5 100 0.05
Task 5 100 0.05
Task 40 800 0.05
Task 40 800 0.05
Task 40 800 0.05
Task 5 100 0.05
Task 20 400 0.05
GW 0.3
Task 300 1000 0.3
-------------
020
-------------
GW 1.97625
Task 445 800 0.55625
Task 140 400 0.35
Task 14 100 0.14
Task 29 400 0.0725
Task 27 400 0.0675
Task 27 400 0.0675
Task 25 400 0.0625
Task 6 100 0.06
Task 20 400 0.05
Task 40 800 0.05
Task 40 800 0.05
Task 5 100 0.05
Task 20 400 0.05
Task 40 800 0.05
Task 10 200 0.05
Task 10 200 0.05
Task 20 400 0.05
Task 20 400 0.05
Task 20 400 0.05
Task 5 100 0.05
GW 1.97875
Task 577 800 0.72125
Task 24 100 0.24
Task 42 400 0.105
Task 15 200 0.075
Task 60 800 0.075
Task 6 100 0.06
Task 21 400 0.0525
Task 10 200 0.05
Task 10 200 0.05
Task 5 100 0.05
Task 40 800 0.05
Task 20 400 0.05
Task 5 100 0.05
Task 20 400 0.05
Task 5 100 0.05
Task 5 100 0.05
Task 20 400 0.05
Task 5 100 0.05
Task 20 400 0.05
Task 20 400 0.05
GW 0.3
Task 300 1000 0.3
-------------
021
-------------
GW 1.98
Task 127 200 0.635
Task 252 800 0.315
Task 15 100 0.15
Task 28 400 0.07
Task 12 200 0.06
Task 10 200 0.05
Task 20 400 0.05
Task 20 400 0.05
Task 40 800 0.05
Task 5 100 0.05
Task 10 200 0.05
Task 40 800 0.05
Task 5 100 0.05
Task 5 100 0.05
Task 20 400 0.05
Task 5 100 0.05
Task 5 100 0.05
Task 20 400 0.05
Task 40 800 0.05
Task 40 800 0.05
GW 1.99375
Task 641 800 0.80125
Task 211 800 0.26375
Task 63 800 0.07875
Task 10 200 0.05
Task 10 200 0.05
Task 10 200 0.05
Task 40 800 0.05
Task 20 400 0.05
Task 5 100 0.05
Task 40 800 0.05
Task 20 400 0.05
Task 5 100 0.05
Task 5 100 0.05
Task 40 800 0.05
Task 40 800 0.05
Task 20 400 0.05
Task 40 800 0.05
Task 5 100 0.05
Task 40 800 0.05
Task 10 200 0.05
GW 0.3
Task 300 1000 0.3
-------------
022
-------------
GW 1.985
Task 200 400 0.5
Task 77 200 0.385
Task 95 800 0.11875
Task 11 100 0.11
Task 82 800 0.1025
Task 51 800 0.06375
Task 44 800 0.055
Task 10 200 0.05
Task 40 800 0.05
Task 20 400 0.05
Task 40 800 0.05
Task 5 100 0.05
Task 20 400 0.05
Task 20 400 0.05
Task 20 400 0.05
Task 20 400 0.05
Task 10 200 0.05
Task 10 200 0.05
Task 5 100 0.05
Task 5 100 0.05
GW 1.98125
Task 148 200 0.74
Task 30 200 0.15
Task 112 800 0.14
Task 85 800 0.10625
Task 19 200 0.095
Task 5 100 0.05
Task 5 100 0.05
Task 5 100 0.05
Task 20 400 0.05
Task 5 100 0.05
Task 10 200 0.05
Task 5 100 0.05
Task 20 400 0.05
Task 20 400 0.05
Task 5 100 0.05
Task 40 800 0.05
Task 20 400 0.05
Task 20 400 0.05
Task 5 100 0.05
Task 20 400 0.05
GW 0.3
Task 300 1000 0.3
-------------
023
-------------
GW 1.96875
Task 295 800 0.36875
Task 28 100 0.28
Task 167 800 0.20875
Task 80 400 0.2
Task 26 200 0.13
Task 14 200 0.07
Task 47 800 0.05875
Task 5 100 0.05
Task 21 400 0.0525
Task 10 200 0.05
Task 10 200 0.05
Task 5 100 0.05
Task 10 200 0.05
Task 40 800 0.05
Task 5 100 0.05
Task 40 800 0.05
Task 40 800 0.05
Task 5 100 0.05
Task 20 400 0.05
Task 40 800 0.05
GW 1.985
Task 94 100 0.94
Task 27 200 0.135
Task 6 100 0.06
Task 10 200 0.05
Task 5 100 0.05
Task 20 400 0.05
Task 10 200 0.05
Task 10 200 0.05
Task 20 400 0.05
Task 5 100 0.05
Task 5 100 0.05
Task 10 200 0.05
Task 5 100 0.05
Task 40 800 0.05
Task 20 400 0.05
Task 20 400 0.05
Task 5 100 0.05
Task 10 200 0.05
Task 20 400 0.05
Task 10 200 0.05
GW 0.3
Task 300 1000 0.3
-------------
024
-------------
GW 1.965
Task 81 100 0.81
Task 32 200 0.16
Task 14 100 0.14
Task 5 100 0.05
Task 5 100 0.05
Task 43 800 0.05375
Task 5 100 0.05
Task 41 800 0.05125
Task 10 200 0.05
Task 10 200 0.05
Task 20 400 0.05
Task 40 800 0.05
Task 20 400 0.05
Task 10 200 0.05
Task 10 200 0.05
Task 20 400 0.05
Task 20 400 0.05
Task 20 400 0.05
Task 10 200 0.05
Task 40 800 0.05
GW 1.98125
Task 65 100 0.65
Task 57 200 0.285
Task 9 100 0.09
Task 33 400 0.0825
Task 8 100 0.08
Task 14 200 0.07
Task 13 200 0.065
Task 45 800 0.05625
Task 21 400 0.0525
Task 5 100 0.05
Task 10 200 0.05
Task 40 800 0.05
Task 10 200 0.05
Task 20 400 0.05
Task 5 100 0.05
Task 20 400 0.05
Task 20 400 0.05
Task 10 200 0.05
Task 5 100 0.05
Task 10 200 0.05
GW 0.3
Task 300 1000 0.3
-------------
025
-------------
GW 1.98875
Task 65 100 0.65
Task 269 800 0.33625
Task 118 800 0.1475
Task 42 800 0.0525
Task 42 800 0.0525
Task 10 200 0.05
Task 10 200 0.05
Task 5 100 0.05
Task 20 400 0.05
Task 20 400 0.05
Task 40 800 0.05
Task 20 400 0.05
Task 20 400 0.05
Task 5 100 0.05
Task 5 100 0.05
Task 40 800 0.05
Task 5 100 0.05
Task 5 100 0.05
Task 40 800 0.05
Task 40 800 0.05
GW 1.985
Task 36 100 0.36
Task 31 100 0.31
Task 29 100 0.29
Task 180 800 0.225
Task 5 100 0.05
Task 40 800 0.05
Task 10 200 0.05
Task 10 200 0.05
Task 10 200 0.05
Task 10 200 0.05
Task 40 800 0.05
Task 40 800 0.05
Task 20 400 0.05
Task 20 400 0.05
Task 40 800 0.05
Task 40 800 0.05
Task 40 800 0.05
Task 5 100 0.05
Task 20 400 0.05
Task 20 400 0.05
GW 0.3
Task 300 1000 0.3
-------------
026
-------------
GW 1.995
Task 511 800 0.63875
Task 36 100 0.36
Task 35 400 0.0875
Task 62 800 0.0775
Task 54 800 0.0675
Task 25 400 0.0625
Task 41 800 0.05125
Task 5 100 0.05
Task 10 200 0.05
Task 20 400 0.05
Task 40 800 0.05
Task 20 400 0.05
Task 10 200 0.05
Task 5 100 0.05
Task 5 100 0.05
Task 20 400 0.05
Task 10 200 0.05
Task 40 800 0.05
Task 5 100 0.05
Task 5 100 0.05
GW 1.9775
Task 33 100 0.33
Task 109 400 0.2725
Task 23 100 0.23
Task 17 100 0.17
Task 26 200 0.13
Task 44 400 0.11
Task 28 400 0.07
Task 12 200 0.06
Task 22 400 0.055
Task 10 200 0.05
Task 20 400 0.05
Task 5 100 0.05
Task 5 100 0.05
Task 20 400 0.05
Task 10 200 0.05
Task 20 400 0.05
Task 10 200 0.05
Task 20 400 0.05
Task 5 100 0.05
Task 40 800 0.05
GW 0.3
Task 300 1000 0.3
-------------
027
-------------
GW 1.985
Task 285 400 0.7125
Task 112 400 0.28
Task 106 800 0.1325
Task 6 100 0.06
Task 5 100 0.05
Task 40 800 0.05
Task 10 200 0.05
Task 20 400 0.05
Task 10 200 0.05
Task 40 800 0.05
Task 5 100 0.05
Task 20 400 0.05
Task 5 100 0.05
Task 10 200 0.05
Task 20 400 0.05
Task 20 400 0.05
Task 20 400 0.05
Task 10 200 0.05
Task 5 100 0.05
Task 10 200 0.05
GW 1.965
Task 150 200 0.75
Task 27 100 0.27
Task 8 100 0.08
Task 12 200 0.06
Task 11 200 0.055
Task 5 100 0.05
Task 5 100 0.05
Task 40 800 0.05
Task 10 200 0.05
Task 40 800 0.05
Task 10 200 0.05
Task 5 100 0.05
Task 5 100 0.05
Task 20 400 0.05
Task 20 400 0.05
Task 10 200 0.05
Task 10 200 0.05
Task 20 400 0.05
Task 20 400 0.05
Task 5 100 0.05
GW 0.3
Task 300 1000 0.3
-------------
028
-------------
GW 1.98875
Task 561 800 0.70125
Task 59 200 0.295
Task 49 400 0.1225
Task 48 800 0.06
Task 6 100 0.06
Task 20 400 0.05
Task 5 100 0.05
Task 10 200 0.05
Task 5 100 0.05
Task 10 200 0.05
Task 40 800 0.05
Task 5 100 0.05
Task 40 800 0.05
Task 40 800 0.05
Task 40 800 0.05
Task 5 100 0.05
Task 40 800 0.05
Task 20 400 0.05
Task 40 800 0.05
Task 40 800 0.05
GW 1.9825
Task 267 400 0.6675
Task 27 100 0.27
Task 116 800 0.145
Task 18 200 0.09
Task 24 400 0.06
Task 10 200 0.05
Task 20 400 0.05
Task 5 100 0.05
Task 10 200 0.05
Task 5 100 0.05
Task 10 200 0.05
Task 40 800 0.05
Task 10 200 0.05
Task 40 800 0.05
Task 5 100 0.05
Task 10 200 0.05
Task 20 400 0.05
Task 10 200 0.05
Task 40 800 0.05
Task 10 200 0.05
GW 0.3
Task 300 1000 0.3
-------------
029
-------------
GW 1.99
Task 60 100 0.6
Task 52 200 0.26
Task 84 400 0.21
Task 68 800 0.085
Task 64 800 0.08
Task 11 200 0.055
Task 20 400 0.05
Task 40 800 0.05
Task 20 400 0.05
Task 40 800 0.05
Task 5 100 0.05
Task 40 800 0.05
Task 10 200 0.05
Task 10 200 0.05
Task 20 400 0.05
Task 5 100 0.05
Task 40 800 0.05
Task 5 100 0.05
Task 5 100 0.05
Task 20 400 0.05
GW 1.9875
Task 191 200 0.955
Task 13 100 0.13
Task 42 800 0.0525
Task 20 400 0.05
Task 40 800 0.05
Task 5 100 0.05
Task 5 100 0.05
Task 40 800 0.05
Task 5 100 0.05
Task 10 200 0.05
Task 40 800 0.05
Task 40 800 0.05
Task 5 100 0.05
Task 40 800 0.05
Task 20 400 0.05
Task 40 800 0.05
Task 5 100 0.05
Task 40 800 0.05
Task 20 400 0.05
Task 20 400 0.05
GW 0.3
Task 300 1000 0.3
-------------
030
-------------
GW 1.97875
Task 46 100 0.46
Task 32 100 0.32
Task 80 400 0.2
Task 21 200 0.105
Task 20 200 0.1
Task 29 400 0.0725
Task 55 800 0.06875
Task 42 800 0.0525
Task 10 200 0.05
Task 10 200 0.05
Task 10 200 0.05
Task 5 100 0.05
Task 40 800 0.05
Task 10 200 0.05
Task 40 800 0.05
Task 5 100 0.05
Task 40 800 0.05
Task 10 200 0.05
Task 40 800 0.05
Task 40 800 0.05
GW 1.985
Task 57 100 0.57
Task 110 400 0.275
Task 120 800 0.15
Task 108 800 0.135
Task 67 800 0.08375
Task 14 200 0.07
Task 10 200 0.05
Task 41 800 0.05125
Task 10 200 0.05
Task 20 400 0.05
Task 20 400 0.05
Task 20 400 0.05
Task 5 100 0.05
Task 20 400 0.05
Task 10 200 0.05
Task 5 100 0.05
Task 40 800 0.05
Task 20 400 0.05
Task 10 200 0.05
Task 10 200 0.05
GW 0.3
Task 300 1000 0.3
-------------
031
-------------
GW 1.9675
Task 130 200 0.65
Task 33 200 0.165
Task 13 100 0.13
Task 10 100 0.1
Task 41 400 0.1025
Task 67 800 0.08375
Task 63 800 0.07875
Task 5 100 0.05
Task 22 400 0.055
Task 10 200 0.05
Task 42 800 0.0525
Task 10 200 0.05
Task 40 800 0.05
Task 10 200 0.05
Task 20 400 0.05
Task 40 800 0.05
Task 10 200 0.05
Task 10 200 0.05
Task 10 200 0.05
Task 10 200 0.05
GW 1.99375
Task 350 400 0.875
Task 17 100 0.17
Task 53 800 0.06625
Task 50 800 0.0625
Task 6 100 0.06
Task 22 400 0.055
Task 22 400 0.055
Task 20 400 0.05
Task 20 400 0.05
Task 5 100 0.05
Task 10 200 0.05
Task 20 400 0.05
Task 40 800 0.05
Task 10 200 0.05
Task 5 100 0.05
Task 20 400 0.05
Task 20 400 0.05
Task 20 400 0.05
Task 5 100 0.05
Task 5 100 0.05
GW 0.3
Task 300 1000 0.3
-------------
032
-------------
GW 1.9875
Task 574 800 0.7175
Task 37 100 0.37
Task 10 200 0.05
Task 10 200 0.05
Task 10 200 0.05
Task 20 400 0.05
Task 5 100 0.05
Task 20 400 0.05
Task 10 200 0.05
Task 20 400 0.05
Task 10 200 0.05
Task 40 800 0.05
Task 40 800 0.05
Task 40 800 0.05
Task 20 400 0.05
Task 20 400 0.05
Task 10 200 0.05
Task 40 800 0.05
Task 40 800 0.05
Task 20 400 0.05
GW 1.96875
Task 103 200 0.515
Task 23 100 0.23
Task 37 200 0.185
Task 35 200 0.175
Task 41 400 0.1025
Task 5 100 0.05
Task 23 400 0.0575
Task 21 400 0.0525
Task 41 800 0.05125
Task 20 400 0.05
Task 40 800 0.05
Task 5 100 0.05
Task 5 100 0.05
Task 40 800 0.05
Task 5 100 0.05
Task 40 800 0.05
Task 40 800 0.05
Task 10 200 0.05
Task 10 200 0.05
Task 5 100 0.05
GW 0.3
Task 300 1000 0.3
-------------
033
-------------
GW 1.9825
Task 84 100 0.84
Task 23 100 0.23
Task 25 400 0.0625
Task 20 400 0.05
Task 20 400 0.05
Task 40 800 0.05
Task 40 800 0.05
Task 5 100 0.05
Task 20 400 0.05
Task 20 400 0.05
Task 20 400 0.05
Task 20 400 0.05
Task 10 200 0.05
Task 40 800 0.05
Task 20 400 0.05
Task 10 200 0.05
Task 5 100 0.05
Task 20 400 0.05
Task 20 400 0.05
Task 5 100 0.05
GW 1.9725
Task 66 100 0.66
Task 171 800 0.21375
Task 15 100 0.15
Task 86 800 0.1075
Task 7 100 0.07
Task 47 800 0.05875
Task 23 400 0.0575
Task 5 100 0.05
Task 11 200 0.055
Task 5 100 0.05
Task 5 100 0.05
Task 20 400 0.05
Task 20 400 0.05
Task 5 100 0.05
Task 20 400 0.05
Task 5 100 0.05
Task 10 200 0.05
Task 5 100 0.05
Task 10 200 0.05
Task 40 800 0.05
GW 0.3
Task 300 1000 0.3
-------------
034
-------------
GW 1.9825
Task 341 800 0.42625
Task 198 800 0.2475
Task 76 400 0.19
Task 34 200 0.17
Task 13 100 0.13
Task 47 400 0.1175
Task 41 800 0.05125
Task 10 200 0.05
Task 20 400 0.05
Task 10 200 0.05
Task 40 800 0.05
Task 20 400 0.05
Task 40 800 0.05
Task 5 100 0.05
Task 5 100 0.05
Task 5 100 0.05
Task 40 800 0.05
Task 5 100 0.05
Task 20 400 0.05
Task 40 800 0.05
GW 1.9925
Task 578 800 0.7225
Task 21 100 0.21
Task 72 400 0.18
Task 26 400 0.065
Task 12 200 0.06
Task 11 200 0.055
Task 5 100 0.05
Task 10 200 0.05
Task 10 200 0.05
Task 5 100 0.05
Task 40 800 0.05
Task 5 100 0.05
Task 20 400 0.05
Task 10 200 0.05
Task 5 100 0.05
Task 40 800 0.05
Task 5 100 0.05
Task 10 200 0.05
Task 20 400 0.05
Task 40 800 0.05
GW 0.3
Task 300 1000 0.3
-------------
035
-------------
GW 1.9875
Task 77 200 0.385
Task 273 800 0.34125
Task 101 400 0.2525
Task 124 800 0.155
Task 59 800 0.07375
Task 13 200 0.065
Task 47 800 0.05875
Task 11 200 0.055
Task 41 800 0.05125
Task 10 200 0.05
Task 20 400 0.05
Task 5 100 0.05
Task 10 200 0.05
Task 20 400 0.05
Task 40 800 0.05
Task 20 400 0.05
Task 40 800 0.05
Task 10 200 0.05
Task 20 400 0.05
Task 5 100 0.05
GW 1.98875
Task 93 100 0.93
Task 54 400 0.135
Task 7 100 0.07
Task 43 800 0.05375
Task 10 200 0.05
Task 10 200 0.05
Task 5 100 0.05
Task 40 800 0.05
Task 10 200 0.05
Task 5 100 0.05
Task 20 400 0.05
Task 40 800 0.05
Task 5 100 0.05
Task 5 100 0.05
Task 40 800 0.05
Task 10 200 0.05
Task 20 400 0.05
Task 40 800 0.05
Task 5 100 0.05
Task 20 400 0.05
GW 0.3
Task 300 1000 0.3
-------------
036
-------------
GW 1.995
Task 279 400 0.6975
Task 79 200 0.395
Task 42 800 0.0525
Task 5 100 0.05
Task 10 200 0.05
Task 10 200 0.05
Task 10 200 0.05
Task 20 400 0.05
Task 5 100 0.05
Task 5 100 0.05
Task 5 100 0.05
Task 20 400 0.05
Task 40 800 0.05
Task 40 800 0.05
Task 20 400 0.05
Task 10 200 0.05
Task 40 800 0.05
Task 10 200 0.05
Task 5 100 0.05
Task 20 400 0.05
GW 1.99625
Task 656 800 0.82
Task 215 800 0.26875
Task 22 400 0.055
Task 42 800 0.0525
Task 40 800 0.05
Task 20 400 0.05
Task 10 200 0.05
Task 40 800 0.05
Task 10 200 0.05
Task 20 400 0.05
Task 20 400 0.05
Task 40 800 0.05
Task 40 800 0.05
Task 5 100 0.05
Task 5 100 0.05
Task 10 200 0.05
Task 5 100 0.05
Task 20 400 0.05
Task 40 800 0.05
Task 20 400 0.05
GW 0.3
Task 300 1000 0.3
-------------
037
-------------
GW 1.98875
Task 100 200 0.5
Task 247 800 0.30875
Task 98 400 0.245
Task 9 100 0.09
Task 7 100 0.07
Task 13 200 0.065
Task 11 200 0.055
Task 21 400 0.0525
Task 21 400 0.0525
Task 10 200 0.05
Task 40 800 0.05
Task 40 800 0.05
Task 20 400 0.05
Task 40 800 0.05
Task 10 200 0.05
Task 20 400 0.05
Task 20 400 0.05
Task 40 800 0.05
Task 40 800 0.05
Task 5 100 0.05
GW 1.995
Task 66 100 0.66
Task 84 200 0.42
Task 47 800 0.05875
Task 45 800 0.05625
Task 20 400 0.05
Task 10 200 0.05
Task 5 100 0.05
Task 20 400 0.05
Task 5 100 0.05
Task 5 100 0.05
Task 40 800 0.05
Task 10 200 0.05
Task 20 400 0.05
Task 5 100 0.05
Task 10 200 0.05
Task 10 200 0.05
Task 40 800 0.05
Task 5 100 0.05
Task 40 800 0.05
Task 5 100 0.05
GW 0.3
Task 300 1000 0.3
-------------
038
-------------
GW 1.99125
Task 388 800 0.485
Task 74 200 0.37
Task 23 100 0.23
Task 32 400 0.08
Task 30 400 0.075
Task 5 100 0.05
Task 41 800 0.05125
Task 20 400 0.05
Task 40 800 0.05
Task 10 200 0.05
Task 40 800 0.05
Task 40 800 0.05
Task 40 800 0.05
Task 5 100 0.05
Task 40 800 0.05
Task 20 400 0.05
Task 5 100 0.05
Task 5 100 0.05
Task 5 100 0.05
Task 40 800 0.05
GW 1.985
Task 71 100 0.71
Task 48 200 0.24
Task 48 400 0.12
Task 9 100 0.09
Task 49 800 0.06125
Task 6 100 0.06
Task 43 800 0.05375
Task 10 200 0.05
Task 20 400 0.05
Task 20 400 0.05
Task 20 400 0.05
Task 40 800 0.05
Task 10 200 0.05
Task 40 800 0.05
Task 40 800 0.05
Task 20 400 0.05
Task 40 800 0.05
Task 5 100 0.05
Task 40 800 0.05
Task 10 200 0.05
GW 0.3
Task 300 1000 0.3
-------------
039
-------------
GW 1.98875
Task 206 400 0.515
Task 138 400 0.345
Task 127 800 0.15875
Task 15 100 0.15
Task 13 200 0.065
Task 22 400 0.055
Task 20 400 0.05
Task 5 100 0.05
Task 10 200 0.05
Task 5 100 0.05
Task 40 800 0.05
Task 10 200 0.05
Task 10 200 0.05
Task 40 800 0.05
Task 20 400 0.05
Task 40 800 0.05
Task 10 200 0.05
Task 10 200 0.05
Task 20 400 0.05
Task 20 400 0.05
GW 1.97375
Task 186 400 0.465
Task 184 400 0.46
Task 54 400 0.135
Task 32 400 0.08
Task 13 200 0.065
Task 6 100 0.06
Task 44 800 0.055
Task 5 100 0.05
Task 10 200 0.05
Task 42 800 0.0525
Task 5 100 0.05
Task 41 800 0.05125
Task 5 100 0.05
Task 40 800 0.05
Task 5 100 0.05
Task 20 400 0.05
Task 40 800 0.05
Task 20 400 0.05
Task 5 100 0.05
Task 20 400 0.05
GW 0.3
Task 300 1000 0.3
-------------
040
-------------
GW 1.975
Task 303 800 0.37875
Task 31 100 0.31
Task 107 400 0.2675
Task 110 800 0.1375
Task 16 200 0.08
Task 13 200 0.065
Task 6 100 0.06
Task 25 400 0.0625
Task 51 800 0.06375
Task 10 200 0.05
Task 10 200 0.05
Task 5 100 0.05
Task 10 200 0.05
Task 20 400 0.05
Task 5 100 0.05
Task 20 400 0.05
Task 20 400 0.05
Task 10 200 0.05
Task 10 200 0.05
Task 40 800 0.05
GW 1.98875
Task 259 400 0.6475
Task 345 800 0.43125
Task 6 100 0.06
Task 10 200 0.05
Task 5 100 0.05
Task 5 100 0.05
Task 5 100 0.05
Task 40 800 0.05
Task 20 400 0.05
Task 5 100 0.05
Task 5 100 0.05
Task 5 100 0.05
Task 20 400 0.05
Task 40 800 0.05
Task 10 200 0.05
Task 20 400 0.05
Task 10 200 0.05
Task 40 800 0.05
Task 5 100 0.05
Task 10 200 0.05
GW 0.3
Task 300 1000 0.3
-------------
041
-------------
GW 1.9775
Task 64 100 0.64
Task 54 200 0.27
Task 14 100 0.14
Task 75 800 0.09375
Task 6 100 0.06
Task 51 800 0.06375
Task 24 400 0.06
Task 40 800 0.05
Task 10 200 0.05
Task 10 200 0.05
Task 10 200 0.05
Task 10 200 0.05
Task 10 200 0.05
Task 5 100 0.05
Task 40 800 0.05
Task 20 400 0.05
Task 5 100 0.05
Task 20 400 0.05
Task 5 100 0.05
Task 20 400 0.05
GW 1.985
Task 654 800 0.8175
Task 20 100 0.2
Task 23 200 0.115
Task 5 100 0.05
Task 10 200 0.05
Task 21 400 0.0525
Task 5 100 0.05
Task 40 800 0.05
Task 5 100 0.05
Task 20 400 0.05
Task 20 400 0.05
Task 20 400 0.05
Task 10 200 0.05
Task 10 200 0.05
Task 20 400 0.05
Task 10 200 0.05
Task 5 100 0.05
Task 5 100 0.05
Task 20 400 0.05
Task 5 100 0.05
GW 0.3
Task 300 1000 0.3
-------------
042
-------------
GW 1.985
Task 129 200 0.645
Task 196 800 0.245
Task 16 100 0.16
Task 65 800 0.08125
Task 29 400 0.0725
Task 28 400 0.07
Task 45 800 0.05625
Task 22 400 0.055
Task 10 200 0.05
Task 5 100 0.05
Task 20 400 0.05
Task 5 100 0.05
Task 40 800 0.05
Task 40 800 0.05
Task 40 800 0.05
Task 10 200 0.05
Task 20 400 0.05
Task 5 100 0.05
Task 40 800 0.05
Task 40 800 0.05
GW 1.995
Task 602 800 0.7525
Task 101 400 0.2525
Task 53 400 0.1325
Task 23 400 0.0575
Task 10 200 0.05
Task 10 200 0.05
Task 40 800 0.05
Task 5 100 0.05
Task 5 100 0.05
Task 20 400 0.05
Task 20 400 0.05
Task 20 400 0.05
Task 5 100 0.05
Task 40 800 0.05
Task 40 800 0.05
Task 20 400 0.05
Task 5 100 0.05
Task 40 800 0.05
Task 20 400 0.05
Task 40 800 0.05
GW 0.3
Task 300 1000 0.3
-------------
043
-------------
GW 1.9825
Task 609 800 0.76125
Task 149 800 0.18625
Task 49 400 0.1225
Task 32 400 0.08
Task 6 100 0.06
Task 23 400 0.0575
Task 45 800 0.05625
Task 45 800 0.05625
Task 21 400 0.0525
Task 5 100 0.05
Task 20 400 0.05
Task 10 200 0.05
Task 40 800 0.05
Task 20 400 0.05
Task 40 800 0.05
Task 5 100 0.05
Task 20 400 0.05
Task 40 800 0.05
Task 40 800 0.05
Task 20 400 0.05
GW 1.985
Task 70 100 0.7
Task 103 400 0.2575
Task 117 800 0.14625
Task 57 800 0.07125
Task 6 100 0.06
Task 40 800 0.05
Task 40 800 0.05
Task 20 400 0.05
Task 5 100 0.05
Task 5 100 0.05
Task 40 800 0.05
Task 10 200 0.05
Task 5 100 0.05
Task 20 400 0.05
Task 20 400 0.05
Task 5 100 0.05
Task 10 200 0.05
Task 40 800 0.05
Task 40 800 0.05
Task 10 200 0.05
GW 0.3
Task 300 1000 0.3
-------------
044
-------------
GW 1.98375
Task 202 400 0.505
Task 94 200 0.47
Task 40 400 0.1
Task 19 200 0.095
Task 12 200 0.06
Task 43 800 0.05375
Task 5 100 0.05
Task 5 100 0.05
Task 10 200 0.05
Task 10 200 0.05
Task 10 200 0.05
Task 20 400 0.05
Task 40 800 0.05
Task 20 400 0.05
Task 40 800 0.05
Task 5 100 0.05
Task 5 100 0.05
Task 40 800 0.05
Task 10 200 0.05
Task 5 100 0.05
GW 1.99125
Task 303 400 0.7575
Task 249 800 0.31125
Task 50 800 0.0625
Task 6 100 0.06
Task 10 200 0.05
Task 10 200 0.05
Task 10 200 0.05
Task 40 800 0.05
Task 10 200 0.05
Task 10 200 0.05
Task 20 400 0.05
Task 5 100 0.05
Task 20 400 0.05
Task 20 400 0.05
Task 40 800 0.05
Task 5 100 0.05
Task 10 200 0.05
Task 20 400 0.05
Task 10 200 0.05
Task 20 400 0.05
GW 0.3
Task 300 1000 0.3
-------------
045
-------------
GW 1.995
Task 704 800 0.88
Task 43 200 0.215
Task 40 800 0.05
Task 40 800 0.05
Task 20 400 0.05
Task 20 400 0.05
Task 5 100 0.05
Task 40 800 0.05
Task 20 400 0.05
Task 10 200 0.05
Task 5 100 0.05
Task 10 200 0.05
Task 20 400 0.05
Task 40 800 0.05
Task 40 800 0.05
Task 20 400 0.05
Task 5 100 0.05
Task 5 100 0.05
Task 10 200 0.05
Task 20 400 0.05
GW 1.99625
Task 362 400 0.905
Task 13 100 0.13
Task 89 800 0.11125
Task 5 100 0.05
Task 10 200 0.05
Task 20 400 0.05
Task 40 800 0.05
Task 40 800 0.05
Task 10 200 0.05
Task 20 400 0.05
Task 5 100 0.05
Task 20 400 0.05
Task 20 400 0.05
Task 10 200 0.05
Task 40 800 0.05
Task 5 100 0.05
Task 5 100 0.05
Task 5 100 0.05
Task 40 800 0.05
Task 20 400 0.05
GW 0.3
Task 300 1000 0.3
-------------
046
-------------
GW 1.9775
Task 57 100 0.57
Task 107 400 0.2675
Task 17 100 0.17
Task 93 800 0.11625
Task 9 100 0.09
Task 6 100 0.06
Task 43 800 0.05375
Task 20 400 0.05
Task 20 400 0.05
Task 10 200 0.05
Task 5 100 0.05
Task 40 800 0.05
Task 5 100 0.05
Task 20 400 0.05
Task 40 800 0.05
Task 20 400 0.05
Task 40 800 0.05
Task 40 800 0.05
Task 10 200 0.05
Task 5 100 0.05
GW 1.99125
Task 376 400 0.94
Task 26 200 0.13
Task 13 200 0.065
Task 45 800 0.05625
Task 5 100 0.05
Task 5 100 0.05
Task 5 100 0.05
Task 40 800 0.05
Task 10 200 0.05
Task 20 400 0.05
Task 5 100 0.05
Task 10 200 0.05
Task 10 200 0.05
Task 10 200 0.05
Task 20 400 0.05
Task 5 100 0.05
Task 10 200 0.05
Task 20 400 0.05
Task 5 100 0.05
Task 5 100 0.05
GW 0.3
Task 300 1000 0.3
-------------
047
-------------
GW 1.995
Task 463 800 0.57875
Task 66 200 0.33
Task 70 400 0.175
Task 66 800 0.0825
Task 31 400 0.0775
Task 41 800 0.05125
Task 20 400 0.05
Task 5 100 0.05
Task 5 100 0.05
Task 20 400 0.05
Task 20 400 0.05
Task 20 400 0.05
Task 40 800 0.05
Task 20 400 0.05
Task 20 400 0.05
Task 20 400 0.05
Task 5 100 0.05
Task 5 100 0.05
Task 20 400 0.05
Task 20 400 0.05
GW 1.98875
Task 81 200 0.405
Task 68 200 0.34
Task 168 800 0.21
Task 44 400 0.11
Task 41 400 0.1025
Task 67 800 0.08375
Task 66 800 0.0825
Task 22 400 0.055
Task 10 200 0.05
Task 20 400 0.05
Task 40 800 0.05
Task 10 200 0.05
Task 5 100 0.05
Task 40 800 0.05
Task 10 200 0.05
Task 10 200 0.05
Task 10 200 0.05
Task 10 200 0.05
Task 40 800 0.05
Task 10 200 0.05
GW 0.3
Task 300 1000 0.3
-------------
048
-------------
GW 1.99125
Task 461 800 0.57625
Task 288 800 0.36
Task 40 200 0.2
Task 43 800 0.05375
Task 20 400 0.05
Task 41 800 0.05125
Task 10 200 0.05
Task 40 800 0.05
Task 10 200 0.05
Task 10 200 0.05
Task 40 800 0.05
Task 10 200 0.05
Task 40 800 0.05
Task 5 100 0.05
Task 5 100 0.05
Task 5 100 0.05
Task 20 400 0.05
Task 40 800 0.05
Task 10 200 0.05
Task 40 800 0.05
GW 1.97875
Task 42 100 0.42
Task 187 800 0.23375
Task 176 800 0.22
Task 41 200 0.205
Task 46 400 0.115
Task 60 800 0.075
Task 12 200 0.06
Task 5 100 0.05
Task 40 800 0.05
Task 10 200 0.05
Task 20 400 0.05
Task 5 100 0.05
Task 40 800 0.05
Task 40 800 0.05
Task 40 800 0.05
Task 10 200 0.05
Task 40 800 0.05
Task 10 200 0.05
Task 5 100 0.05
Task 40 800 0.05
GW 0.3
Task 300 1000 0.3
-------------
049
-------------
GW 1.9925
Task 608 800 0.76
Task 89 400 0.2225
Task 116 800 0.145
Task 13 200 0.065
Task 10 200 0.05
Task 10 200 0.05
Task 10 200 0.05
Task 10 200 0.05
Task 10 200 0.05
Task 20 400 0.05
Task 5 100 0.05
Task 5 100 0.05
Task 40 800 0.05
Task 20 400 0.05
Task 40 800 0.05
Task 40 800 0.05
Task 20 400 0.05
Task 20 400 0.05
Task 40 800 0.05
Task 40 800 0.05
GW 1.98
Task 98 100 0.98
Task 10 100 0.1
Task 5 100 0.05
Task 5 100 0.05
Task 10 200 0.05
Task 20 400 0.05
Task 40 800 0.05
Task 40 800 0.05
Task 40 800 0.05
Task 10 200 0.05
Task 20 400 0.05
Task 40 800 0.05
Task 20 400 0.05
Task 20 400 0.05
Task 10 200 0.05
Task 40 800 0.05
Task 40 800 0.05
Task 40 800 0.05
Task 10 200 0.05
Task 5 100 0.05
GW 0.3
Task 300 1000 0.3
-------------
050
-------------
GW 1.99
Task 282 400 0.705
Task 34 100 0.34
Task 37 400 0.0925
Task 21 400 0.0525
Task 10 200 0.05
Task 40 800 0.05
Task 40 800 0.05
Task 10 200 0.05
Task 5 100 0.05
Task 20 400 0.05
Task 5 100 0.05
Task 40 800 0.05
Task 10 200 0.05
Task 10 200 0.05
Task 5 100 0.05
Task 10 200 0.05
Task 10 200 0.05
Task 20 400 0.05
Task 20 400 0.05
Task 40 800 0.05
GW 1.9775
Task 82 200 0.41
Task 34 100 0.34
Task 52 200 0.26
Task 99 800 0.12375
Task 13 200 0.065
Task 49 800 0.06125
Task 12 200 0.06
Task 22 400 0.055
Task 10 200 0.05
Task 42 800 0.0525
Task 5 100 0.05
Task 10 200 0.05
Task 40 800 0.05
Task 40 800 0.05
Task 20 400 0.05
Task 5 100 0.05
Task 20 400 0.05
Task 10 200 0.05
Task 40 800 0.05
Task 20 400 0.05
GW 0.3
Task 300 1000 0.3
-------------
051
-------------
GW 1.98625
Task 278 400 0.695
Task 144 800 0.18
Task 16 100 0.16
Task 24 200 0.12
Task 14 200 0.07
Task 47 800 0.05875
Task 21 400 0.0525
Task 20 400 0.05
Task 40 800 0.05
Task 5 100 0.05
Task 40 800 0.05
Task 20 400 0.05
Task 40 800 0.05
Task 5 100 0.05
Task 5 100 0.05
Task 40 800 0.05
Task 5 100 0.05
Task 40 800 0.05
Task 5 100 0.05
Task 20 400 0.05
GW 1.97875
Task 351 800 0.43875
Task 162 400 0.405
Task 17 100 0.17
Task 12 100 0.12
Task 34 400 0.085
Task 12 200 0.06
Task 20 400 0.05
Task 20 400 0.05
Task 20 400 0.05
Task 40 800 0.05
Task 20 400 0.05
Task 10 200 0.05
Task 40 800 0.05
Task 10 200 0.05
Task 10 200 0.05
Task 20 400 0.05
Task 20 400 0.05
Task 40 800 0.05
Task 10 200 0.05
Task 20 400 0.05
GW 0.3
Task 300 1000 0.3
-------------
052
-------------
GW 1.98875
Task 257 400 0.6425
Task 66 200 0.33
Task 118 800 0.1475
Task 13 200 0.065
Task 21 400 0.0525
Task 41 800 0.05125
Task 10 200 0.05
Task 5 100 0.05
Task 5 100 0.05
Task 5 100 0.05
Task 10 200 0.05
Task 5 100 0.05
Task 40 800 0.05
Task 5 100 0.05
Task 5 100 0.05
Task 5 100 0.05
Task 20 400 0.05
Task 10 200 0.05
Task 5 100 0.05
Task 10 200 0.05
GW 1.9975
Task 155 200 0.775
Task 59 200 0.295
Task 48 800 0.06
Task 47 800 0.05875
Task 47 800 0.05875
Task 10 200 0.05
Task 10 200 0.05
Task 20 400 0.05
Task 5 100 0.05
Task 5 100 0.05
Task 40 800 0.05
Task 10 200 0.05
Task 40 800 0.05
Task 10 200 0.05
Task 20 400 0.05
Task 20 400 0.05
Task 40 800 0.05
Task 5 100 0.05
Task 5 100 0.05
Task 10 200 0.05
GW 0.3
Task 300 1000 0.3
-------------
053
-------------
GW 1.97
Task 172 200 0.86
Task 90 800 0.1125
Task 82 800 0.1025
Task 7 100 0.07
Task 13 200 0.065
Task 11 200 0.055
Task 22 400 0.055
Task 10 200 0.05
Task 10 200 0.05
Task 5 100 0.05
Task 5 100 0.05
Task 40 800 0.05
Task 20 400 0.05
Task 20 400 0.05
Task 20 400 0.05
Task 5 100 0.05
Task 10 200 0.05
Task 5 100 0.05
Task 20 400 0.05
Task 5 100 0.05
GW 1.9825
Task 174 200 0.87
Task 55 400 0.1375
Task 92 800 0.115
Task 5 100 0.05
Task 45 800 0.05625
Task 42 800 0.0525
Task 41 800 0.05125
Task 20 400 0.05
Task 40 800 0.05
Task 10 200 0.05
Task 40 800 0.05
Task 40 800 0.05
Task 5 100 0.05
Task 40 800 0.05
Task 40 800 0.05
Task 40 800 0.05
Task 40 800 0.05
Task 10 200 0.05
Task 10 200 0.05
Task 40 800 0.05
GW 0.3
Task 300 1000 0.3
-------------
054
-------------
GW 1.98625
Task 368 400 0.92
Task 95 800 0.11875
Task 7 100 0.07
Task 27 400 0.0675
Task 11 200 0.055
Task 44 800 0.055
Task 5 100 0.05
Task 20 400 0.05
Task 10 200 0.05
Task 5 100 0.05
Task 5 100 0.05
Task 20 400 0.05
Task 40 800 0.05
Task 20 400 0.05
Task 10 200 0.05
Task 20 400 0.05
Task 5 100 0.05
Task 20 400 0.05
Task 5 100 0.05
Task 20 400 0.05
GW 1.98375
Task 190 400 0.475
Task 67 200 0.335
Task 141 800 0.17625
Task 24 200 0.12
Task 70 800 0.0875
Task 7 100 0.07
Task 52 800 0.065
Task 22 400 0.055
Task 20 400 0.05
Task 10 200 0.05
Task 10 200 0.05
Task 10 200 0.05
Task 5 100 0.05
Task 40 800 0.05
Task 5 100 0.05
Task 10 200 0.05
Task 20 400 0.05
Task 20 400 0.05
Task 10 200 0.05
Task 20 400 0.05
GW 0.3
Task 300 1000 0.3
-------------
055
-------------
GW 1.9875
Task 350 400 0.875
Task 12 100 0.12
Task 18 200 0.09
Task 70 800 0.0875
Task 13 200 0.065
Task 40 800 0.05
Task 10 200 0.05
Task 40 800 0.05
Task 40 800 0.05
Task 20 400 0.05
Task 40 800 0.05
Task 40 800 0.05
Task 40 800 0.05
Task 40 800 0.05
Task 5 100 0.05
Task 40 800 0.05
Task 40 800 0.05
Task 40 800 0.05
Task 20 400 0.05
Task 10 200 0.05
GW 1.97375
Task 720 800 0.9
Task 16 100 0.16
Task 6 100 0.06
Task 5 100 0.05
Task 21 400 0.0525
Task 41 800 0.05125
Task 20 400 0.05
Task 20 400 0.05
Task 40 800 0.05
Task 40 800 0.05
Task 40 800 0.05
Task 10 200 0.05
Task 40 800 0.05
Task 5 100 0.05
Task 5 100 0.05
Task 20 400 0.05
Task 40 800 0.05
Task 20 400 0.05
Task 10 200 0.05
Task 40 800 0.05
GW 0.3
Task 300 1000 0.3
-------------
056
-------------
GW 1.98125
Task 46 100 0.46
Task 249 800 0.31125
Task 104 400 0.26
Task 20 200 0.1
Task 32 400 0.08
Task 52 800 0.065
Task 11 200 0.055
Task 5 100 0.05
Task 20 400 0.05
Task 10 200 0.05
Task 40 800 0.05
Task 20 400 0.05
Task 10 200 0.05
Task 5 100 0.05
Task 5 100 0.05
Task 20 400 0.05
Task 40 800 0.05
Task 10 200 0.05
Task 10 200 0.05
Task 20 400 0.05
GW 1.98
Task 71 100 0.71
Task 21 100 0.21
Task 59 400 0.1475
Task 75 800 0.09375
Task 24 400 0.06
Task 47 800 0.05875
Task 10 200 0.05
Task 20 400 0.05
Task 5 100 0.05
Task 20 400 0.05
Task 20 400 0.05
Task 5 100 0.05
Task 20 400 0.05
Task 10 200 0.05
Task 20 400 0.05
Task 5 100 0.05
Task 40 800 0.05
Task 10 200 0.05
Task 10 200 0.05
Task 40 800 0.05
GW 0.3
Task 300 1000 0.3
-------------
057
-------------
GW 1.995
Task 165 200 0.825
Task 53 200 0.265
Task 11 200 0.055
Task 5 100 0.05
Task 40 800 0.05
Task 40 800 0.05
Task 5 100 0.05
Task 10 200 0.05
Task 5 100 0.05
Task 5 100 0.05
Task 20 400 0.05
Task 10 200 0.05
Task 40 800 0.05
Task 10 200 0.05
Task 20 400 0.05
Task 10 200 0.05
Task 40 800 0.05
Task 20 400 0.05
Task 5 100 0.05
Task 5 100 0.05
GW 1.97
Task 196 400 0.49
Task 152 800 0.19
Task 136 800 0.17
Task 14 100 0.14
Task 47 400 0.1175
Task 18 200 0.09
Task 70 800 0.0875
Task 24 400 0.06
Task 46 800 0.0575
Task 11 200 0.055
Task 22 400 0.055
Task 22 400 0.055
Task 10 200 0.05
Task 21 400 0.0525
Task 5 100 0.05
Task 40 800 0.05
Task 40 800 0.05
Task 5 100 0.05
Task 40 800 0.05
Task 40 800 0.05
GW 0.3
Task 300 1000 0.3
-------------
058
-------------
GW 1.98625
Task 334 400 0.835
Task 31 200 0.155
Task 21 200 0.105
Task 14 200 0.07
Task 7 100 0.07
Task 41 800 0.05125
Task 20 400 0.05
Task 10 200 0.05
Task 40 800 0.05
Task 10 200 0.05
Task 10 200 0.05
Task 10 200 0.05
Task 40 800 0.05
Task 5 100 0.05
Task 10 200 0.05
Task 40 800 0.05
Task 40 800 0.05
Task 5 100 0.05
Task 10 200 0.05
Task 10 200 0.05
GW 1.995
Task 370 400 0.925
Task 112 800 0.14
Task 32 400 0.08
Task 5 100 0.05
Task 5 100 0.05
Task 40 800 0.05
Task 10 200 0.05
Task 10 200 0.05
Task 5 100 0.05
Task 5 100 0.05
Task 5 100 0.05
Task 10 200 0.05
Task 40 800 0.05
Task 10 200 0.05
Task 10 200 0.05
Task 5 100 0.05
Task 20 400 0.05
Task 20 400 0.05
Task 10 200 0.05
Task 5 100 0.05
GW 0.3
Task 300 1000 0.3
-------------
059
-------------
GW 1.9775
Task 108 200 0.54
Task 119 400 0.2975
Task 108 400 0.27
Task 7 100 0.07
Task 10 200 0.05
Task 10 200 0.05
Task 10 200 0.05
Task 10 200 0.05
Task 40 800 0.05
Task 40 800 0.05
Task 20 400 0.05
Task 10 200 0.05
Task 5 100 0.05
Task 10 200 0.05
Task 10 200 0.05
Task 40 800 0.05
Task 5 100 0.05
Task 40 800 0.05
Task 10 200 0.05
Task 5 100 0.05
GW 1.985
Task 410 800 0.5125
Task 38 100 0.38
Task 37 200 0.185
Task 9 100 0.09
Task 12 200 0.06
Task 46 800 0.0575
Task 40 800 0.05
Task 10 200 0.05
Task 5 100 0.05
Task 20 400 0.05
Task 20 400 0.05
Task 5 100 0.05
Task 10 200 0.05
Task 40 800 0.05
Task 40 800 0.05
Task 40 800 0.05
Task 10 200 0.05
Task 10 200 0.05
Task 40 800 0.05
Task 5 100 0.05
GW 0.3
Task 300 1000 0.3
-------------
060
-------------
GW 1.97875
Task 100 200 0.5
Task 228 800 0.285
Task 42 200 0.21
Task 99 800 0.12375
Task 38 400 0.095
Task 6 100 0.06
Task 11 200 0.055
Task 5 100 0.05
Task 5 100 0.05
Task 40 800 0.05
Task 20 400 0.05
Task 10 200 0.05
Task 10 200 0.05
Task 10 200 0.05
Task 20 400 0.05
Task 10 200 0.05
Task 40 800 0.05
Task 10 200 0.05
Task 40 800 0.05
Task 10 200 0.05
GW 1.98375
Task 51 100 0.51
Task 335 800 0.41875
Task 32 200 0.16
Task 17 200 0.085
Task 24 400 0.06
Task 10 200 0.05
Task 10 200 0.05
Task 10 200 0.05
Task 5 100 0.05
Task 10 200 0.05
Task 5 100 0.05
Task 20 400 0.05
Task 20 400 0.05
Task 40 800 0.05
Task 40 800 0.05
Task 10 200 0.05
Task 40 800 0.05
Task 40 800 0.05
Task 20 400 0.05
Task 40 800 0.05
GW 0.3
Task 300 1000 0.3
-------------
061
-------------
GW 1.9825
Task 46 100 0.46
Task 69 200 0.345
Task 100 400 0.25
Task 38 400 0.095
Task 53 800 0.06625
Task 49 800 0.06125
Task 11 200 0.055
Task 5 100 0.05
Task 20 400 0.05
Task 20 400 0.05
Task 5 100 0.05
Task 10 200 0.05
Task 5 100 0.05
Task 5 100 0.05
Task 20 400 0.05
Task 10 200 0.05
Task 40 800 0.05
Task 5 100 0.05
Task 40 800 0.05
Task 20 400 0.05
GW 1.96375
Task 67 200 0.335
Task 59 200 0.295
Task 78 400 0.195
Task 29 200 0.145
Task 53 400 0.1325
Task 102 800 0.1275
Task 6 100 0.06
Task 48 800 0.06
Task 47 800 0.05875
Task 5 100 0.05
Task 5 100 0.05
Task 21 400 0.0525
Task 5 100 0.05
Task 20 400 0.05
Task 41 800 0.05125
Task 41 800 0.05125
Task 40 800 0.05
Task 40 800 0.05
Task 20 400 0.05
Task 20 400 0.05
GW 0.3
Task 300 1000 0.3
-------------
062
-------------
GW 1.97875
Task 80 100 0.8
Task 127 800 0.15875
Task 15 100 0.15
Task 7 100 0.07
Task 5 100 0.05
Task 10 200 0.05
Task 5 100 0.05
Task 40 800 0.05
Task 5 100 0.05
Task 5 100 0.05
Task 10 200 0.05
Task 5 100 0.05
Task 10 200 0.05
Task 40 800 0.05
Task 40 800 0.05
Task 20 400 0.05
Task 20 400 0.05
Task 5 100 0.05
Task 5 100 0.05
Task 10 200 0.05
GW 1.995
Task 75 100 0.75
Task 108 400 0.27
Task 25 200 0.125
Task 20 400 0.05
Task 40 800 0.05
Task 5 100 0.05
Task 20 400 0.05
Task 5 100 0.05
Task 20 400 0.05
Task 10 200 0.05
Task 20 400 0.05
Task 40 800 0.05
Task 20 400 0.05
Task 40 800 0.05
Task 5 100 0.05
Task 40 800 0.05
Task 40 800 0.05
Task 20 400 0.05
Task 10 200 0.05
Task 10 200 0.05
GW 0.3
Task 300 1000 0.3
-------------
063
-------------
GW 1.9725
Task 70 100 0.7
Task 63 400 0.1575
Task 26 200 0.13
Task 53 400 0.1325
Task 17 200 0.085
Task 6 100 0.06
Task 46 800 0.0575
Task 5 100 0.05
Task 20 400 0.05
Task 40 800 0.05
Task 20 400 0.05
Task 5 100 0.05
Task 40 800 0.05
Task 40 800 0.05
Task 40 800 0.05
Task 40 800 0.05
Task 20 400 0.05
Task 10 200 0.05
Task 10 200 0.05
Task 5 100 0.05
GW 1.9775
Task 369 800 0.46125
Task 48 200 0.24
Task 30 200 0.15
Task 113 800 0.14125
Task 108 800 0.135
Task 39 400 0.0975
Task 15 200 0.075
Task 7 100 0.07
Task 22 400 0.055
Task 21 400 0.0525
Task 10 200 0.05
Task 10 200 0.05
Task 5 100 0.05
Task 20 400 0.05
Task 20 400 0.05
Task 5 100 0.05
Task 40 800 0.05
Task 5 100 0.05
Task 40 800 0.05
Task 40 800 0.05
GW 0.3
Task 300 1000 0.3
-------------
064
-------------
GW 1.985
Task 122 200 0.61
Task 34 100 0.34
Task 77 800 0.09625
Task 17 200 0.085
Task 67 800 0.08375
Task 26 400 0.065
Task 11 200 0.055
Task 20 400 0.05
Task 40 800 0.05
Task 10 200 0.05
Task 5 100 0.05
Task 20 400 0.05
Task 5 100 0.05
Task 20 400 0.05
Task 10 200 0.05
Task 5 100 0.05
Task 40 800 0.05
Task 5 100 0.05
Task 10 200 0.05
Task 10 200 0.05
GW 1.99125
Task 637 800 0.79625
Task 27 100 0.27
Task 13 200 0.065
Task 24 400 0.06
Task 10 200 0.05
Task 20 400 0.05
Task 40 800 0.05
Task 10 200 0.05
Task 20 400 0.05
Task 40 800 0.05
Task 10 200 0.05
Task 5 100 0.05
Task 40 800 0.05
Task 10 200 0.05
Task 40 800 0.05
Task 10 200 0.05
Task 40 800 0.05
Task 5 100 0.05
Task 40 800 0.05
Task 5 100 0.05
GW 0.3
Task 300 1000 0.3
-------------
065
-------------
GW 1.96625
Task 33 100 0.33
Task 31 100 0.31
Task 61 200 0.305
Task 141 800 0.17625
Task 17 200 0.085
Task 6 100 0.06
Task 5 100 0.05
Task 5 100 0.05
Task 20 400 0.05
Task 40 800 0.05
Task 10 200 0.05
Task 40 800 0.05
Task 10 200 0.05
Task 5 100 0.05
Task 5 100 0.05
Task 20 400 0.05
Task 20 400 0.05
Task 10 200 0.05
Task 40 800 0.05
Task 40 800 0.05
GW 1.9775
Task 313 400 0.7825
Task 77 400 0.1925
Task 14 100 0.14
Task 23 400 0.0575
Task 11 200 0.055
Task 10 200 0.05
Task 10 200 0.05
Task 20 400 0.05
Task 40 800 0.05
Task 20 400 0.05
Task 10 200 0.05
Task 10 200 0.05
Task 40 800 0.05
Task 40 800 0.05
Task 10 200 0.05
Task 20 400 0.05
Task 5 100 0.05
Task 10 200 0.05
Task 40 800 0.05
Task 40 800 0.05
GW 0.3
Task 300 1000 0.3
-------------
066
-------------
GW 1.98375
Task 172 200 0.86
Task 17 100 0.17
Task 18 200 0.09
Task 47 800 0.05875
Task 22 400 0.055
Task 5 100 0.05
Task 10 200 0.05
Task 10 200 0.05
Task 40 800 0.05
Task 5 100 0.05
Task 10 200 0.05
Task 5 100 0.05
Task 10 200 0.05
Task 40 800 0.05
Task 40 800 0.05
Task 40 800 0.05
Task 20 400 0.05
Task 5 100 0.05
Task 5 100 0.05
Task 40 800 0.05
GW 1.99125
Task 259 400 0.6475
Task 26 100 0.26
Task 67 400 0.1675
Task 10 100 0.1
Task 49 800 0.06125
Task 11 200 0.055
Task 40 800 0.05
Task 40 800 0.05
Task 40 800 0.05
Task 10 200 0.05
Task 20 400 0.05
Task 10 200 0.05
Task 20 400 0.05
Task 10 200 0.05
Task 20 400 0.05
Task 20 400 0.05
Task 5 100 0.05
Task 20 400 0.05
Task 20 400 0.05
Task 5 100 0.05
GW 0.3
Task 300 1000 0.3
-------------
067
-------------
GW 1.98125
Task 137 200 0.685
Task 187 800 0.23375
Task 18 100 0.18
Task 8 100 0.08
Task 42 800 0.0525
Task 10 200 0.05
Task 10 200 0.05
Task 10 200 0.05
Task 20 400 0.05
Task 40 800 0.05
Task 5 100 0.05
Task 20 400 0.05
Task 5 100 0.05
Task 10 200 0.05
Task 20 400 0.05
Task 10 200 0.05
Task 20 400 0.05
Task 10 200 0.05
Task 10 200 0.05
Task 10 200 0.05
GW 1.99375
Task 354 400 0.885
Task 125 800 0.15625
Task 71 800 0.08875
Task 51 800 0.06375
Task 5 100 0.05
Task 20 400 0.05
Task 5 100 0.05
Task 40 800 0.05
Task 40 800 0.05
Task 20 400 0.05
Task 40 800 0.05
Task 40 800 0.05
Task 20 400 0.05
Task 10 200 0.05
Task 20 400 0.05
Task 20 400 0.05
Task 40 800 0.05
Task 40 800 0.05
Task 5 100 0.05
Task 10 200 0.05
GW 0.3
Task 300 1000 0.3
-------------
068
-------------
GW 1.985
Task 70 200 0.35
Task 65 200 0.325
Task 89 400 0.2225
Task 32 200 0.16
Task 22 200 0.11
Task 22 200 0.11
Task 45 800 0.05625
Task 10 200 0.05
Task 41 800 0.05125
Task 20 400 0.05
Task 20 400 0.05
Task 10 200 0.05
Task 10 200 0.05
Task 5 100 0.05
Task 5 100 0.05
Task 5 100 0.05
Task 20 400 0.05
Task 10 200 0.05
Task 20 400 0.05
Task 5 100 0.05
GW 1.9825
Task 404 800 0.505
Task 168 400 0.42
Task 11 100 0.11
Task 44 400 0.11
Task 6 100 0.06
Task 27 400 0.0675
Task 6 100 0.06
Task 10 200 0.05
Task 40 800 0.05
Task 5 100 0.05
Task 10 200 0.05
Task 20 400 0.05
Task 10 200 0.05
Task 40 800 0.05
Task 40 800 0.05
Task 10 200 0.05
Task 20 400 0.05
Task 20 400 0.05
Task 10 200 0.05
Task 10 200 0.05
GW 0.3
Task 300 1000 0.3
-------------
069
-------------
GW 1.98
Task 115 200 0.575
Task 164 400 0.41
Task 22 200 0.11
Task 28 400 0.07
Task 11 200 0.055
Task 22 400 0.055
Task 10 200 0.05
Task 21 400 0.0525
Task 21 400 0.0525
Task 5 100 0.05
Task 5 100 0.05
Task 10 200 0.05
Task 40 800 0.05
Task 10 200 0.05
Task 10 200 0.05
Task 10 200 0.05
Task 40 800 0.05
Task 5 100 0.05
Task 20 400 0.05
Task 20 400 0.05
GW 1.98
Task 86 100 0.86
Task 160 800 0.2
Task 7 100 0.07
Task 10 200 0.05
Task 5 100 0.05
Task 10 200 0.05
Task 5 100 0.05
Task 5 100 0.05
Task 20 400 0.05
Task 5 100 0.05
Task 20 400 0.05
Task 40 800 0.05
Task 5 100 0.05
Task 5 100 0.05
Task 20 400 0.05
Task 10 200 0.05
Task 20 400 0.05
Task 40 800 0.05
Task 20 400 0.05
Task 5 100 0.05
GW 0.3
Task 300 1000 0.3
-------------
070
-------------
GW 1.9825
Task 211 400 0.5275
Task 60 200 0.3
Task 44 200 0.22
Task 8 100 0.08
Task 8 100 0.08
Task 7 100 0.07
Task 10 200 0.05
Task 21 400 0.0525
Task 42 800 0.0525
Task 20 400 0.05
Task 20 400 0.05
Task 10 200 0.05
Task 5 100 0.05
Task 20 400 0.05
Task 10 200 0.05
Task 5 100 0.05
Task 5 100 0.05
Task 10 200 0.05
Task 40 800 0.05
Task 5 100 0.05
GW 1.9925
Task 157 400 0.3925
Task 126 400 0.315
Task 105 400 0.2625
Task 48 400 0.12
Task 43 400 0.1075
Task 76 800 0.095
Task 5 100 0.05
Task 20 400 0.05
Task 10 200 0.05
Task 10 200 0.05
Task 10 200 0.05
Task 40 800 0.05
Task 10 200 0.05
Task 20 400 0.05
Task 5 100 0.05
Task 40 800 0.05
Task 5 100 0.05
Task 20 400 0.05
Task 5 100 0.05
Task 40 800 0.05
GW 0.3
Task 300 1000 0.3
-------------
071
-------------
GW 1.9775
Task 317 800 0.39625
Task 55 200 0.275
Task 48 200 0.24
Task 140 800 0.175
Task 20 200 0.1
Task 7 100 0.07
Task 53 800 0.06625
Task 11 200 0.055
Task 5 100 0.05
Task 10 200 0.05
Task 20 400 0.05
Task 5 100 0.05
Task 20 400 0.05
Task 20 400 0.05
Task 5 100 0.05
Task 40 800 0.05
Task 40 800 0.05
Task 5 100 0.05
Task 20 400 0.05
Task 40 800 0.05
GW 1.9775
Task 41 100 0.41
Task 40 100 0.4
Task 61 200 0.305
Task 23 400 0.0575
Task 11 200 0.055
Task 5 100 0.05
Task 10 200 0.05
Task 10 200 0.05
Task 40 800 0.05
Task 10 200 0.05
Task 20 400 0.05
Task 5 100 0.05
Task 40 800 0.05
Task 5 100 0.05
Task 10 200 0.05
Task 10 200 0.05
Task 20 400 0.05
Task 5 100 0.05
Task 40 800 0.05
Task 40 800 0.05
GW 0.3
Task 300 1000 0.3
-------------
072
-------------
GW 1.9725
Task 209 400 0.5225
Task 164 400 0.41
Task 17 200 0.085
Task 8 100 0.08
Task 16 200 0.08
Task 65 800 0.08125
Task 47 800 0.05875
Task 5 100 0.05
Task 44 800 0.055
Task 10 200 0.05
Task 5 100 0.05
Task 5 100 0.05
Task 5 100 0.05
Task 5 100 0.05
Task 5 100 0.05
Task 5 100 0.05
Task 40 800 0.05
Task 10 200 0.05
Task 20 400 0.05
Task 20 400 0.05
GW 1.98
Task 168 200 0.84
Task 168 800 0.21
Task 14 200 0.07
Task 24 400 0.06
Task 5 100 0.05
Task 20 400 0.05
Task 10 200 0.05
Task 5 100 0.05
Task 10 200 0.05
Task 20 400 0.05
Task 10 200 0.05
Task 10 200 0.05
Task 40 800 0.05
Task 20 400 0.05
Task 5 100 0.05
Task 40 800 0.05
Task 40 800 0.05
Task 5 100 0.05
Task 10 200 0.05
Task 10 200 0.05
GW 0.3
Task 300 1000 0.3
-------------
073
-------------
GW 1.985
Task 163 400 0.4075
Task 57 200 0.285
Task 27 100 0.27
Task 104 800 0.13
Task 9 100 0.09
Task 31 400 0.0775
Task 50 800 0.0625
Task 6 100 0.06
Task 5 100 0.05
Task 42 800 0.0525
Task 40 800 0.05
Task 10 200 0.05
Task 40 800 0.05
Task 40 800 0.05
Task 5 100 0.05
Task 10 200 0.05
Task 20 400 0.05
Task 40 800 0.05
Task 40 800 0.05
Task 40 800 0.05
GW 1.985
Task 320 800 0.4
Task 37 100 0.37
Task 141 400 0.3525
Task 23 400 0.0575
Task 11 200 0.055
Task 10 200 0.05
Task 5 100 0.05
Task 5 100 0.05
Task 20 400 0.05
Task 10 200 0.05
Task 40 800 0.05
Task 40 800 0.05
Task 5 100 0.05
Task 5 100 0.05
Task 20 400 0.05
Task 40 800 0.05
Task 20 400 0.05
Task 10 200 0.05
Task 5 100 0.05
Task 10 200 0.05
GW 0.3
Task 300 1000 0.3
-------------
074
-------------
GW 1.9725
Task 547 800 0.68375
Task 109 400 0.2725
Task 85 800 0.10625
Task 8 100 0.08
Task 7 100 0.07
Task 6 100 0.06
Task 5 100 0.05
Task 5 100 0.05
Task 5 100 0.05
Task 20 400 0.05
Task 40 800 0.05
Task 10 200 0.05
Task 5 100 0.05
Task 40 800 0.05
Task 40 800 0.05
Task 20 400 0.05
Task 40 800 0.05
Task 10 200 0.05
Task 40 800 0.05
Task 5 100 0.05
GW 1.98125
Task 700 800 0.875
Task 18 100 0.18
Task 15 200 0.075
Task 5 100 0.05
Task 41 800 0.05125
Task 40 800 0.05
Task 20 400 0.05
Task 10 200 0.05
Task 20 400 0.05
Task 20 400 0.05
Task 10 200 0.05
Task 40 800 0.05
Task 20 400 0.05
Task 20 400 0.05
Task 20 400 0.05
Task 5 100 0.05
Task 5 100 0.05
Task 40 800 0.05
Task 10 200 0.05
Task 20 400 0.05
GW 0.3
Task 300 1000 0.3
-------------
075
-------------
GW 1.99125
Task 591 800 0.73875
Task 58 200 0.29
Task 15 200 0.075
Task 56 800 0.07
Task 49 800 0.06125
Task 22 400 0.055
Task 41 800 0.05125
Task 10 200 0.05
Task 5 100 0.05
Task 40 800 0.05
Task 20 400 0.05
Task 10 200 0.05
Task 10 200 0.05
Task 10 200 0.05
Task 20 400 0.05
Task 5 100 0.05
Task 10 200 0.05
Task 20 400 0.05
Task 10 200 0.05
Task 10 200 0.05
GW 1.9875
Task 93 100 0.93
Task 60 400 0.15
Task 11 200 0.055
Task 21 400 0.0525
Task 20 400 0.05
Task 10 200 0.05
Task 40 800 0.05
Task 20 400 0.05
Task 40 800 0.05
Task 40 800 0.05
Task 10 200 0.05
Task 20 400 0.05
Task 20 400 0.05
Task 10 200 0.05
Task 5 100 0.05
Task 20 400 0.05
Task 40 800 0.05
Task 10 200 0.05
Task 10 200 0.05
Task 5 100 0.05
GW 0.3
Task 300 1000 0.3
-------------
076
-------------
GW 1.98625
Task 195 400 0.4875
Task 75 200 0.375
Task 14 100 0.14
Task 95 800 0.11875
Task 45 400 0.1125
Task 42 800 0.0525
Task 5 100 0.05
Task 20 400 0.05
Task 20 400 0.05
Task 10 200 0.05
Task 20 400 0.05
Task 20 400 0.05
Task 20 400 0.05
Task 10 200 0.05
Task 20 400 0.05
Task 20 400 0.05
Task 5 100 0.05
Task 5 100 0.05
Task 20 400 0.05
Task 40 800 0.05
GW 1.97875
Task 198 400 0.495
Task 123 400 0.3075
Task 20 100 0.2
Task 19 200 0.095
Task 69 800 0.08625
Task 8 100 0.08
Task 25 400 0.0625
Task 42 800 0.0525
Task 10 200 0.05
Task 20 400 0.05
Task 10 200 0.05
Task 10 200 0.05
Task 5 100 0.05
Task 5 100 0.05
Task 5 100 0.05
Task 40 800 0.05
Task 40 800 0.05
Task 40 800 0.05
Task 5 100 0.05
Task 20 400 0.05
GW 0.3
Task 300 1000 0.3
-------------
077
-------------
GW 1.985
Task 145 400 0.3625
Task 130 400 0.325
Task 109 400 0.2725
Task 43 200 0.215
Task 6 100 0.06
Task 5 100 0.05
Task 20 400 0.05
Task 40 800 0.05
Task 40 800 0.05
Task 5 100 0.05
Task 20 400 0.05
Task 40 800 0.05
Task 10 200 0.05
Task 40 800 0.05
Task 10 200 0.05
Task 20 400 0.05
Task 40 800 0.05
Task 10 200 0.05
Task 40 800 0.05
Task 10 200 0.05
GW 1.975
Task 136 200 0.68
Task 145 400 0.3625
Task 7 100 0.07
Task 50 800 0.0625
Task 10 200 0.05
Task 5 100 0.05
Task 5 100 0.05
Task 5 100 0.05
Task 10 200 0.05
Task 10 200 0.05
Task 20 400 0.05
Task 40 800 0.05
Task 5 100 0.05
Task 40 800 0.05
Task 40 800 0.05
Task 20 400 0.05
Task 5 100 0.05
Task 5 100 0.05
Task 5 100 0.05
Task 20 400 0.05
GW 0.3
Task 300 1000 0.3
-------------
078
-------------
GW 1.99
Task 229 400 0.5725
Task 235 800 0.29375
Task 70 400 0.175
Task 41 400 0.1025
Task 15 200 0.075
Task 57 800 0.07125
Task 20 400 0.05
Task 5 100 0.05
Task 40 800 0.05
Task 20 400 0.05
Task 20 400 0.05
Task 5 100 0.05
Task 5 100 0.05
Task 10 200 0.05
Task 20 400 0.05
Task 40 800 0.05
Task 20 400 0.05
Task 40 800 0.05
Task 10 200 0.05
Task 10 200 0.05
GW 1.9875
Task 75 100 0.75
Task 258 800 0.3225
Task 13 200 0.065
Task 40 800 0.05
Task 5 100 0.05
Task 10 200 0.05
Task 20 400 0.05
Task 20 400 0.05
Task 5 100 0.05
Task 10 200 0.05
Task 5 100 0.05
Task 40 800 0.05
Task 5 100 0.05
Task 10 200 0.05
Task 20 400 0.05
Task 5 100 0.05
Task 10 200 0.05
Task 10 200 0.05
Task 40 800 0.05
Task 20 400 0.05
GW 0.3
Task 300 1000 0.3
-------------
079
-------------
GW 1.97
Task 157 200 0.785
Task 15 100 0.15
Task 28 200 0.14
Task 15 200 0.075
Task 6 100 0.06
Task 6 100 0.06
Task 5 100 0.05
Task 5 100 0.05
Task 10 200 0.05
Task 10 200 0.05
Task 20 400 0.05
Task 20 400 0.05
Task 5 100 0.05
Task 40 800 0.05
Task 40 800 0.05
Task 5 100 0.05
Task 40 800 0.05
Task 20 400 0.05
Task 5 100 0.05
Task 40 800 0.05
GW 1.9775
Task 326 800 0.4075
Task 287 800 0.35875
Task 34 200 0.17
Task 133 800 0.16625
Task 35 400 0.0875
Task 8 100 0.08
Task 11 200 0.055
Task 21 400 0.0525
Task 20 400 0.05
Task 20 400 0.05
Task 10 200 0.05
Task 20 400 0.05
Task 20 400 0.05
Task 40 800 0.05
Task 5 100 0.05
Task 40 800 0.05
Task 10 200 0.05
Task 40 800 0.05
Task 5 100 0.05
Task 20 400 0.05
GW 0.3
Task 300 1000 0.3
-------------
080
-------------
GW 1.99125
Task 143 200 0.715
Task 134 800 0.1675
Task 92 800 0.115
Task 11 100 0.11
Task 17 200 0.085
Task 27 400 0.0675
Task 53 800 0.06625
Task 26 400 0.065
Task 20 400 0.05
Task 20 400 0.05
Task 5 100 0.05
Task 10 200 0.05
Task 40 800 0.05
Task 5 100 0.05
Task 10 200 0.05
Task 40 800 0.05
Task 5 100 0.05
Task 20 400 0.05
Task 5 100 0.05
Task 5 100 0.05
GW 1.98125
Task 562 800 0.7025
Task 45 200 0.225
Task 41 400 0.1025
Task 9 100 0.09
Task 67 800 0.08375
Task 54 800 0.0675
Task 6 100 0.06
Task 10 200 0.05
Task 10 200 0.05
Task 5 100 0.05
Task 5 100 0.05
Task 40 800 0.05
Task 10 200 0.05
Task 20 400 0.05
Task 20 400 0.05
Task 5 100 0.05
Task 20 400 0.05
Task 40 800 0.05
Task 40 800 0.05
Task 10 200 0.05
GW 0.3
Task 300 1000 0.3
-------------
081
-------------
GW 1.985
Task 145 400 0.3625
Task 27 100 0.27
Task 171 800 0.21375
Task 38 200 0.19
Task 12 100 0.12
Task 89 800 0.11125
Task 27 400 0.0675
Task 5 100 0.05
Task 10 200 0.05
Task 20 400 0.05
Task 10 200 0.05
Task 5 100 0.05
Task 40 800 0.05
Task 40 800 0.05
Task 5 100 0.05
Task 5 100 0.05
Task 5 100 0.05
Task 40 800 0.05
Task 20 400 0.05
Task 40 800 0.05
GW 1.9875
Task 786 800 0.9825
Task 8 100 0.08
Task 24 400 0.06
Task 11 200 0.055
Task 45 800 0.05625
Task 42 800 0.0525
Task 41 800 0.05125
Task 5 100 0.05
Task 10 200 0.05
Task 40 800 0.05
Task 10 200 0.05
Task 20 400 0.05
Task 20 400 0.05
Task 40 800 0.05
Task 40 800 0.05
Task 10 200 0.05
Task 20 400 0.05
Task 5 100 0.05
Task 20 400 0.05
Task 10 200 0.05
GW 0.3
Task 300 1000 0.3
-------------
082
-------------
GW 1.9825
Task 146 200 0.73
Task 28 100 0.28
Task 30 400 0.075
Task 54 800 0.0675
Task 25 400 0.0625
Task 24 400 0.06
Task 46 800 0.0575
Task 10 200 0.05
Task 10 200 0.05
Task 20 400 0.05
Task 10 200 0.05
Task 20 400 0.05
Task 20 400 0.05
Task 40 800 0.05
Task 20 400 0.05
Task 40 800 0.05
Task 5 100 0.05
Task 20 400 0.05
Task 10 200 0.05
Task 10 200 0.05
GW 1.98625
Task 332 400 0.83
Task 41 200 0.205
Task 29 400 0.0725
Task 14 200 0.07
Task 11 200 0.055
Task 21 400 0.0525
Task 41 800 0.05125
Task 5 100 0.05
Task 20 400 0.05
Task 20 400 0.05
Task 40 800 0.05
Task 5 100 0.05
Task 5 100 0.05
Task 40 800 0.05
Task 10 200 0.05
Task 40 800 0.05
Task 40 800 0.05
Task 5 100 0.05
Task 20 400 0.05
Task 5 100 0.05
GW 0.3
Task 300 1000 0.3
-------------
083
-------------
GW 1.98125
Task 110 200 0.55
Task 44 100 0.44
Task 46 400 0.115
Task 14 200 0.07
Task 44 800 0.055
Task 10 200 0.05
Task 41 800 0.05125
Task 40 800 0.05
Task 40 800 0.05
Task 20 400 0.05
Task 20 400 0.05
Task 5 100 0.05
Task 20 400 0.05
Task 40 800 0.05
Task 10 200 0.05
Task 5 100 0.05
Task 40 800 0.05
Task 40 800 0.05
Task 10 200 0.05
Task 10 200 0.05
GW 1.9725
Task 135 200 0.675
Task 22 100 0.22
Task 88 800 0.11
Task 73 800 0.09125
Task 17 200 0.085
Task 7 100 0.07
Task 52 800 0.065
Task 43 800 0.05375
Task 21 400 0.0525
Task 20 400 0.05
Task 10 200 0.05
Task 40 800 0.05
Task 20 400 0.05
Task 10 200 0.05
Task 20 400 0.05
Task 5 100 0.05
Task 20 400 0.05
Task 10 200 0.05
Task 10 200 0.05
Task 5 100 0.05
GW 0.3
Task 300 1000 0.3
-------------
084
-------------
GW 1.9975
Task 176 200 0.88
Task 172 800 0.215
Task 42 800 0.0525
Task 20 400 0.05
Task 10 200 0.05
Task 40 800 0.05
Task 40 800 0.05
Task 5 100 0.05
Task 5 100 0.05
Task 40 800 0.05
Task 20 400 0.05
Task 5 100 0.05
Task 5 100 0.05
Task 20 400 0.05
Task 40 800 0.05
Task 10 200 0.05
Task 20 400 0.05
Task 10 200 0.05
Task 10 200 0.05
Task 40 800 0.05
GW 1.9825
Task 75 100 0.75
Task 154 800 0.1925
Task 128 800 0.16
Task 8 100 0.08
Task 10 200 0.05
Task 5 100 0.05
Task 5 100 0.05
Task 20 400 0.05
Task 40 800 0.05
Task 40 800 0.05
Task 10 200 0.05
Task 40 800 0.05
Task 40 800 0.05
Task 20 400 0.05
Task 5 100 0.05
Task 20 400 0.05
Task 20 400 0.05
Task 20 400 0.05
Task 5 100 0.05
Task 5 100 0.05
GW 0.3
Task 300 1000 0.3
-------------
085
-------------
GW 1.9825
Task 265 400 0.6625
Task 24 100 0.24
Task 54 400 0.135
Task 78 800 0.0975
Task 18 200 0.09
Task 23 400 0.0575
Task 10 200 0.05
Task 40 800 0.05
Task 40 800 0.05
Task 40 800 0.05
Task 5 100 0.05
Task 20 400 0.05
Task 5 100 0.05
Task 20 400 0.05
Task 40 800 0.05
Task 5 100 0.05
Task 20 400 0.05
Task 20 400 0.05
Task 10 200 0.05
Task 20 400 0.05
GW 1.9825
Task 202 400 0.505
Task 46 100 0.46
Task 51 400 0.1275
Task 34 400 0.085
Task 11 200 0.055
Task 40 800 0.05
Task 5 100 0.05
Task 10 200 0.05
Task 5 100 0.05
Task 10 200 0.05
Task 40 800 0.05
Task 5 100 0.05
Task 40 800 0.05
Task 10 200 0.05
Task 40 800 0.05
Task 40 800 0.05
Task 5 100 0.05
Task 10 200 0.05
Task 40 800 0.05
Task 40 800 0.05
GW 0.3
Task 300 1000 0.3
-------------
086
-------------
GW 1.9775
Task 64 100 0.64
Task 76 400 0.19
Task 64 400 0.16
Task 63 400 0.1575
Task 7 100 0.07
Task 24 400 0.06
Task 5 100 0.05
Task 10 200 0.05
Task 5 100 0.05
Task 5 100 0.05
Task 20 400 0.05
Task 40 800 0.05
Task 20 400 0.05
Task 40 800 0.05
Task 10 200 0.05
Task 5 100 0.05
Task 40 800 0.05
Task 5 100 0.05
Task 20 400 0.05
Task 40 800 0.05
GW 1.98125
Task 46 100 0.46
Task 84 200 0.42
Task 22 200 0.11
Task 82 800 0.1025
Task 76 800 0.095
Task 69 800 0.08625
Task 46 800 0.0575
Task 10 200 0.05
Task 5 100 0.05
Task 5 100 0.05
Task 20 400 0.05
Task 5 100 0.05
Task 10 200 0.05
Task 40 800 0.05
Task 40 800 0.05
Task 5 100 0.05
Task 5 100 0.05
Task 20 400 0.05
Task 20 400 0.05
Task 40 800 0.05
GW 0.3
Task 300 1000 0.3
-------------
087
-------------
GW 1.97625
Task 60 100 0.6
Task 48 200 0.24
Task 40 200 0.2
Task 66 800 0.0825
Task 57 800 0.07125
Task 13 200 0.065
Task 11 200 0.055
Task 45 800 0.05625
Task 21 400 0.0525
Task 21 400 0.0525
Task 20 400 0.05
Task 41 800 0.05125
Task 5 100 0.05
Task 10 200 0.05
Task 5 100 0.05
Task 5 100 0.05
Task 5 100 0.05
Task 40 800 0.05
Task 20 400 0.05
Task 10 200 0.05
GW 1.98625
Task 185 200 0.925
Task 15 100 0.15
Task 12 200 0.06
Task 5 100 0.05
Task 10 200 0.05
Task 41 800 0.05125
Task 20 400 0.05
Task 10 200 0.05
Task 10 200 0.05
Task 20 400 0.05
Task 5 100 0.05
Task 5 100 0.05
Task 40 800 0.05
Task 5 100 0.05
Task 20 400 0.05
Task 40 800 0.05
Task 40 800 0.05
Task 10 200 0.05
Task 40 800 0.05
Task 5 100 0.05
GW 0.3
Task 300 1000 0.3
-------------
088
-------------
GW 1.98
Task 366 800 0.4575
Task 208 800 0.26
Task 102 400 0.255
Task 26 200 0.13
Task 9 100 0.09
Task 53 800 0.06625
Task 12 200 0.06
Task 22 400 0.055
Task 21 400 0.0525
Task 43 800 0.05375
Task 10 200 0.05
Task 40 800 0.05
Task 40 800 0.05
Task 10 200 0.05
Task 40 800 0.05
Task 5 100 0.05
Task 40 800 0.05
Task 20 400 0.05
Task 20 400 0.05
Task 10 200 0.05
GW 1.9775
Task 151 200 0.755
Task 125 400 0.3125
Task 6 100 0.06
Task 5 100 0.05
Task 5 100 0.05
Task 10 200 0.05
Task 40 800 0.05
Task 40 800 0.05
Task 40 800 0.05
Task 20 400 0.05
Task 5 100 0.05
Task 20 400 0.05
Task 20 400 0.05
Task 40 800 0.05
Task 20 400 0.05
Task 10 200 0.05
Task 5 100 0.05
Task 20 400 0.05
Task 5 100 0.05
Task 5 100 0.05
GW 0.3
Task 300 1000 0.3
-------------
089
-------------
GW 1.9725
Task 199 400 0.4975
Task 32 100 0.32
Task 74 400 0.185
Task 27 200 0.135
Task 6 100 0.06
Task 25 400 0.0625
Task 12 200 0.06
Task 5 100 0.05
Task 21 400 0.0525
Task 20 400 0.05
Task 10 200 0.05
Task 20 400 0.05
Task 40 800 0.05
Task 20 400 0.05
Task 10 200 0.05
Task 10 200 0.05
Task 10 200 0.05
Task 40 800 0.05
Task 10 200 0.05
Task 20 400 0.05
GW 1.97375
Task 390 800 0.4875
Task 209 800 0.26125
Task 77 400 0.1925
Task 16 100 0.16
Task 88 800 0.11
Task 50 800 0.0625
Task 5 100 0.05
Task 5 100 0.05
Task 5 100 0.05
Task 40 800 0.05
Task 40 800 0.05
Task 5 100 0.05
Task 10 200 0.05
Task 10 200 0.05
Task 20 400 0.05
Task 10 200 0.05
Task 5 100 0.05
Task 5 100 0.05
Task 40 800 0.05
Task 40 800 0.05
GW 0.3
Task 300 1000 0.3
-------------
090
-------------
GW 1.97
Task 59 100 0.59
Task 44 200 0.22
Task 21 100 0.21
Task 11 100 0.11
Task 17 200 0.085
Task 44 800 0.055
Task 10 200 0.05
Task 5 100 0.05
Task 5 100 0.05
Task 10 200 0.05
Task 10 200 0.05
Task 10 200 0.05
Task 40 800 0.05
Task 20 400 0.05
Task 20 400 0.05
Task 5 100 0.05
Task 20 400 0.05
Task 20 400 0.05
Task 10 200 0.05
Task 5 100 0.05
GW 1.99375
Task 108 200 0.54
Task 354 800 0.4425
Task 109 800 0.13625
Task 56 800 0.07
Task 11 200 0.055
Task 5 100 0.05
Task 20 400 0.05
Task 20 400 0.05
Task 20 400 0.05
Task 10 200 0.05
Task 40 800 0.05
Task 5 100 0.05
Task 10 200 0.05
Task 5 100 0.05
Task 40 800 0.05
Task 10 200 0.05
Task 5 100 0.05
Task 20 400 0.05
Task 5 100 0.05
Task 10 200 0.05
GW 0.3
Task 300 1000 0.3
-------------
091
-------------
GW 1.99375
Task 237 400 0.5925
Task 251 800 0.31375
Task 125 800 0.15625
Task 67 800 0.08375
Task 13 200 0.065
Task 25 400 0.0625
Task 50 800 0.0625
Task 11 200 0.055
Task 42 800 0.0525
Task 10 200 0.05
Task 10 200 0.05
Task 40 800 0.05
Task 20 400 0.05
Task 20 400 0.05
Task 10 200 0.05
Task 10 200 0.05
Task 40 800 0.05
Task 40 800 0.05
Task 20 400 0.05
Task 40 800 0.05
GW 1.99625
Task 700 800 0.875
Task 62 400 0.155
Task 83 800 0.10375
Task 44 800 0.055
Task 44 800 0.055
Task 21 400 0.0525
Task 20 400 0.05
Task 40 800 0.05
Task 20 400 0.05
Task 40 800 0.05
Task 5 100 0.05
Task 20 400 0.05
Task 10 200 0.05
Task 20 400 0.05
Task 40 800 0.05
Task 40 800 0.05
Task 5 100 0.05
Task 40 800 0.05
Task 5 100 0.05
Task 20 400 0.05
GW 0.3
Task 300 1000 0.3
-------------
092
-------------
GW 1.98625
Task 42 100 0.42
Task 338 800 0.4225
Task 163 800 0.20375
Task 19 200 0.095
Task 29 400 0.0725
Task 53 800 0.06625
Task 45 800 0.05625
Task 10 200 0.05
Task 40 800 0.05
Task 20 400 0.05
Task 10 200 0.05
Task 20 400 0.05
Task 10 200 0.05
Task 40 800 0.05
Task 40 800 0.05
Task 20 400 0.05
Task 40 800 0.05
Task 10 200 0.05
Task 20 400 0.05
Task 40 800 0.05
GW 1.9825
Task 517 800 0.64625
Task 29 100 0.29
Task 14 100 0.14
Task 32 400 0.08
Task 53 800 0.06625
Task 24 400 0.06
Task 5 100 0.05
Task 5 100 0.05
Task 5 100 0.05
Task 40 800 0.05
Task 10 200 0.05
Task 40 800 0.05
Task 5 100 0.05
Task 20 400 0.05
Task 20 400 0.05
Task 10 200 0.05
Task 10 200 0.05
Task 20 400 0.05
Task 20 400 0.05
Task 40 800 0.05
GW 0.3
Task 300 1000 0.3
-------------
093
-------------
GW 1.99625
Task 160 200 0.8
Task 184 800 0.23
Task 70 800 0.0875
Task 63 800 0.07875
Task 20 400 0.05
Task 20 400 0.05
Task 40 800 0.05
Task 40 800 0.05
Task 40 800 0.05
Task 40 800 0.05
Task 10 200 0.05
Task 40 800 0.05
Task 5 100 0.05
Task 10 200 0.05
Task 5 100 0.05
Task 10 200 0.05
Task 40 800 0.05
Task 5 100 0.05
Task 10 200 0.05
Task 5 100 0.05
GW 1.98
Task 137 200 0.685
Task 20 100 0.2
Task 125 800 0.15625
Task 9 100 0.09
Task 53 800 0.06625
Task 12 200 0.06
Task 51 800 0.06375
Task 44 800 0.055
Task 43 800 0.05375
Task 5 100 0.05
Task 5 100 0.05
Task 10 200 0.05
Task 40 800 0.05
Task 10 200 0.05
Task 40 800 0.05
Task 5 100 0.05
Task 20 400 0.05
Task 20 400 0.05
Task 20 400 0.05
Task 20 400 0.05
GW 0.3
Task 300 1000 0.3
-------------
094
-------------
GW 1.9925
Task 593 800 0.74125
Task 233 800 0.29125
Task 11 100 0.11
Task 40 800 0.05
Task 10 200 0.05
Task 40 800 0.05
Task 10 200 0.05
Task 10 200 0.05
Task 20 400 0.05
Task 5 100 0.05
Task 5 100 0.05
Task 5 100 0.05
Task 40 800 0.05
Task 10 200 0.05
Task 5 100 0.05
Task 10 200 0.05
Task 5 100 0.05
Task 20 400 0.05
Task 40 800 0.05
Task 20 400 0.05
GW 1.9925
Task 163 200 0.815
Task 50 200 0.25
Task 62 800 0.0775
Task 20 400 0.05
Task 20 400 0.05
Task 5 100 0.05
Task 40 800 0.05
Task 40 800 0.05
Task 40 800 0.05
Task 10 200 0.05
Task 10 200 0.05
Task 10 200 0.05
Task 40 800 0.05
Task 40 800 0.05
Task 40 800 0.05
Task 40 800 0.05
Task 10 200 0.05
Task 10 200 0.05
Task 5 100 0.05
Task 5 100 0.05
GW 0.3
Task 300 1000 0.3
-------------
095
-------------
GW 1.99
Task 679 800 0.84875
Task 92 400 0.23
Task 6 100 0.06
Task 10 200 0.05
Task 41 800 0.05125
Task 40 800 0.05
Task 10 200 0.05
Task 5 100 0.05
Task 10 200 0.05
Task 10 200 0.05
Task 40 800 0.05
Task 20 400 0.05
Task 40 800 0.05
Task 40 800 0.05
Task 10 200 0.05
Task 5 100 0.05
Task 40 800 0.05
Task 10 200 0.05
Task 40 800 0.05
Task 20 400 0.05
GW 1.97125
Task 54 100 0.54
Task 299 800 0.37375
Task 93 800 0.11625
Task 38 400 0.095
Task 69 800 0.08625
Task 6 100 0.06
Task 10 200 0.05
Task 10 200 0.05
Task 20 400 0.05
Task 40 800 0.05
Task 5 100 0.05
Task 5 100 0.05
Task 20 400 0.05
Task 10 200 0.05
Task 10 200 0.05
Task 5 100 0.05
Task 20 400 0.05
Task 20 400 0.05
Task 10 200 0.05
Task 20 400 0.05
GW 0.3
Task 300 1000 0.3
-------------
096
-------------
GW 1.98125
Task 474 800 0.5925
Task 233 800 0.29125
Task 17 100 0.17
Task 80 800 0.1
Task 58 800 0.0725
Task 22 400 0.055
Task 5 100 0.05
Task 5 100 0.05
Task 10 200 0.05
Task 10 200 0.05
Task 10 200 0.05
Task 40 800 0.05
Task 20 400 0.05
Task 5 100 0.05
Task 40 800 0.05
Task 5 100 0.05
Task 40 800 0.05
Task 20 400 0.05
Task 10 200 0.05
Task 40 800 0.05
GW 1.97
Task 35 100 0.35
Task 88 400 0.22
Task 77 400 0.1925
Task 33 200 0.165
Task 126 800 0.1575
Task 26 200 0.13
Task 19 200 0.095
Task 6 100 0.06
Task 5 100 0.05
Task 5 100 0.05
Task 20 400 0.05
Task 20 400 0.05
Task 20 400 0.05
Task 5 100 0.05
Task 5 100 0.05
Task 20 400 0.05
Task 40 800 0.05
Task 20 400 0.05
Task 20 400 0.05
Task 10 200 0.05
GW 0.3
Task 300 1000 0.3
-------------
097
-------------
GW 1.97625
Task 558 800 0.6975
Task 56 400 0.14
Task 12 100 0.12
Task 75 800 0.09375
Task 74 800 0.0925
Task 16 200 0.08
Task 7 100 0.07
Task 51 800 0.06375
Task 5 100 0.05
Task 46 800 0.0575
Task 11 200 0.055
Task 45 800 0.05625
Task 40 800 0.05
Task 40 800 0.05
Task 20 400 0.05
Task 10 200 0.05
Task 40 800 0.05
Task 5 100 0.05
Task 20 400 0.05
Task 10 200 0.05
GW 1.99
Task 413 800 0.51625
Task 316 800 0.395
Task 46 400 0.115
Task 75 800 0.09375
Task 31 400 0.0775
Task 14 200 0.07
Task 58 800 0.0725
Task 5 100 0.05
Task 10 200 0.05
Task 40 800 0.05
Task 20 400 0.05
Task 10 200 0.05
Task 20 400 0.05
Task 40 800 0.05
Task 20 400 0.05
Task 20 400 0.05
Task 20 400 0.05
Task 5 100 0.05
Task 5 100 0.05
Task 40 800 0.05
GW 0.3
Task 300 1000 0.3
-------------
098
-------------
GW 1.98625
Task 194 400 0.485
Task 46 100 0.46
Task 66 400 0.165
Task 15 200 0.075
Task 41 800 0.05125
Task 20 400 0.05
Task 5 100 0.05
Task 10 200 0.05
Task 10 200 0.05
Task 5 100 0.05
Task 40 800 0.05
Task 40 800 0.05
Task 10 200 0.05
Task 5 100 0.05
Task 20 400 0.05
Task 5 100 0.05
Task 5 100 0.05
Task 20 400 0.05
Task 5 100 0.05
Task 5 100 0.05
GW 1.955
Task 119 200 0.595
Task 30 100 0.3
Task 32 200 0.16
Task 9 100 0.09
Task 6 100 0.06
Task 5 100 0.05
Task 5 100 0.05
Task 20 400 0.05
Task 5 100 0.05
Task 40 800 0.05
Task 20 400 0.05
Task 20 400 0.05
Task 10 200 0.05
Task 10 200 0.05
Task 20 400 0.05
Task 5 100 0.05
Task 40 800 0.05
Task 40 800 0.05
Task 5 100 0.05
Task 20 400 0.05
GW 0.3
Task 300 1000 0.3
-------------
099
-------------
GW 1.98375
Task 539 800 0.67375
Task 35 100 0.35
Task 20 200 0.1
Task 6 100 0.06
Task 5 100 0.05
Task 5 100 0.05
Task 40 800 0.05
Task 5 100 0.05
Task 10 200 0.05
Task 5 100 0.05
Task 40 800 0.05
Task 20 400 0.05
Task 10 200 0.05
Task 40 800 0.05
Task 20 400 0.05
Task 20 400 0.05
Task 40 800 0.05
Task 5 100 0.05
Task 5 100 0.05
Task 40 800 0.05
GW 1.9825
Task 95 200 0.475
Task 48 200 0.24
Task 89 400 0.2225
Task 40 200 0.2
Task 15 200 0.075
Task 56 800 0.07
Task 10 200 0.05
Task 20 400 0.05
Task 5 100 0.05
Task 10 200 0.05
Task 40 800 0.05
Task 20 400 0.05
Task 5 100 0.05
Task 10 200 0.05
Task 10 200 0.05
Task 10 200 0.05
Task 10 200 0.05
Task 5 100 0.05
Task 40 800 0.05
Task 5 100 0.05
GW 0.3
Task 300 1000 0.3
-------------
100
-------------
